1000 1.36239 0.0103789 3604.43 0 0 3605.44 3604.43 
1200 1.31662 0.0143822 2198.68 0 0 2200.04 2198.68 
1400 1.27098 0.018828 1440.57 0 0 1441.93 1440.57 
1600 1.22159 0.0235472 993.505 0 0 994.863 993.714 
1800 1.16924 0.0284241 712.639 0 0 713.857 712.824 
2000 1.11565 0.0333971 526.799 0 0 528.068 526.799 
2200 1.0623 0.0383797 400.341 0 0 401.413 400.374 
2400 1.00993 0.0433207 311.107 0 0 312.146 311.139 
2600 0.959173 0.0481576 246.306 0 0 247.304 246.353 
2800 0.910167 0.0529119 198.112 0 0 199.076 198.186 
3000 0.863489 0.0574818 161.563 0 0 162.484 161.604 
3200 0.818775 0.0618885 133.425 0 0 134.297 133.494 
3400 0.776659 0.0661419 124.205 0 0 125.039 124.256 
3600 0.736944 0.0701833 105.119 0 0 105.936 105.201 
3800 0.699922 0.0740338 89.7533 0 0 90.5369 89.8357 
4000 0.664818 0.0777021 77.1696 0 0 77.9132 77.252 
4200 0.632187 0.0811703 66.8301 0 0 67.5566 66.9128 
4400 0.601721 0.0844632 58.2082 0 0 58.8998 58.2925 
4600 0.573019 0.0875787 50.9528 0 0 51.6117 51.0384 
4800 0.546628 0.0905144 44.859 0 0 45.4935 44.9499 
5000 0.521847 0.0933116 39.6798 0 0 40.2969 39.7687 
5200 0.498903 0.0959369 35.2841 0 0 35.8768 35.3765 
5400 0.477224 0.0984458 31.483 0 0 32.061 31.5831 
5600 0.457118 0.100795 28.213 0 0 28.7712 28.3136 
5800 0.438391 0.103032 25.3761 0 0 25.9205 25.4812 
6000 0.420784 0.105143 22.8933 0 0 23.4177 22.998 
6200 0.40443 0.107135 20.7373 0 0 21.2506 20.8459 
6400 0.389004 0.109059 18.8208 0 0 19.3206 18.9305 
6600 0.374525 0.110845 17.1452 0 0 17.6316 17.2578 
6800 0.36096 0.112572 15.6489 0 0 16.1206 15.7591 
7000 0.348209 0.114191 14.3264 0 0 14.792 14.4419 
7200 0.336232 0.115754 13.1371 0 0 13.5896 13.2541 
7400 0.324888 0.117221 12.0879 0 0 12.53 12.2042 
7600 0.314205 0.118652 11.134 0 0 11.5666 11.253 
7800 0.3042 0.119967 10.2847 0 0 10.7091 10.4038 
8000 0.294624 0.121269 9.50878 0 0 9.92461 9.63117 
8200 0.285655 0.122487 8.81751 0 0 9.22515 8.93995 
8400 0.277096 0.123697 8.18495 0 0 8.5829 8.30802 
8600 0.269011 0.124819 7.61227 0 0 8.0073 7.73618 
8800 0.261345 0.125893 7.09042 0 0 7.47948 7.21716 
9000 0.254049 0.126942 6.61541 0 0 6.99716 6.74328 
9200 0.247101 0.127942 6.18046 0 0 6.55491 6.30812 
9400 0.24047 0.128918 5.78187 0 0 6.15133 5.91073 
9600 0.234126 0.129876 5.41539 0 0 5.77989 5.5452 
9800 0.228089 0.130773 5.07872 0 0 5.43762 5.20922 
10000 0.222333 0.131646 4.76928 0 0 5.12377 4.90046 
10200 0.21696 0.132483 4.49082 0 0 4.84012 4.62265 
10400 0.211444 0.13335 4.21615 0 0 4.56059 4.34888 
10600 0.20655 0.134108 3.98 0 0 4.32045 4.114 
10800 0.201754 0.134889 3.75759 0 0 4.09424 3.89304 
11000 0.197087 0.135641 3.54823 0 0 3.88029 3.68325 
11200 0.192506 0.136391 3.34942 0 0 3.67805 3.48586 
11400 0.18819 0.137105 3.16911 0 0 3.49421 3.3061 
11600 0.18414 0.137775 3.00476 0 0 3.32673 3.14254 
11800 0.18011 0.138457 2.84634 0 0 3.16502 2.98495 
12000 0.176243 0.139118 2.6997 0 0 3.01512 2.83903 
12200 0.172559 0.139746 2.56449 0 0 2.87689 2.70443 
12400 0.168891 0.140376 2.4337 0 0 2.74313 2.5741 
12600 0.165518 0.14094 2.31787 0 0 2.6244 2.45893 
12800 0.162114 0.141543 2.20423 0 0 2.50806 2.34574 
13000 0.15884 0.142138 2.09844 0 0 2.39935 2.24048 
13200 0.155708 0.142703 2.00023 0 0 2.29849 2.14277 
13400 0.152692 0.143238 1.90813 0 0 2.20407 2.05109 
13600 0.149742 0.143766 1.82059 0 0 2.11382 1.96419 
13800 0.146918 0.144284 1.74002 0 0 2.03107 1.88423 
14000 0.144152 0.144784 1.66299 0 0 1.9519 1.80784 
14200 0.14144 0.14527 1.58931 0 0 1.87607 1.73478 
14400 0.138849 0.145761 1.52167 0 0 1.80633 1.66743 
14600 0.136304 0.146234 1.45685 0 0 1.73938 1.60295 
14800 0.133814 0.146694 1.39481 0 0 1.67525 1.54134 
15000 0.1314 0.147142 1.33619 0 0 1.61468 1.48327 
15200 0.12908 0.147584 1.28215 0 0 1.55883 1.42954 
15400 0.126788 0.148013 1.22979 0 0 1.50456 1.37767 
15600 0.124585 0.148422 1.18003 0 0 1.45307 1.32859 
15800 0.122482 0.148838 1.13455 0 0 1.40594 1.28345 
16000 0.120398 0.149244 1.09041 0 0 1.36008 1.23964 
16200 0.118335 0.149634 1.04792 0 0 1.31578 1.1975 
16400 0.116305 0.150028 1.00745 0 0 1.27376 1.15743 
16600 0.114331 0.150413 0.968793 0 0 1.23356 1.11912 
16800 0.112477 0.150774 0.933506 0 0 1.19667 1.0841 
17000 0.110645 0.151125 0.899432 0 0 1.16122 1.05044 
17200 0.108826 0.151471 0.866012 0 0 1.12656 1.01752 
17400 0.107061 0.151832 0.834683 0 0 1.09375 0.986491 
17600 0.105334 0.152181 0.80456 0 0 1.06218 0.956716 
17800 0.103681 0.152507 0.776675 0 0 1.03296 0.929263 
18000 0.102056 0.152816 0.749894 0 0 1.00483 0.902833 
18200 0.100451 0.153114 0.723849 0 0 0.977444 0.877085 
18400 0.0988673 0.153431 0.699043 0 0 0.951294 0.852523 
18600 0.0973012 0.153749 0.674713 0 0 0.925651 0.828433 
18800 0.0958573 0.15403 0.652707 0 0 0.902597 0.806707 
19000 0.0944148 0.154311 0.631059 0 0 0.879858 0.785336 
19200 0.0929766 0.154593 0.610487 0 0 0.858067 0.765028 
19400 0.0915575 0.154865 0.590392 0 0 0.836792 0.745221 
19600 0.090167 0.155124 0.571016 0 0 0.816291 0.726166 
19800 0.0888277 0.155381 0.552702 0 0 0.796896 0.708096 
20000 0.0875302 0.155636 0.535257 0 0 0.778407 0.690833 
20200 0.0862565 0.155876 0.518752 0 0 0.760908 0.674709 
20400 0.0849861 0.156121 0.502485 0 0 0.743574 0.658737 
20600 0.0837537 0.15636 0.487102 0 0 0.727186 0.643612 
20800 0.082542 0.156595 0.472195 0 0 0.711308 0.628943 
21000 0.0813761 0.156816 0.45808 0 0 0.696255 0.614956 
21200 0.080235 0.157029 0.444392 0 0 0.681646 0.601335 
21400 0.0791133 0.157239 0.431372 0 0 0.66767 0.588489 
21600 0.0780044 0.157447 0.418799 0 0 0.654115 0.576158 
21800 0.0769161 0.157647 0.406598 0 0 0.641018 0.56415 
22000 0.0758483 0.15784 0.394769 0 0 0.628378 0.552465 
22200 0.0747985 0.158029 0.383318 0 0 0.616104 0.541211 
22400 0.0737757 0.158213 0.372431 0 0 0.60438 0.530601 
22600 0.0727608 0.158395 0.361773 0 0 0.592912 0.520195 
22800 0.07177 0.158571 0.351801 0 0 0.582211 0.510395 
23000 0.070782 0.158746 0.341869 0 0 0.571548 0.500635 
23200 0.0698477 0.158922 0.33269 0 0 0.561632 0.49163 
23400 0.0689134 0.159097 0.323511 0 0 0.551715 0.482624 
23600 0.0680133 0.159256 0.31493 0 0 0.54237 0.474197 
23800 0.0671219 0.159409 0.306499 0 0 0.533166 0.465914 
24000 0.066251 0.159555 0.298403 0 0 0.524317 0.457959 
24200 0.0654005 0.159691 0.290642 0 0 0.51582 0.450331 
24400 0.0645576 0.159829 0.282972 0 0 0.507419 0.442798 
24600 0.0637572 0.159972 0.275814 0 0 0.499557 0.435807 
24800 0.0629568 0.160116 0.268656 0 0 0.491695 0.428816 
25000 0.0621592 0.160249 0.261824 0 0 0.484191 0.422101 
25200 0.0613624 0.160379 0.255103 0 0 0.476806 0.415477 
25400 0.0605843 0.160502 0.248615 0 0 0.469676 0.409095 
25600 0.059841 0.16061 0.242561 0 0 0.463017 0.403161 
25800 0.0590976 0.160718 0.236508 0 0 0.456359 0.397228 
26000 0.0583689 0.160837 0.230745 0 0 0.449989 0.391579 
26200 0.0576428 0.160958 0.225033 0 0 0.44367 0.38598 
26400 0.0569367 0.161069 0.219515 0 0 0.437549 0.380571 
26600 0.0562676 0.16116 0.214358 0 0 0.431794 0.375515 
26800 0.0555985 0.161252 0.2092 0 0 0.42604 0.370459 
27000 0.054935 0.16135 0.204281 0 0 0.420566 0.365645 
27200 0.0542733 0.16145 0.199442 0 0 0.415186 0.360912 
27400 0.0536178 0.161549 0.194671 0 0 0.409872 0.356245 
27600 0.0529966 0.161633 0.190283 0 0 0.404938 0.351949 
27800 0.0523755 0.161718 0.185895 0 0 0.400003 0.347654 
28000 0.051763 0.161801 0.181631 0 0 0.395196 0.343471 
28200 0.051161 0.161882 0.177518 0 0 0.390545 0.339425 
28400 0.0505591 0.161964 0.173405 0 0 0.385895 0.33538 
28600 0.0499825 0.162037 0.169569 0 0 0.38158 0.331618 
28800 0.0494143 0.162106 0.165826 0 0 0.377377 0.327952 
29000 0.0488461 0.162176 0.162083 0 0 0.373174 0.324285 
29200 0.0483156 0.162239 0.158633 0 0 0.369234 0.320889 
29400 0.047787 0.162302 0.155198 0 0 0.365308 0.317506 
29600 0.047258 0.162364 0.151779 0 0 0.361401 0.314142 
29800 0.0467261 0.162429 0.148511 0 0 0.357663 0.310937 
30000 0.0461941 0.162493 0.145243 0 0 0.353925 0.307731 
30200 0.0456765 0.162548 0.142127 0 0 0.350345 0.304686 
30400 0.0451859 0.162597 0.139183 0 0 0.346968 0.301783 
30600 0.0446954 0.162647 0.136238 0 0 0.343591 0.29888 
30800 0.04421 0.162695 0.133361 0 0 0.340281 0.296045 
31000 0.0437369 0.16274 0.130642 0 0 0.337125 0.29337 
31200 0.0432638 0.162786 0.127923 0 0 0.33397 0.290695 
31400 0.0428001 0.162827 0.125279 0 0 0.330899 0.288094 
31600 0.0423581 0.162861 0.122809 0 0 0.328027 0.285666 
31800 0.0419161 0.162894 0.120339 0 0 0.325155 0.283237 
32000 0.0414767 0.16293 0.1179 0 0 0.322315 0.280836 
32200 0.0410472 0.162974 0.11558 0 0 0.319603 0.278546 
32400 0.0406177 0.163018 0.113261 0 0 0.316891 0.276256 
32600 0.0401907 0.163059 0.110961 0 0 0.314201 0.273986 
32800 0.0397861 0.163078 0.108842 0 0 0.311707 0.271895 
33000 0.0393814 0.163098 0.106722 0 0 0.309214 0.269804 
33200 0.0389767 0.163117 0.104603 0 0 0.30672 0.267713 
33400 0.0385868 0.163145 0.102631 0 0 0.304383 0.265769 
33600 0.0381984 0.163175 0.100676 0 0 0.302064 0.263842 
33800 0.0378101 0.163204 0.0987213 0 0 0.299745 0.261916 
34000 0.0374334 0.163224 0.0968625 0 0 0.297526 0.26008 
34200 0.037063 0.16324 0.0950555 0 0 0.295361 0.258294 
34400 0.0366926 0.163256 0.0932484 0 0 0.293197 0.256508 
34600 0.0363297 0.163269 0.0914949 0 0 0.291093 0.254773 
34800 0.0359807 0.163275 0.089841 0 0 0.289102 0.253133 
35000 0.0356318 0.163281 0.0881871 0 0 0.28711 0.251492 
35200 0.0352829 0.163287 0.0865332 0 0 0.285119 0.249852 
35400 0.0349422 0.16329 0.084985 0 0 0.283233 0.248301 
35600 0.034602 0.163294 0.0834425 0 0 0.281353 0.246754 
35800 0.0342618 0.163297 0.0818999 0 0 0.279473 0.245207 
36000 0.0339363 0.163301 0.0804365 0 0 0.277687 0.243743 
36200 0.0336228 0.163304 0.0790378 0 0 0.275978 0.242345 
36400 0.0333093 0.163307 0.0776391 0 0 0.274269 0.240948 
36600 0.0329958 0.16331 0.0762403 0 0 0.272561 0.239551 
36800 0.0326901 0.163313 0.0749356 0 0 0.270944 0.238237 
37000 0.0323845 0.163316 0.0736308 0 0 0.269327 0.236924 
37200 0.0320788 0.16332 0.0723261 0 0 0.267709 0.235611 
37400 0.0317812 0.163318 0.0710688 0 0 0.26615 0.23435 
37600 0.0314935 0.163309 0.0698694 0 0 0.26466 0.233153 
37800 0.0312058 0.163301 0.06867 0 0 0.26317 0.231957 
38000 0.0309181 0.163293 0.0674706 0 0 0.26168 0.23076 
38200 0.0306429 0.163283 0.0663528 0 0 0.260278 0.229635 
38400 0.0303708 0.163272 0.0652555 0 0 0.258898 0.228527 
38600 0.0300988 0.163262 0.0641582 0 0 0.257518 0.227419 
38800 0.0298271 0.163251 0.0630644 0 0 0.256142 0.226315 
39000 0.0295634 0.163234 0.0620378 0 0 0.254835 0.225273 
39200 0.0292998 0.163218 0.0610113 0 0 0.253529 0.224231 
39400 0.0290361 0.163201 0.0599848 0 0 0.252222 0.22319 
39600 0.028777 0.163184 0.0589833 0 0 0.250947 0.222173 
39800 0.0285288 0.163166 0.0580402 0 0 0.249743 0.221214 
40000 0.0282806 0.163149 0.0570971 0 0 0.248539 0.220256 
40200 0.0280379 0.163124 0.0561892 0 0 0.24736 0.219315 
40400 0.0277983 0.163101 0.0553 0 0 0.246207 0.218398 
40600 0.0275632 0.163083 0.0544387 0 0 0.245091 0.217517 
40800 0.0273281 0.163065 0.0535773 0 0 0.243976 0.216635 
41000 0.0270931 0.163047 0.052716 0 0 0.24286 0.215753 
41200 0.0268627 0.163024 0.0518839 0 0 0.241776 0.214899 
41400 0.0266379 0.162995 0.0510877 0 0 0.24073 0.214079 
41600 0.0264132 0.162967 0.0502915 0 0 0.239684 0.213258 
41800 0.0261884 0.162939 0.0494953 0 0 0.238638 0.212438 
42000 0.0259691 0.162911 0.0487281 0 0 0.237624 0.211645 
42200 0.0257563 0.162883 0.0479963 0 0 0.236651 0.210886 
42400 0.0255435 0.162855 0.0472645 0 0 0.235677 0.210127 
42600 0.0253307 0.162828 0.0465327 0 0 0.234703 0.209368 
42800 0.0251213 0.162799 0.0458189 0 0 0.233749 0.208625 
43000 0.0249179 0.16277 0.0451385 0 0 0.232831 0.207913 
43200 0.0247146 0.16274 0.044458 0 0 0.231914 0.207201 
43400 0.0245112 0.162711 0.0437776 0 0 0.230997 0.206488 
43600 0.0243104 0.16268 0.0431105 0 0 0.230095 0.205789 
43800 0.0241199 0.162644 0.0424964 0 0 0.229253 0.205142 
44000 0.0239293 0.162608 0.0418824 0 0 0.228411 0.204495 
44200 0.0237387 0.162572 0.0412684 0 0 0.22757 0.203848 
44400 0.0235481 0.162536 0.0406544 0 0 0.226728 0.203201 
44600 0.023363 0.162498 0.0400736 0 0 0.22593 0.202582 
44800 0.0231786 0.16246 0.0394966 0 0 0.225136 0.201966 
45000 0.0229941 0.162421 0.0389196 0 0 0.224343 0.201351 
45200 0.0228097 0.162383 0.0383425 0 0 0.22355 0.200735 
45400 0.0226327 0.162346 0.0377966 0 0 0.222787 0.20015 
45600 0.0224607 0.162309 0.0372714 0 0 0.222044 0.199584 
45800 0.0222886 0.162272 0.0367461 0 0 0.221302 0.199019 
46000 0.0221166 0.162235 0.0362209 0 0 0.220559 0.198453 
46200 0.0219456 0.162197 0.0357014 0 0 0.219825 0.197893 
46400 0.0217801 0.162154 0.0352143 0 0 0.219136 0.197362 
46600 0.0216146 0.16211 0.0347272 0 0 0.218447 0.196831 
46800 0.0214491 0.162066 0.0342401 0 0 0.217759 0.1963 
47000 0.0212836 0.162023 0.0337531 0 0 0.21707 0.195769 
47200 0.021124 0.161978 0.0332923 0 0 0.216409 0.195268 
47400 0.0209678 0.161934 0.0328456 0 0 0.215763 0.194784 
47600 0.0208115 0.161889 0.032399 0 0 0.215116 0.1943 
47800 0.0206552 0.161844 0.0319523 0 0 0.21447 0.193815 
48000 0.0204993 0.161799 0.0315074 0 0 0.213826 0.193332 
48200 0.0203508 0.161756 0.0310956 0 0 0.213223 0.192869 
48400 0.0202022 0.161712 0.0306838 0 0 0.21262 0.192406 
48600 0.0200537 0.161668 0.030272 0 0 0.212017 0.191943 
48800 0.0199052 0.161624 0.0298602 0 0 0.211414 0.19148 
49000 0.0197593 0.161581 0.0294602 0 0 0.210823 0.191032 
49200 0.0196186 0.161538 0.0290822 0 0 0.210257 0.190611 
49400 0.0194778 0.161495 0.0287041 0 0 0.20969 0.19019 
49600 0.019337 0.161452 0.0283261 0 0 0.209123 0.18977 
49800 0.0191963 0.161409 0.027948 0 0 0.208556 0.189349 
50000 0.0190574 0.161349 0.027577 0 0 0.207979 0.188924 
50200 0.0189232 0.161301 0.0272276 0 0 0.207449 0.188526 
50400 0.018789 0.161253 0.0268782 0 0 0.206918 0.188129 
50600 0.0186548 0.161205 0.0265288 0 0 0.206387 0.187731 
50800 0.0185206 0.161157 0.0261795 0 0 0.205857 0.187333 
51000 0.0183916 0.161108 0.0258508 0 0 0.20535 0.186953 
51200 0.0182649 0.161058 0.0255311 0 0 0.204853 0.18658 
51400 0.0181382 0.161009 0.0252113 0 0 0.204357 0.186207 
51600 0.0180115 0.160959 0.0248916 0 0 0.20386 0.185833 
51800 0.0178848 0.16091 0.0245718 0 0 0.203364 0.18546 
52000 0.0177621 0.160855 0.0242678 0 0 0.202883 0.185105 
52200 0.017641 0.160798 0.0239706 0 0 0.202409 0.184758 
52400 0.01752 0.160741 0.0236734 0 0 0.201936 0.184411 
52600 0.017399 0.160683 0.0233761 0 0 0.201462 0.184064 
52800 0.017278 0.160626 0.0230789 0 0 0.200988 0.183717 
53000 0.0171617 0.160575 0.0227985 0 0 0.20054 0.183386 
53200 0.017048 0.160528 0.0225272 0 0 0.200106 0.183064 
53400 0.0169343 0.16048 0.0222559 0 0 0.199672 0.182742 
53600 0.0168206 0.160432 0.0219846 0 0 0.199238 0.182419 
53800 0.0167069 0.160385 0.0217133 0 0 0.198804 0.182097 
54000 0.0165952 0.160333 0.0214506 0 0 0.198375 0.181782 
54200 0.016486 0.160276 0.0211987 0 0 0.197953 0.181474 
54400 0.0163768 0.160219 0.0209467 0 0 0.197532 0.181166 
54600 0.0162676 0.160163 0.0206947 0 0 0.19711 0.180858 
54800 0.0161584 0.160106 0.0204428 0 0 0.196688 0.18055 
55000 0.0160503 0.16005 0.0201947 0 0 0.196273 0.180246 
55200 0.0159466 0.159996 0.0199623 0 0 0.195886 0.179958 
55400 0.0158428 0.159942 0.0197299 0 0 0.195499 0.179669 
55600 0.0157391 0.159888 0.0194974 0 0 0.195112 0.179381 
55800 0.0156354 0.159834 0.019265 0 0 0.194725 0.179093 
56000 0.0155316 0.15978 0.0190326 0 0 0.194338 0.178805 
56200 0.0154334 0.15972 0.0188174 0 0 0.193966 0.178532 
56400 0.0153361 0.15966 0.0186052 0 0 0.193597 0.178263 
56600 0.0152388 0.1596 0.0183931 0 0 0.193228 0.177994 
56800 0.0151415 0.15954 0.018181 0 0 0.192859 0.177724 
57000 0.0150442 0.15948 0.0179688 0 0 0.19249 0.177455 
57200 0.0149483 0.15942 0.0177624 0 0 0.192129 0.177191 
57400 0.0148553 0.159361 0.0175667 0 0 0.191783 0.176939 
57600 0.0147622 0.159302 0.017371 0 0 0.191437 0.176687 
57800 0.0146691 0.159243 0.0171752 0 0 0.191091 0.176435 
58000 0.014576 0.159184 0.0169795 0 0 0.190745 0.176183 
58200 0.0144829 0.159125 0.0167838 0 0 0.190398 0.175931 
58400 0.0143934 0.159066 0.0165995 0 0 0.190066 0.175686 
58600 0.0143051 0.159008 0.0164191 0 0 0.189739 0.175443 
58800 0.0142168 0.15895 0.0162386 0 0 0.189412 0.1752 
59000 0.0141286 0.158892 0.0160582 0 0 0.189084 0.174957 
59200 0.0140403 0.158834 0.0158778 0 0 0.188757 0.174714 
59400 0.0139522 0.158776 0.0156979 0 0 0.18843 0.174472 
59600 0.0138674 0.158719 0.0155277 0 0 0.188116 0.174245 
59800 0.0137826 0.158662 0.0153575 0 0 0.187801 0.174018 
60000 0.0136977 0.158605 0.0151873 0 0 0.187487 0.173792 
60200 0.0136157 0.158544 0.015026 0 0 0.187181 0.17357 
60400 0.0135336 0.158484 0.0148647 0 0 0.186875 0.173349 
60600 0.0134521 0.158425 0.0147053 0 0 0.186572 0.17313 
60800 0.0133724 0.158367 0.0145516 0 0 0.186277 0.172914 
61000 0.0132927 0.158309 0.0143978 0 0 0.185983 0.172699 
61200 0.0132129 0.158252 0.014244 0 0 0.185689 0.172484 
61400 0.0131332 0.158194 0.0140902 0 0 0.185394 0.172269 
61600 0.0130535 0.158136 0.0139364 0 0 0.1851 0.172054 
61800 0.0129755 0.158077 0.0137873 0 0 0.184813 0.171845 
62000 0.0129007 0.158014 0.0136466 0 0 0.184542 0.171645 
62200 0.0128259 0.157951 0.0135059 0 0 0.18427 0.171446 
62400 0.0127512 0.157888 0.0133652 0 0 0.183999 0.171246 
62600 0.0126764 0.157825 0.0132245 0 0 0.183727 0.171046 
62800 0.0126016 0.157762 0.0130838 0 0 0.183455 0.170847 
63000 0.0125277 0.1577 0.0129464 0 0 0.183186 0.170649 
63200 0.0124561 0.157639 0.0128165 0 0 0.182922 0.170454 
63400 0.0123844 0.157578 0.0126867 0 0 0.182659 0.170259 
63600 0.0123127 0.157518 0.0125569 0 0 0.182395 0.170065 
63800 0.012241 0.157457 0.012427 0 0 0.182131 0.16987 
64000 0.0121694 0.157396 0.0122972 0 0 0.181867 0.169675 
64200 0.0120983 0.157336 0.0121689 0 0 0.181605 0.169482 
64400 0.0120303 0.157275 0.0120491 0 0 0.181356 0.169301 
64600 0.0119624 0.157213 0.0119292 0 0 0.181106 0.169119 
64800 0.0118944 0.157152 0.0118094 0 0 0.180856 0.168937 
65000 0.0118265 0.157091 0.0116896 0 0 0.180606 0.168755 
65200 0.0117586 0.15703 0.0115698 0 0 0.180356 0.168574 
65400 0.0116906 0.156969 0.01145 0 0 0.180107 0.168392 
65600 0.0116262 0.156904 0.0113396 0 0 0.179866 0.168221 
65800 0.0115621 0.156838 0.0112302 0 0 0.179626 0.168052 
66000 0.0114981 0.156771 0.0111209 0 0 0.179387 0.167883 
66200 0.011434 0.156705 0.0110115 0 0 0.179147 0.167714 
66400 0.01137 0.156639 0.0109021 0 0 0.178907 0.167545 
66600 0.0113059 0.156573 0.0107928 0 0 0.178668 0.167375 
66800 0.0112435 0.156511 0.0106876 0 0 0.178437 0.167209 
67000 0.0111826 0.156453 0.0105867 0 0 0.178216 0.167046 
67200 0.0111217 0.156394 0.0104857 0 0 0.177994 0.166884 
67400 0.0110609 0.156336 0.0103848 0 0 0.177773 0.166721 
67600 0.011 0.156278 0.0102838 0 0 0.177551 0.166558 
67800 0.0109391 0.156219 0.0101828 0 0 0.17733 0.166395 
68000 0.0108783 0.156161 0.0100819 0 0 0.177108 0.166232 
68200 0.0108206 0.156098 0.00998803 0 0 0.176893 0.166074 
68400 0.0107631 0.156034 0.00989456 0 0 0.176678 0.165916 
68600 0.0107056 0.15597 0.00980108 0 0 0.176463 0.165758 
68800 0.0106481 0.155906 0.0097076 0 0 0.176248 0.1656 
69000 0.0105907 0.155843 0.00961413 0 0 0.176033 0.165442 
69200 0.0105332 0.155779 0.00952065 0 0 0.175818 0.165285 
69400 0.0104764 0.155714 0.00942937 0 0 0.175606 0.165129 
69600 0.0104213 0.155647 0.00934322 0 0 0.175401 0.16498 
69800 0.0103663 0.155579 0.00925707 0 0 0.175197 0.164831 
70000 0.0103112 0.155512 0.00917092 0 0 0.174992 0.164681 
70200 0.0102561 0.155444 0.00908477 0 0 0.174787 0.164532 
70400 0.010201 0.155377 0.00899862 0 0 0.174583 0.164383 
70600 0.010146 0.155309 0.00891247 0 0 0.174378 0.164233 
70800 0.0100927 0.155244 0.00883044 0 0 0.174178 0.164088 
71000 0.0100408 0.155182 0.00875178 0 0 0.173982 0.163945 
71200 0.00998892 0.155119 0.00867313 0 0 0.173785 0.163803 
71400 0.00993705 0.155056 0.00859447 0 0 0.173588 0.163661 
71600 0.00988518 0.154994 0.00851581 0 0 0.173392 0.163518 
71800 0.00983331 0.154931 0.00843716 0 0 0.173195 0.163376 
72000 0.00978143 0.154868 0.0083585 0 0 0.172999 0.163233 
72200 0.00973116 0.154803 0.00828353 0 0 0.17281 0.163094 
72400 0.00968174 0.154737 0.00821053 0 0 0.172624 0.162955 
72600 0.00963231 0.154671 0.00813754 0 0 0.172439 0.162817 
72800 0.00958289 0.154606 0.00806454 0 0 0.172253 0.162679 
73000 0.00953347 0.15454 0.00799155 0 0 0.172068 0.16254 
73200 0.00948405 0.154474 0.00791856 0 0 0.171883 0.162402 
73400 0.00943463 0.154408 0.00784556 0 0 0.171697 0.162264 
73600 0.00938698 0.154342 0.00777642 0 0 0.171518 0.162131 
73800 0.00934051 0.154278 0.00770983 0 0 0.171342 0.162002 
74000 0.00929404 0.154213 0.00764325 0 0 0.171166 0.161873 
74200 0.00924756 0.154149 0.00757666 0 0 0.17099 0.161745 
74400 0.00920109 0.154084 0.00751008 0 0 0.170814 0.161616 
74600 0.00915462 0.154019 0.0074435 0 0 0.170638 0.161487 
74800 0.00910815 0.153955 0.00737691 0 0 0.170462 0.161358 
75000 0.00906269 0.153891 0.00731234 0 0 0.170288 0.16123 
75200 0.00901874 0.153827 0.00725078 0 0 0.170118 0.161104 
75400 0.0089748 0.153763 0.00718922 0 0 0.169948 0.160978 
75600 0.00893085 0.153699 0.00712766 0 0 0.169778 0.160852 
75800 0.00888691 0.153636 0.00706609 0 0 0.169608 0.160726 
76000 0.00884297 0.153572 0.00700453 0 0 0.169438 0.1606 
76200 0.00879902 0.153508 0.00694297 0 0 0.169268 0.160474 
76400 0.00875528 0.153444 0.00688191 0 0 0.169099 0.160348 
76600 0.00871334 0.153382 0.00682526 0 0 0.168935 0.160228 
76800 0.00867141 0.15332 0.00676862 0 0 0.168771 0.160107 
77000 0.00862947 0.153258 0.00671197 0 0 0.168608 0.159986 
77200 0.00858753 0.153196 0.00665533 0 0 0.168444 0.159865 
77400 0.00854559 0.153134 0.00659868 0 0 0.168281 0.159745 
77600 0.00850365 0.153072 0.00654204 0 0 0.168117 0.159624 
77800 0.00846172 0.15301 0.0064854 0 0 0.167953 0.159503 
78000 0.00842105 0.152948 0.00643135 0 0 0.167794 0.159384 
78200 0.00838122 0.152885 0.00637905 0 0 0.167638 0.159267 
78400 0.0083414 0.152823 0.00632674 0 0 0.167481 0.159149 
78600 0.00830158 0.152761 0.00627443 0 0 0.167325 0.159032 
78800 0.00826175 0.152698 0.00622212 0 0 0.167169 0.158914 
79000 0.00822193 0.152636 0.00616981 0 0 0.167012 0.158797 
79200 0.00818211 0.152573 0.0061175 0 0 0.166856 0.158679 
79400 0.00814228 0.152511 0.0060652 0 0 0.166699 0.158562 
79600 0.0081046 0.152442 0.00601614 0 0 0.166551 0.158448 
79800 0.00806693 0.152372 0.00596709 0 0 0.166402 0.158335 
80000 0.00802925 0.152303 0.00591803 0 0 0.166253 0.158221 
80200 0.00799173 0.15224 0.0058706 0 0 0.1661 0.158106 
80400 0.00795422 0.152177 0.00582317 0 0 0.165947 0.157992 
80600 0.00791671 0.152114 0.00577574 0 0 0.165795 0.157877 
80800 0.0078792 0.152051 0.00572831 0 0 0.165642 0.157763 
81000 0.00784228 0.151988 0.00568173 0 0 0.165492 0.15765 
81200 0.00780714 0.151924 0.00563771 0 0 0.16535 0.157545 
81400 0.007772 0.15186 0.00559369 0 0 0.165208 0.157439 
81600 0.00773687 0.151797 0.00554967 0 0 0.165066 0.157333 
81800 0.00770173 0.151733 0.00550565 0 0 0.164925 0.157228 
82000 0.00766659 0.151669 0.00546163 0 0 0.164783 0.157122 
82200 0.00763145 0.151605 0.0054176 0 0 0.164641 0.157016 
82400 0.00759632 0.151541 0.00537358 0 0 0.164499 0.15691 
82600 0.00756155 0.151477 0.0053305 0 0 0.164359 0.156805 
82800 0.00752765 0.151413 0.00528961 0 0 0.16422 0.1567 
83000 0.00749375 0.151349 0.00524872 0 0 0.164082 0.156596 
83200 0.00745985 0.151285 0.00520783 0 0 0.163944 0.156491 
83400 0.00742595 0.151221 0.00516694 0 0 0.163806 0.156386 
83600 0.00739205 0.151157 0.00512605 0 0 0.163668 0.156281 
83800 0.00735815 0.151093 0.00508516 0 0 0.163529 0.156177 
84000 0.00732425 0.151029 0.00504428 0 0 0.163391 0.156072 
84200 0.00729081 0.150964 0.00500429 0 0 0.163254 0.155969 
84400 0.00725878 0.150899 0.00496702 0 0 0.163121 0.155869 
84600 0.00722675 0.150833 0.00492975 0 0 0.162988 0.155769 
84800 0.00719472 0.150768 0.00489248 0 0 0.162854 0.15567 
85000 0.00716268 0.150703 0.00485521 0 0 0.162721 0.15557 
85200 0.00713065 0.150637 0.00481794 0 0 0.162588 0.155471 
85400 0.00709862 0.150572 0.00478067 0 0 0.162454 0.155371 
85600 0.00706659 0.150506 0.0047434 0 0 0.162321 0.155271 
85800 0.00703455 0.150441 0.00470613 0 0 0.162188 0.155172 
86000 0.00700454 0.150379 0.00467146 0 0 0.16206 0.155069 
86200 0.00697452 0.150317 0.0046368 0 0 0.161933 0.154966 
86400 0.0069445 0.150255 0.00460214 0 0 0.161806 0.154863 
86600 0.00691448 0.150194 0.00456748 0 0 0.161679 0.15476 
86800 0.00688446 0.150132 0.00453281 0 0 0.161552 0.154657 
87000 0.00685445 0.15007 0.00449815 0 0 0.161425 0.154555 
87200 0.00682443 0.150008 0.00446349 0 0 0.161298 0.154452 
87400 0.00679441 0.149946 0.00442883 0 0 0.16117 0.154349 
87600 0.00676526 0.149883 0.00439608 0 0 0.161046 0.154251 
87800 0.00673657 0.149819 0.00436436 0 0 0.160922 0.154156 
88000 0.00670789 0.149754 0.00433263 0 0 0.160798 0.15406 
88200 0.0066792 0.14969 0.00430091 0 0 0.160674 0.153965 
88400 0.00665051 0.149626 0.00426919 0 0 0.160551 0.15387 
88600 0.00662183 0.149562 0.00423747 0 0 0.160427 0.153775 
88800 0.00659314 0.149498 0.00420575 0 0 0.160303 0.15368 
89000 0.00656446 0.149434 0.00417403 0 0 0.16018 0.153585 
89200 0.00653594 0.149369 0.00414256 0 0 0.160056 0.15349 
89400 0.006509 0.149306 0.00411344 0 0 0.159937 0.153401 
89600 0.00648205 0.149242 0.00408431 0 0 0.159817 0.153312 
89800 0.00645511 0.149178 0.00405518 0 0 0.159698 0.153223 
90000 0.00642816 0.149114 0.00402605 0 0 0.159579 0.153134 
90200 0.00640122 0.149051 0.00399692 0 0 0.159459 0.153046 
90400 0.00637427 0.148987 0.00396779 0 0 0.15934 0.152957 
90600 0.00634733 0.148923 0.00393866 0 0 0.15922 0.152868 
90800 0.00632038 0.148859 0.00390953 0 0 0.159101 0.152779 
91000 0.00629381 0.148796 0.0038812 0 0 0.158983 0.15269 
91200 0.00626792 0.148735 0.00385434 0 0 0.158867 0.1526 
91400 0.00624204 0.148673 0.00382748 0 0 0.158751 0.152511 
91600 0.00621615 0.148611 0.00380062 0 0 0.158634 0.152421 
91800 0.00619026 0.14855 0.00377376 0 0 0.158518 0.152332 
92000 0.00616438 0.148488 0.00374691 0 0 0.158402 0.152242 
92200 0.00613849 0.148426 0.00372005 0 0 0.158286 0.152152 
92400 0.00611261 0.148365 0.00369319 0 0 0.15817 0.152063 
92600 0.00608672 0.148303 0.00366633 0 0 0.158054 0.151973 
92800 0.00606165 0.148241 0.0036404 0 0 0.157941 0.151884 
93000 0.00603758 0.148179 0.00361559 0 0 0.157831 0.151796 
93200 0.00601351 0.148118 0.00359078 0 0 0.157721 0.151708 
93400 0.00598944 0.148056 0.00356597 0 0 0.157611 0.151621 
93600 0.00596537 0.147995 0.00354116 0 0 0.157501 0.151533 
93800 0.0059413 0.147933 0.00351636 0 0 0.157391 0.151445 
94000 0.00591723 0.147871 0.00349155 0 0 0.157281 0.151357 
94200 0.00589316 0.14781 0.00346674 0 0 0.157171 0.151269 
94400 0.00586909 0.147748 0.00344193 0 0 0.15706 0.151181 
94600 0.00584543 0.147685 0.00341794 0 0 0.15695 0.151094 
94800 0.00582239 0.147622 0.00339516 0 0 0.156839 0.151009 
95000 0.00579935 0.147558 0.00337238 0 0 0.156729 0.150923 
95200 0.00577631 0.147494 0.00334961 0 0 0.156618 0.150837 
95400 0.00575327 0.14743 0.00332683 0 0 0.156507 0.150752 
95600 0.00573023 0.147366 0.00330405 0 0 0.156396 0.150666 
95800 0.00570719 0.147302 0.00328127 0 0 0.156285 0.150581 
96000 0.00568414 0.147239 0.0032585 0 0 0.156175 0.150495 
96200 0.0056611 0.147175 0.00323572 0 0 0.156064 0.150409 
96400 0.00563823 0.147111 0.00321321 0 0 0.155954 0.150325 
96600 0.00561629 0.147052 0.00319221 0 0 0.15585 0.150244 
96800 0.00559436 0.146993 0.0031712 0 0 0.155746 0.150164 
97000 0.00557242 0.146933 0.0031502 0 0 0.155641 0.150084 
97200 0.00555048 0.146874 0.00312919 0 0 0.155537 0.150003 
97400 0.00552855 0.146815 0.00310819 0 0 0.155433 0.149923 
97600 0.00550661 0.146755 0.00308718 0 0 0.155329 0.149843 
97800 0.00548467 0.146696 0.00306618 0 0 0.155225 0.149762 
98000 0.00546274 0.146636 0.00304517 0 0 0.15512 0.149682 
98200 0.0054408 0.146577 0.00302417 0 0 0.155016 0.149602 
98400 0.00541988 0.146515 0.00300439 0 0 0.154914 0.149519 
98600 0.00539929 0.146452 0.00298503 0 0 0.154813 0.149435 
98800 0.00537871 0.14639 0.00296566 0 0 0.154713 0.149351 
99000 0.00535812 0.146327 0.0029463 0 0 0.154612 0.149268 
99200 0.00533754 0.146264 0.00292694 0 0 0.154511 0.149184 
99400 0.00531695 0.146201 0.00290757 0 0 0.15441 0.1491 
99600 0.00529637 0.146138 0.00288821 0 0 0.154309 0.149017 
99800 0.00527578 0.146076 0.00286884 0 0 0.154208 0.148933 
100000 0.0052552 0.146013 0.00284948 0 0 0.154107 0.14885 
100200 0.00523707 0.145971 0.00283346 0 0 0.154045 0.148796 
100400 0.00521709 0.145908 0.00281518 0 0 0.153943 0.148713 
100600 0.00519711 0.145845 0.00279689 0 0 0.153841 0.148631 
100800 0.00517713 0.145782 0.00277861 0 0 0.153739 0.148549 
101000 0.00515715 0.145719 0.00276033 0 0 0.153638 0.148466 
101200 0.00513717 0.145656 0.00274205 0 0 0.153536 0.148384 
101400 0.00511718 0.145593 0.00272376 0 0 0.153434 0.148302 
101600 0.0050972 0.145529 0.00270548 0 0 0.153332 0.14822 
101800 0.00507722 0.145466 0.0026872 0 0 0.15323 0.148137 
102000 0.00505724 0.145403 0.00266891 0 0 0.153129 0.148055 
102200 0.00503806 0.145342 0.0026516 0 0 0.15303 0.147977 
102400 0.00501969 0.145282 0.00263525 0 0 0.152933 0.147903 
102600 0.00500131 0.145222 0.00261891 0 0 0.152837 0.147829 
102800 0.00498294 0.145162 0.00260256 0 0 0.152741 0.147755 
103000 0.00496456 0.145102 0.00258622 0 0 0.152644 0.14768 
103200 0.00494618 0.145042 0.00256987 0 0 0.152548 0.147606 
103400 0.00492781 0.144982 0.00255352 0 0 0.152452 0.147532 
103600 0.00490943 0.144922 0.00253718 0 0 0.152355 0.147458 
103800 0.00489106 0.144862 0.00252083 0 0 0.152259 0.147384 
104000 0.00487268 0.144802 0.00250449 0 0 0.152163 0.14731 
104200 0.00485502 0.144743 0.00248902 0 0 0.15207 0.147236 
104400 0.00483807 0.144686 0.00247444 0 0 0.151982 0.147162 
104600 0.00482112 0.144629 0.00245986 0 0 0.151893 0.147088 
104800 0.00480418 0.144572 0.00244527 0 0 0.151805 0.147014 
105000 0.00478723 0.144515 0.00243069 0 0 0.151716 0.14694 
105200 0.00477028 0.144458 0.00241611 0 0 0.151628 0.146866 
105400 0.00475333 0.1444 0.00240153 0 0 0.15154 0.146791 
105600 0.00473639 0.144343 0.00238694 0 0 0.151451 0.146717 
105800 0.00471944 0.144286 0.00237236 0 0 0.151363 0.146643 
106000 0.00470249 0.144229 0.00235778 0 0 0.151274 0.146569 
106200 0.00468554 0.144172 0.0023432 0 0 0.151186 0.146495 
106400 0.00466842 0.144109 0.00232883 0 0 0.151094 0.146422 
106600 0.00465129 0.144045 0.00231446 0 0 0.151002 0.146348 
106800 0.00463416 0.143982 0.00230009 0 0 0.150911 0.146275 
107000 0.00461703 0.143919 0.00228573 0 0 0.150819 0.146201 
107200 0.00459991 0.143856 0.00227136 0 0 0.150728 0.146128 
107400 0.00458278 0.143792 0.00225699 0 0 0.150636 0.146054 
107600 0.00456565 0.143729 0.00224263 0 0 0.150544 0.145981 
107800 0.00454853 0.143666 0.00222826 0 0 0.150453 0.145907 
108000 0.0045314 0.143603 0.00221389 0 0 0.150361 0.145834 
108200 0.00451427 0.143539 0.00219952 0 0 0.15027 0.14576 
108400 0.00449923 0.143485 0.00218725 0 0 0.150186 0.145691 
108600 0.00448419 0.14343 0.00217497 0 0 0.150103 0.145621 
108800 0.00446915 0.143376 0.00216269 0 0 0.15002 0.145551 
109000 0.00445412 0.143321 0.00215042 0 0 0.149937 0.145482 
109200 0.00443908 0.143267 0.00213814 0 0 0.149854 0.145412 
109400 0.00442404 0.143212 0.00212586 0 0 0.149771 0.145343 
109600 0.004409 0.143157 0.00211359 0 0 0.149688 0.145273 
109800 0.00439396 0.143103 0.00210131 0 0 0.149605 0.145204 
110000 0.00437892 0.143048 0.00208904 0 0 0.149522 0.145134 
110200 0.00436388 0.142994 0.00207676 0 0 0.149438 0.145064 
110400 0.00434884 0.142939 0.00206448 0 0 0.149355 0.144995 
110600 0.00433367 0.142879 0.00205246 0 0 0.149268 0.144925 
110800 0.0043185 0.142819 0.00204043 0 0 0.149181 0.144855 
111000 0.00430333 0.142759 0.00202841 0 0 0.149094 0.144785 
111200 0.00428816 0.142698 0.00201638 0 0 0.149007 0.144716 
111400 0.00427299 0.142638 0.00200435 0 0 0.14892 0.144646 
111600 0.00425782 0.142578 0.00199233 0 0 0.148833 0.144576 
111800 0.00424266 0.142517 0.0019803 0 0 0.148746 0.144506 
112000 0.00422749 0.142457 0.00196828 0 0 0.148659 0.144436 
112200 0.00421232 0.142397 0.00195625 0 0 0.148572 0.144367 
112400 0.00419715 0.142337 0.00194423 0 0 0.148485 0.144297 
112600 0.00418261 0.142277 0.00193281 0 0 0.1484 0.144227 
112800 0.00416871 0.142219 0.001922 0 0 0.148317 0.144158 
113000 0.00415481 0.142161 0.00191118 0 0 0.148234 0.144089 
113200 0.00414091 0.142102 0.00190037 0 0 0.148151 0.14402 
113400 0.00412701 0.142044 0.00188956 0 0 0.148069 0.14395 
113600 0.0041131 0.141986 0.00187874 0 0 0.147986 0.143881 
113800 0.0040992 0.141927 0.00186793 0 0 0.147903 0.143812 
114000 0.0040853 0.141869 0.00185712 0 0 0.14782 0.143743 
114200 0.0040714 0.141811 0.00184631 0 0 0.147738 0.143673 
114400 0.0040575 0.141753 0.00183549 0 0 0.147655 0.143604 
114600 0.0040436 0.141694 0.00182468 0 0 0.147572 0.143535 
114800 0.00403018 0.141639 0.00181442 0 0 0.147491 0.143467 
115000 0.00401726 0.141586 0.00180472 0 0 0.147412 0.143401 
115200 0.00400434 0.141533 0.00179502 0 0 0.147333 0.143335 
115400 0.00399142 0.14148 0.00178532 0 0 0.147254 0.143269 
115600 0.00397849 0.141427 0.00177562 0 0 0.147175 0.143203 
115800 0.00396557 0.141374 0.00176591 0 0 0.147096 0.143137 
116000 0.00395265 0.141321 0.00175621 0 0 0.147017 0.143071 
116200 0.00393973 0.141268 0.00174651 0 0 0.146938 0.143005 
116400 0.00392681 0.141215 0.00173681 0 0 0.146859 0.142939 
116600 0.00391388 0.141162 0.00172711 0 0 0.14678 0.142873 
116800 0.00390096 0.141109 0.00171741 0 0 0.146701 0.142807 
117000 0.00388804 0.141056 0.0017077 0 0 0.146622 0.142741 
117200 0.00387508 0.140998 0.00169822 0 0 0.146544 0.142675 
117400 0.00386212 0.140939 0.00168874 0 0 0.146465 0.142609 
117600 0.00384915 0.140881 0.00167926 0 0 0.146386 0.142542 
117800 0.00383619 0.140823 0.00166977 0 0 0.146308 0.142476 
118000 0.00382323 0.140764 0.00166029 0 0 0.146229 0.14241 
118200 0.00381027 0.140706 0.00165081 0 0 0.14615 0.142344 
118400 0.00379731 0.140647 0.00164132 0 0 0.146072 0.142278 
118600 0.00378435 0.140589 0.00163184 0 0 0.145993 0.142212 
118800 0.00377139 0.140531 0.00162236 0 0 0.145914 0.142146 
119000 0.00375842 0.140472 0.00161288 0 0 0.145836 0.14208 
119200 0.00374546 0.140414 0.00160339 0 0 0.145757 0.142014 
119400 0.00373397 0.140358 0.00159522 0 0 0.145682 0.141951 
119600 0.00372247 0.140302 0.00158705 0 0 0.145608 0.141887 
119800 0.00371097 0.140246 0.00157888 0 0 0.145533 0.141824 
120000 0.00369947 0.140189 0.00157071 0 0 0.145458 0.141761 
120200 0.00368797 0.140133 0.00156254 0 0 0.145383 0.141698 
120400 0.00367648 0.140077 0.00155437 0 0 0.145308 0.141635 
120600 0.00366498 0.140021 0.0015462 0 0 0.145233 0.141572 
120800 0.00365348 0.139965 0.00153803 0 0 0.145159 0.141509 
121000 0.00364198 0.139908 0.00152986 0 0 0.145084 0.141445 
121200 0.00363048 0.139852 0.00152169 0 0 0.145009 0.141382 
121400 0.00361899 0.139796 0.00151352 0 0 0.144934 0.141319 
121600 0.00360749 0.13974 0.00150535 0 0 0.144859 0.141256 
121800 0.00359643 0.139686 0.00149767 0 0 0.144788 0.141196 
122000 0.00358536 0.139633 0.00149 0 0 0.144716 0.141135 
122200 0.0035743 0.139579 0.00148233 0 0 0.144644 0.141075 
122400 0.00356324 0.139526 0.00147465 0 0 0.144572 0.141015 
122600 0.00355218 0.139472 0.00146698 0 0 0.144501 0.140955 
122800 0.00354111 0.139419 0.0014593 0 0 0.144429 0.140894 
123000 0.00353005 0.139365 0.00145163 0 0 0.144357 0.140834 
123200 0.00351899 0.139312 0.00144396 0 0 0.144285 0.140774 
123400 0.00350793 0.139258 0.00143628 0 0 0.144213 0.140714 
123600 0.00349686 0.139205 0.00142861 0 0 0.144142 0.140653 
123800 0.0034858 0.139151 0.00142093 0 0 0.14407 0.140593 
124000 0.00347474 0.139098 0.00141326 0 0 0.143998 0.140533 
124200 0.00346406 0.139044 0.00140607 0 0 0.143924 0.14047 
124400 0.00345339 0.138991 0.00139887 0 0 0.143849 0.140407 
124600 0.00344272 0.138937 0.00139168 0 0 0.143775 0.140344 
124800 0.00343205 0.138884 0.00138449 0 0 0.1437 0.140281 
125000 0.00342137 0.13883 0.00137729 0 0 0.143626 0.140218 
125200 0.0034107 0.138777 0.0013701 0 0 0.143551 0.140156 
125400 0.00340003 0.138723 0.00136291 0 0 0.143477 0.140093 
125600 0.00338936 0.13867 0.00135571 0 0 0.143402 0.14003 
125800 0.00337868 0.138616 0.00134852 0 0 0.143328 0.139967 
126000 0.00336801 0.138563 0.00134133 0 0 0.143253 0.139904 
126200 0.00335734 0.138509 0.00133413 0 0 0.143179 0.139841 
126400 0.00334667 0.138456 0.00132694 0 0 0.143104 0.139778 
126600 0.00333637 0.138399 0.00132017 0 0 0.143033 0.139716 
126800 0.00332608 0.138342 0.00131341 0 0 0.142962 0.139653 
127000 0.00331578 0.138285 0.00130665 0 0 0.142892 0.13959 
127200 0.00330549 0.138228 0.00129988 0 0 0.142821 0.139527 
127400 0.00329519 0.138171 0.00129312 0 0 0.14275 0.139464 
127600 0.0032849 0.138114 0.00128636 0 0 0.142679 0.139402 
127800 0.0032746 0.138057 0.00127959 0 0 0.142608 0.139339 
128000 0.00326431 0.138 0.00127283 0 0 0.142537 0.139276 
128200 0.00325401 0.137943 0.00126607 0 0 0.142466 0.139213 
128400 0.00324371 0.137886 0.0012593 0 0 0.142395 0.13915 
128600 0.00323342 0.13783 0.00125254 0 0 0.142324 0.139088 
128800 0.00322312 0.137773 0.00124578 0 0 0.142254 0.139025 
129000 0.00321396 0.137723 0.00123993 0 0 0.142188 0.138967 
129200 0.00320479 0.137672 0.00123409 0 0 0.142122 0.138909 
129400 0.00319562 0.137622 0.00122824 0 0 0.142056 0.138851 
129600 0.00318645 0.137572 0.0012224 0 0 0.14199 0.138793 
129800 0.00317728 0.137522 0.00121655 0 0 0.141924 0.138736 
130000 0.00316812 0.137472 0.00121071 0 0 0.141858 0.138678 
130200 0.00315895 0.137422 0.00120486 0 0 0.141792 0.13862 
130400 0.00314978 0.137372 0.00119902 0 0 0.141726 0.138562 
130600 0.00314061 0.137322 0.00119317 0 0 0.14166 0.138504 
130800 0.00313145 0.137272 0.00118733 0 0 0.141594 0.138446 
131000 0.00312228 0.137222 0.00118148 0 0 0.141528 0.138388 
131200 0.00311311 0.137172 0.00117564 0 0 0.141462 0.13833 
131400 0.00310394 0.137122 0.00116979 0 0 0.141396 0.138273 
131600 0.00309477 0.137068 0.00116409 0 0 0.141328 0.138215 
131800 0.00308561 0.137014 0.00115838 0 0 0.14126 0.138158 
132000 0.00307644 0.13696 0.00115267 0 0 0.141192 0.1381 
132200 0.00306727 0.136906 0.00114697 0 0 0.141124 0.138043 
132400 0.00305811 0.136852 0.00114126 0 0 0.141057 0.137985 
132600 0.00304894 0.136798 0.00113556 0 0 0.140989 0.137928 
132800 0.00303977 0.136744 0.00112985 0 0 0.140921 0.13787 
133000 0.00303061 0.13669 0.00112414 0 0 0.140853 0.137813 
133200 0.00302144 0.136636 0.00111844 0 0 0.140785 0.137755 
133400 0.00301227 0.136582 0.00111273 0 0 0.140717 0.137698 
133600 0.0030031 0.136528 0.00110703 0 0 0.140649 0.13764 
133800 0.00299394 0.136474 0.00110132 0 0 0.140581 0.137583 
134000 0.00298525 0.136422 0.00109599 0 0 0.140515 0.137526 
134200 0.00297705 0.136371 0.00109103 0 0 0.14045 0.13747 
134400 0.00296884 0.13632 0.00108607 0 0 0.140384 0.137415 
134600 0.00296064 0.13627 0.00108111 0 0 0.140319 0.137359 
134800 0.00295244 0.136219 0.00107615 0 0 0.140254 0.137304 
135000 0.00294423 0.136168 0.00107119 0 0 0.140189 0.137248 
135200 0.00293603 0.136118 0.00106623 0 0 0.140124 0.137192 
135400 0.00292783 0.136067 0.00106128 0 0 0.140059 0.137137 
135600 0.00291962 0.136016 0.00105632 0 0 0.139994 0.137081 
135800 0.00291142 0.135966 0.00105136 0 0 0.139929 0.137026 
136000 0.00290322 0.135915 0.0010464 0 0 0.139863 0.13697 
136200 0.00289501 0.135865 0.00104144 0 0 0.139798 0.136914 
136400 0.00288681 0.135814 0.00103648 0 0 0.139733 0.136859 
136600 0.0028786 0.135763 0.00103152 0 0 0.139668 0.136803 
136800 0.00287041 0.135711 0.0010267 0 0 0.139603 0.136746 
137000 0.00286221 0.135658 0.00102188 0 0 0.139538 0.136689 
137200 0.00285401 0.135606 0.00101706 0 0 0.139473 0.136632 
137400 0.00284581 0.135553 0.00101224 0 0 0.139408 0.136575 
137600 0.00283761 0.1355 0.00100742 0 0 0.139343 0.136518 
137800 0.00282941 0.135448 0.0010026 0 0 0.139278 0.136461 
138000 0.00282121 0.135395 0.000997785 0 0 0.139212 0.136405 
138200 0.00281301 0.135343 0.000992966 0 0 0.139147 0.136348 
138400 0.00280482 0.13529 0.000988146 0 0 0.139082 0.136291 
138600 0.00279662 0.135237 0.000983327 0 0 0.139017 0.136234 
138800 0.00278842 0.135185 0.000978507 0 0 0.138952 0.136177 
139000 0.00278022 0.135132 0.000973687 0 0 0.138887 0.13612 
139200 0.00277202 0.13508 0.000968868 0 0 0.138822 0.136063 
139400 0.00276441 0.135028 0.000964505 0 0 0.138759 0.136007 
139600 0.0027568 0.134977 0.000960141 0 0 0.138697 0.135952 
139800 0.00274919 0.134926 0.000955778 0 0 0.138634 0.135896 
140000 0.00274158 0.134874 0.000951414 0 0 0.138572 0.135841 
140200 0.00273397 0.134823 0.000947051 0 0 0.138509 0.135785 
140400 0.00272635 0.134772 0.000942688 0 0 0.138446 0.13573 
140600 0.00271874 0.134721 0.000938324 0 0 0.138384 0.135675 
140800 0.00271113 0.134669 0.000933961 0 0 0.138321 0.135619 
141000 0.00270352 0.134618 0.000929598 0 0 0.138259 0.135564 
141200 0.00269591 0.134567 0.000925234 0 0 0.138196 0.135508 
141400 0.0026883 0.134515 0.000920871 0 0 0.138134 0.135453 
141600 0.00268069 0.134464 0.000916507 0 0 0.138071 0.135397 
141800 0.00267308 0.134413 0.000912144 0 0 0.138008 0.135342 
142000 0.00266574 0.134363 0.000907983 0 0 0.137947 0.135287 
142200 0.00265867 0.134314 0.000904025 0 0 0.137887 0.135234 
142400 0.00265161 0.134265 0.000900067 0 0 0.137826 0.135181 
142600 0.00264454 0.134216 0.000896109 0 0 0.137766 0.135127 
142800 0.00263748 0.134167 0.00089215 0 0 0.137706 0.135074 
143000 0.00263041 0.134119 0.000888192 0 0 0.137646 0.13502 
143200 0.00262334 0.13407 0.000884234 0 0 0.137585 0.134967 
143400 0.00261628 0.134021 0.000880276 0 0 0.137525 0.134913 
143600 0.00260921 0.133972 0.000876317 0 0 0.137465 0.13486 
143800 0.00260214 0.133923 0.000872359 0 0 0.137405 0.134807 
144000 0.00259508 0.133874 0.000868401 0 0 0.137344 0.134753 
144200 0.00258801 0.133826 0.000864443 0 0 0.137284 0.1347 
144400 0.00258095 0.133777 0.000860485 0 0 0.137224 0.134646 
144600 0.00257388 0.133728 0.000856526 0 0 0.137164 0.134593 
144800 0.00256694 0.133679 0.000852699 0 0 0.137103 0.13454 
145000 0.00256014 0.13363 0.000849002 0 0 0.137043 0.134486 
145200 0.00255333 0.133581 0.000845306 0 0 0.136983 0.134433 
145400 0.00254652 0.133532 0.000841609 0 0 0.136923 0.13438 
145600 0.00253971 0.133484 0.000837912 0 0 0.136862 0.134326 
145800 0.00253291 0.133435 0.000834216 0 0 0.136802 0.134273 
146000 0.0025261 0.133386 0.000830519 0 0 0.136742 0.134219 
146200 0.00251929 0.133337 0.000826822 0 0 0.136682 0.134166 
146400 0.00251249 0.133288 0.000823126 0 0 0.136622 0.134113 
146600 0.00250568 0.133239 0.000819429 0 0 0.136561 0.134059 
146800 0.00249887 0.133191 0.000815732 0 0 0.136501 0.134006 
147000 0.00249206 0.133142 0.000812036 0 0 0.136441 0.133953 
147200 0.00248526 0.133093 0.000808339 0 0 0.136381 0.133899 
147400 0.00247845 0.133044 0.000804642 0 0 0.136321 0.133846 
147600 0.0024719 0.132996 0.000801126 0 0 0.136262 0.133793 
147800 0.00246561 0.132948 0.00079779 0 0 0.136205 0.133741 
148000 0.00245932 0.1329 0.000794454 0 0 0.136147 0.133689 
148200 0.00245303 0.132851 0.000791119 0 0 0.13609 0.133637 
148400 0.00244675 0.132803 0.000787783 0 0 0.136033 0.133585 
148600 0.00244046 0.132755 0.000784447 0 0 0.135976 0.133532 
148800 0.00243417 0.132707 0.000781111 0 0 0.135919 0.13348 
149000 0.00242788 0.132659 0.000777776 0 0 0.135862 0.133428 
149200 0.00242159 0.132611 0.00077444 0 0 0.135804 0.133376 
149400 0.0024153 0.132563 0.000771104 0 0 0.135747 0.133324 
149600 0.00240901 0.132515 0.000767768 0 0 0.13569 0.133272 
149800 0.00240272 0.132467 0.000764433 0 0 0.135633 0.133219 
150000 0.00239643 0.132419 0.000761097 0 0 0.135576 0.133167 
150200 0.00238976 0.132373 0.000757564 0 0 0.135512 0.13312 
150400 0.00238308 0.132327 0.000754032 0 0 0.135449 0.133073 
150600 0.00237718 0.132279 0.000750985 0 0 0.135392 0.133023 
150800 0.00237128 0.132231 0.000747938 0 0 0.135336 0.132974 
151000 0.00236537 0.132184 0.000744891 0 0 0.13528 0.132924 
151200 0.00235947 0.132136 0.000741845 0 0 0.135224 0.132874 
151400 0.00235356 0.132088 0.000738798 0 0 0.135168 0.132825 
151600 0.00234766 0.13204 0.000735751 0 0 0.135112 0.132775 
151800 0.00234175 0.131993 0.000732704 0 0 0.135056 0.132725 
152000 0.00233585 0.131945 0.000729657 0 0 0.135 0.132676 
152200 0.00232994 0.131897 0.000726611 0 0 0.134944 0.132626 
152400 0.00232404 0.131849 0.000723564 0 0 0.134888 0.132576 
152600 0.00231813 0.131802 0.000720517 0 0 0.134832 0.132526 
152800 0.00231223 0.131754 0.00071747 0 0 0.134776 0.132477 
153000 0.00230632 0.131706 0.000714423 0 0 0.134719 0.132427 
153200 0.00230042 0.131658 0.000711376 0 0 0.134663 0.132377 
153400 0.00229451 0.131611 0.00070833 0 0 0.134607 0.132328 
153600 0.0022888 0.131564 0.000705471 0 0 0.134552 0.132278 
153800 0.00228309 0.131518 0.000702612 0 0 0.134496 0.132228 
154000 0.00227737 0.131472 0.000699754 0 0 0.134441 0.132179 
154200 0.00227166 0.131426 0.000696895 0 0 0.134386 0.132129 
154400 0.00226595 0.13138 0.000694036 0 0 0.13433 0.132079 
154600 0.00226024 0.131333 0.000691178 0 0 0.134275 0.13203 
154800 0.00225453 0.131287 0.000688319 0 0 0.134219 0.13198 
155000 0.00224881 0.131241 0.00068546 0 0 0.134164 0.13193 
155200 0.0022431 0.131195 0.000682602 0 0 0.134108 0.131881 
155400 0.00223739 0.131149 0.000679743 0 0 0.134053 0.131831 
155600 0.00223168 0.131102 0.000676884 0 0 0.133997 0.131781 
155800 0.00222596 0.131056 0.000674026 0 0 0.133942 0.131732 
156000 0.00222025 0.13101 0.000671167 0 0 0.133887 0.131682 
156200 0.00221454 0.130964 0.000668308 0 0 0.133831 0.131632 
156400 0.00220883 0.130918 0.00066545 0 0 0.133776 0.131583 
156600 0.00220336 0.130869 0.000662768 0 0 0.13372 0.131531 
156800 0.00219789 0.130821 0.000660086 0 0 0.133664 0.131479 
157000 0.00219242 0.130773 0.000657405 0 0 0.133608 0.131427 
157200 0.00218695 0.130724 0.000654723 0 0 0.133552 0.131376 
157400 0.00218148 0.130676 0.000652042 0 0 0.133496 0.131324 
157600 0.002176 0.130628 0.00064936 0 0 0.13344 0.131272 
157800 0.00217053 0.130579 0.000646679 0 0 0.133384 0.13122 
158000 0.00216506 0.130531 0.000643997 0 0 0.133328 0.131168 
158200 0.00215959 0.130483 0.000641316 0 0 0.133272 0.131117 
158400 0.00215412 0.130434 0.000638634 0 0 0.133216 0.131065 
158600 0.00214865 0.130386 0.000635953 0 0 0.13316 0.131013 
158800 0.00214318 0.130337 0.000633271 0 0 0.133104 0.130961 
159000 0.00213771 0.130289 0.00063059 0 0 0.133048 0.130909 
159200 0.00213224 0.130241 0.000627908 0 0 0.132992 0.130858 
159400 0.00212677 0.130192 0.000625227 0 0 0.132936 0.130806 
159600 0.00212166 0.130146 0.000622792 0 0 0.132882 0.130758 
159800 0.00211655 0.130099 0.000620356 0 0 0.132829 0.13071 
160000 0.00211144 0.130052 0.000617921 0 0 0.132775 0.130662 
160200 0.00210633 0.130005 0.000615486 0 0 0.132722 0.130614 
160400 0.00210122 0.129958 0.000613051 0 0 0.132668 0.130566 
160600 0.00209612 0.129912 0.000610616 0 0 0.132615 0.130518 
160800 0.00209101 0.129865 0.000608181 0 0 0.132561 0.13047 
161000 0.0020859 0.129818 0.000605746 0 0 0.132508 0.130422 
161200 0.00208079 0.129771 0.000603311 0 0 0.132454 0.130374 
161400 0.00207568 0.129724 0.000600876 0 0 0.1324 0.130326 
161600 0.00207057 0.129678 0.000598441 0 0 0.132347 0.130278 
161800 0.00206546 0.129631 0.000596006 0 0 0.132293 0.13023 
162000 0.00206035 0.129584 0.000593571 0 0 0.13224 0.130182 
162200 0.00205524 0.129537 0.000591136 0 0 0.132186 0.130134 
162400 0.00205014 0.12949 0.0005887 0 0 0.132133 0.130086 
162600 0.00204519 0.129445 0.000586374 0 0 0.13208 0.130039 
162800 0.0020404 0.129402 0.000584155 0 0 0.132028 0.129992 
163000 0.00203561 0.129359 0.000581936 0 0 0.131976 0.129946 
163200 0.00203082 0.129315 0.000579717 0 0 0.131924 0.1299 
163400 0.00202603 0.129272 0.000577498 0 0 0.131873 0.129853 
163600 0.00202124 0.129229 0.00057528 0 0 0.131821 0.129807 
163800 0.00201645 0.129185 0.000573061 0 0 0.131769 0.12976 
164000 0.00201166 0.129142 0.000570842 0 0 0.131717 0.129714 
164200 0.00200687 0.129099 0.000568623 0 0 0.131665 0.129667 
164400 0.00200208 0.129056 0.000566404 0 0 0.131613 0.129621 
164600 0.0019973 0.129012 0.000564185 0 0 0.131561 0.129574 
164800 0.00199251 0.128969 0.000561967 0 0 0.13151 0.129528 
165000 0.00198772 0.128926 0.000559748 0 0 0.131458 0.129482 
165200 0.00198293 0.128882 0.000557529 0 0 0.131406 0.129435 
165400 0.00197814 0.128839 0.00055531 0 0 0.131354 0.129389 
165600 0.00197335 0.128796 0.000553091 0 0 0.131302 0.129342 
165800 0.00196873 0.128752 0.000550974 0 0 0.131251 0.129296 
166000 0.00196427 0.128708 0.000548959 0 0 0.1312 0.129251 
166200 0.00195982 0.128664 0.000546943 0 0 0.131149 0.129206 
166400 0.00195536 0.12862 0.000544928 0 0 0.131099 0.129161 
166600 0.00195091 0.128576 0.000542912 0 0 0.131048 0.129116 
166800 0.00194645 0.128532 0.000540897 0 0 0.130997 0.129071 
167000 0.00194199 0.128488 0.000538882 0 0 0.130946 0.129026 
167200 0.00193754 0.128444 0.000536866 0 0 0.130896 0.128981 
167400 0.00193308 0.1284 0.000534851 0 0 0.130845 0.128936 
167600 0.00192863 0.128356 0.000532835 0 0 0.130794 0.128891 
167800 0.00192417 0.128312 0.00053082 0 0 0.130743 0.128846 
168000 0.00191972 0.128268 0.000528804 0 0 0.130692 0.128801 
168200 0.00191526 0.128225 0.000526789 0 0 0.130642 0.128756 
168400 0.00191081 0.128181 0.000524773 0 0 0.130591 0.128711 
168600 0.00190635 0.128137 0.000522758 0 0 0.13054 0.128666 
168800 0.00190189 0.128093 0.000520742 0 0 0.130489 0.128621 
169000 0.00189744 0.128049 0.000518727 0 0 0.130439 0.128576 
169200 0.00189315 0.128005 0.000516833 0 0 0.13039 0.128529 
169400 0.00188886 0.127961 0.00051494 0 0 0.130342 0.128482 
169600 0.00188457 0.127917 0.000513047 0 0 0.130294 0.128435 
169800 0.00188029 0.127873 0.000511153 0 0 0.130246 0.128388 
170000 0.001876 0.127829 0.00050926 0 0 0.130197 0.128341 
170200 0.00187171 0.127785 0.000507367 0 0 0.130149 0.128294 
170400 0.00186742 0.127741 0.000505474 0 0 0.130101 0.128247 
170600 0.00186313 0.127697 0.00050358 0 0 0.130053 0.1282 
170800 0.00185885 0.127653 0.000501687 0 0 0.130005 0.128153 
171000 0.00185456 0.127609 0.000499794 0 0 0.129956 0.128106 
171200 0.00185027 0.127565 0.0004979 0 0 0.129908 0.12806 
171400 0.00184598 0.127521 0.000496007 0 0 0.12986 0.128013 
171600 0.00184169 0.127477 0.000494114 0 0 0.129812 0.127966 
171800 0.0018374 0.127433 0.00049222 0 0 0.129763 0.127919 
172000 0.00183312 0.127389 0.000490327 0 0 0.129715 0.127872 
172200 0.00182883 0.127345 0.000488434 0 0 0.129667 0.127825 
172400 0.00182461 0.127301 0.000486597 0 0 0.129618 0.127779 
172600 0.00182048 0.127257 0.000484818 0 0 0.129568 0.127734 
172800 0.00181634 0.127213 0.000483039 0 0 0.129517 0.127689 
173000 0.0018122 0.127169 0.00048126 0 0 0.129467 0.127644 
173200 0.00180806 0.127125 0.000479481 0 0 0.129417 0.127599 
173400 0.00180392 0.127081 0.000477701 0 0 0.129367 0.127554 
173600 0.00179979 0.127037 0.000475922 0 0 0.129317 0.127509 
173800 0.00179565 0.126993 0.000474143 0 0 0.129267 0.127464 
174000 0.00179151 0.126949 0.000472364 0 0 0.129216 0.127419 
174200 0.00178737 0.126905 0.000470585 0 0 0.129166 0.127374 
174400 0.00178323 0.126861 0.000468805 0 0 0.129116 0.127329 
174600 0.0017791 0.126817 0.000467026 0 0 0.129066 0.127284 
174800 0.00177496 0.126773 0.000465247 0 0 0.129016 0.127239 
175000 0.00177082 0.126729 0.000463468 0 0 0.128966 0.127194 
175200 0.00176668 0.126685 0.000461689 0 0 0.128915 0.127149 
175400 0.00176254 0.126641 0.00045991 0 0 0.128865 0.127104 
175600 0.00175841 0.126597 0.00045813 0 0 0.128815 0.127059 
175800 0.00175464 0.126555 0.00045656 0 0 0.128768 0.127015 
176000 0.00175088 0.126514 0.00045499 0 0 0.128721 0.126971 
176200 0.00174712 0.126472 0.00045342 0 0 0.128673 0.126927 
176400 0.00174335 0.12643 0.00045185 0 0 0.128626 0.126882 
176600 0.00173959 0.126388 0.00045028 0 0 0.128579 0.126838 
176800 0.00173583 0.126346 0.000448709 0 0 0.128532 0.126794 
177000 0.00173206 0.126304 0.000447139 0 0 0.128484 0.12675 
177200 0.0017283 0.126262 0.000445569 0 0 0.128437 0.126706 
177400 0.00172454 0.12622 0.000443999 0 0 0.12839 0.126661 
177600 0.00172077 0.126178 0.000442429 0 0 0.128342 0.126617 
177800 0.00171701 0.126136 0.000440859 0 0 0.128295 0.126573 
178000 0.00171325 0.126094 0.000439289 0 0 0.128248 0.126529 
178200 0.00170948 0.126052 0.000437719 0 0 0.128201 0.126484 
178400 0.00170572 0.12601 0.000436148 0 0 0.128153 0.12644 
178600 0.00170196 0.125968 0.000434578 0 0 0.128106 0.126396 
178800 0.00169819 0.125926 0.000433008 0 0 0.128059 0.126352 
179000 0.00169443 0.125884 0.000431438 0 0 0.128012 0.126307 
179200 0.00169074 0.125842 0.000429916 0 0 0.127964 0.126264 
179400 0.00168713 0.125801 0.000428442 0 0 0.127917 0.126221 
179600 0.00168352 0.125759 0.000426969 0 0 0.12787 0.126178 
179800 0.00167991 0.125718 0.000425495 0 0 0.127823 0.126135 
180000 0.0016763 0.125676 0.000424022 0 0 0.127775 0.126093 
180200 0.0016727 0.125635 0.000422548 0 0 0.127728 0.12605 
180400 0.00166909 0.125594 0.000421074 0 0 0.127681 0.126007 
180600 0.00166548 0.125552 0.000419601 0 0 0.127634 0.125964 
180800 0.00166187 0.125511 0.000418127 0 0 0.127586 0.125921 
181000 0.00165826 0.125469 0.000416653 0 0 0.127539 0.125878 
181200 0.00165465 0.125428 0.00041518 0 0 0.127492 0.125835 
181400 0.00165104 0.125386 0.000413706 0 0 0.127445 0.125793 
181600 0.00164743 0.125345 0.000412232 0 0 0.127397 0.12575 
181800 0.00164382 0.125303 0.000410759 0 0 0.12735 0.125707 
182000 0.00164021 0.125262 0.000409285 0 0 0.127303 0.125664 
182200 0.0016366 0.12522 0.000407811 0 0 0.127256 0.125621 
182400 0.00163299 0.125179 0.000406338 0 0 0.127208 0.125578 
182600 0.00162938 0.125137 0.000404864 0 0 0.127161 0.125536 
182800 0.00162589 0.125095 0.000403476 0 0 0.127114 0.125491 
183000 0.0016224 0.125053 0.000402089 0 0 0.127067 0.125447 
183200 0.00161891 0.125011 0.000400701 0 0 0.127019 0.125403 
183400 0.00161542 0.124969 0.000399313 0 0 0.126972 0.125359 
183600 0.00161193 0.124927 0.000397925 0 0 0.126925 0.125315 
183800 0.00160844 0.124886 0.000396538 0 0 0.126878 0.12527 
184000 0.00160495 0.124844 0.00039515 0 0 0.126831 0.125226 
184200 0.00160147 0.124802 0.000393762 0 0 0.126783 0.125182 
184400 0.00159798 0.12476 0.000392374 0 0 0.126736 0.125138 
184600 0.00159449 0.124718 0.000390987 0 0 0.126689 0.125094 
184800 0.001591 0.124676 0.000389599 0 0 0.126642 0.125049 
185000 0.00158751 0.124634 0.000388211 0 0 0.126594 0.125005 
185200 0.00158402 0.124592 0.000386824 0 0 0.126547 0.124961 
185400 0.00158053 0.12455 0.000385436 0 0 0.1265 0.124917 
185600 0.00157704 0.124508 0.000384048 0 0 0.126453 0.124873 
185800 0.00157355 0.124466 0.00038266 0 0 0.126406 0.124829 
186000 0.00157006 0.124424 0.000381273 0 0 0.126358 0.124784 
186200 0.00156673 0.124383 0.000379963 0 0 0.126313 0.124742 
186400 0.00156357 0.124344 0.00037873 0 0 0.12627 0.124702 
186600 0.00156041 0.124305 0.000377498 0 0 0.126228 0.124662 
186800 0.00155725 0.124266 0.000376265 0 0 0.126185 0.124622 
187000 0.00155409 0.124226 0.000375033 0 0 0.126142 0.124582 
187200 0.00155093 0.124187 0.0003738 0 0 0.126099 0.124542 
187400 0.00154777 0.124148 0.000372568 0 0 0.126056 0.124502 
187600 0.00154461 0.124109 0.000371335 0 0 0.126013 0.124462 
187800 0.00154145 0.124069 0.000370103 0 0 0.12597 0.124422 
188000 0.00153829 0.12403 0.00036887 0 0 0.125927 0.124382 
188200 0.00153513 0.123991 0.000367638 0 0 0.125885 0.124342 
188400 0.00153197 0.123952 0.000366405 0 0 0.125842 0.124302 
188600 0.00152881 0.123913 0.000365173 0 0 0.125799 0.124262 
188800 0.00152565 0.123873 0.00036394 0 0 0.125756 0.124222 
189000 0.00152249 0.123834 0.000362708 0 0 0.125713 0.124182 
189200 0.00151933 0.123795 0.000361475 0 0 0.12567 0.124142 
189400 0.00151617 0.123756 0.000360243 0 0 0.125627 0.124102 
189600 0.00151301 0.123716 0.00035901 0 0 0.125584 0.124062 
189800 0.00150985 0.123677 0.000357778 0 0 0.125541 0.124022 
190000 0.00150678 0.123636 0.000356624 0 0 0.125497 0.12398 
190200 0.0015037 0.123594 0.00035547 0 0 0.125452 0.123938 
190400 0.00150063 0.123553 0.000354315 0 0 0.125408 0.123897 
190600 0.00149756 0.123511 0.000353161 0 0 0.125363 0.123855 
190800 0.00149448 0.12347 0.000352007 0 0 0.125318 0.123813 
191000 0.00149141 0.123428 0.000350853 0 0 0.125274 0.123771 
191200 0.00148833 0.123387 0.000349699 0 0 0.125229 0.12373 
191400 0.00148526 0.123345 0.000348544 0 0 0.125185 0.123688 
191600 0.00148219 0.123304 0.00034739 0 0 0.12514 0.123646 
191800 0.00147911 0.123263 0.000346236 0 0 0.125095 0.123604 
192000 0.00147604 0.123221 0.000345082 0 0 0.125051 0.123563 
192200 0.00147296 0.12318 0.000343928 0 0 0.125006 0.123521 
192400 0.00146989 0.123138 0.000342773 0 0 0.124962 0.123479 
192600 0.00146682 0.123097 0.000341619 0 0 0.124917 0.123437 
192800 0.00146374 0.123055 0.000340465 0 0 0.124872 0.123395 
193000 0.00146067 0.123014 0.000339311 0 0 0.124828 0.123354 
193200 0.00145759 0.122972 0.000338157 0 0 0.124783 0.123312 
193400 0.00145452 0.122931 0.000337002 0 0 0.124738 0.12327 
193600 0.00145156 0.122891 0.000335897 0 0 0.124694 0.12323 
193800 0.0014487 0.122853 0.000334841 0 0 0.124651 0.123191 
194000 0.00144585 0.122815 0.000333785 0 0 0.124608 0.123152 
194200 0.001443 0.122776 0.000332729 0 0 0.124564 0.123113 
194400 0.00144014 0.122738 0.000331673 0 0 0.124521 0.123074 
194600 0.00143729 0.1227 0.000330617 0 0 0.124477 0.123035 
194800 0.00143444 0.122662 0.000329561 0 0 0.124434 0.122996 
195000 0.00143158 0.122624 0.000328505 0 0 0.12439 0.122957 
195200 0.00142873 0.122585 0.000327449 0 0 0.124347 0.122918 
195400 0.00142588 0.122547 0.000326393 0 0 0.124304 0.122879 
195600 0.00142302 0.122509 0.000325337 0 0 0.12426 0.12284 
195800 0.00142017 0.122471 0.00032428 0 0 0.124217 0.122802 
196000 0.00141732 0.122433 0.000323224 0 0 0.124173 0.122763 
196200 0.00141446 0.122394 0.000322168 0 0 0.12413 0.122724 
196400 0.00141161 0.122356 0.000321112 0 0 0.124086 0.122685 
196600 0.00140876 0.122318 0.000320056 0 0 0.124043 0.122646 
196800 0.00140591 0.12228 0.000319 0 0 0.124 0.122607 
197000 0.00140305 0.122241 0.000317944 0 0 0.123956 0.122568 
197200 0.0014002 0.122203 0.000316888 0 0 0.123913 0.122529 
197400 0.00139739 0.122165 0.000315862 0 0 0.12387 0.12249 
197600 0.00139461 0.122127 0.000314866 0 0 0.123828 0.122452 
197800 0.00139184 0.122088 0.00031387 0 0 0.123787 0.122413 
198000 0.00138907 0.12205 0.000312875 0 0 0.123745 0.122374 
198200 0.00138629 0.122012 0.000311879 0 0 0.123703 0.122336 
198400 0.00138352 0.121973 0.000310883 0 0 0.123661 0.122297 
198600 0.00138075 0.121935 0.000309887 0 0 0.123619 0.122259 
198800 0.00137797 0.121897 0.000308892 0 0 0.123578 0.12222 
199000 0.0013752 0.121858 0.000307896 0 0 0.123536 0.122182 
199200 0.00137243 0.12182 0.0003069 0 0 0.123494 0.122143 
199400 0.00136966 0.121782 0.000305904 0 0 0.123452 0.122104 
199600 0.00136688 0.121743 0.000304909 0 0 0.123411 0.122066 
199800 0.00136411 0.121705 0.000303913 0 0 0.123369 0.122027 
200000 0.00136134 0.121667 0.000302917 0 0 0.123327 0.121989 
