1000 2.2565 0.0142711 1182.93 0 0 1185.16 1182.93 
1200 2.16666 0.0185073 727.057 0 0 729.178 727.057 
1400 2.08238 0.0227571 481.431 0 0 483.544 481.431 
1600 1.99746 0.0266991 3742.55 0 0 3744.78 3742.55 
1800 1.91555 0.0303545 2885.91 0 0 2888.14 2885.91 
2000 1.83823 0.0337471 2260.96 0 0 2263.2 2260.96 
2200 1.76586 0.0368601 1789 0 0 1790.79 1789 
2400 1.69846 0.0397206 1430.7 0 0 1432.48 1430.76 
2600 1.63562 0.0423961 1157.67 0 0 1159.36 1157.8 
2800 1.57712 0.0449242 948.405 0 0 949.967 948.405 
3000 1.52264 0.0473173 786.539 0 0 788.101 786.539 
3200 1.47176 0.0496145 660.405 0 0 661.932 660.405 
3400 1.42401 0.0518147 560.348 0 0 561.846 560.348 
3600 1.37878 0.0539688 479.601 0 0 480.94 479.601 
3800 1.3363 0.0560424 413.671 0 0 415.01 413.671 
4000 1.29542 0.0580976 359.121 0 0 360.46 359.121 
4200 1.25666 0.0601113 313.894 0 0 315.233 313.894 
4400 1.21931 0.0620973 275.601 0 0 276.94 275.69 
4600 1.18341 0.0640572 243.313 0 0 244.452 243.336 
4800 1.14885 0.0659726 215.772 0 0 216.977 215.838 
5000 1.11553 0.0678736 192.215 0 0 193.398 192.282 
5200 1.0833 0.0697387 172.034 0 0 173.19 172.101 
5400 1.05194 0.0715944 154.491 0 0 155.603 154.558 
5600 1.02178 0.0733959 139.261 0 0 140.354 139.328 
5800 0.992275 0.0751938 125.968 0 0 127.039 126.054 
6000 0.963755 0.0769576 114.253 0 0 115.302 114.32 
6200 0.936189 0.0786803 104.026 0 0 105.046 104.108 
6400 0.909209 0.0803883 94.878 0 0 95.8611 94.9662 
6600 0.883327 0.082066 86.8336 0 0 87.8036 86.9109 
6800 0.857953 0.0836993 79.6089 0 0 80.5445 79.6759 
7000 0.833593 0.0853215 73.1975 0 0 74.1126 73.2774 
7200 0.810066 0.0869062 67.4066 0 0 68.2994 67.4743 
7400 0.787158 0.0884506 62.2431 0 0 63.1259 62.3324 
7600 0.764962 0.0899796 57.5511 0 0 58.4031 57.6404 
7800 0.743757 0.0914479 53.3464 0 0 54.1908 53.4356 
8000 0.722928 0.092916 49.5046 0 0 50.3304 49.5939 
8200 0.703002 0.0943298 46.0702 0 0 46.8571 46.1595 
8400 0.68352 0.0957435 42.8914 0 0 43.6726 42.9807 
8600 0.665018 0.0971005 40.0151 0 0 40.774 40.1044 
8800 0.646898 0.0984352 37.3901 0 0 38.1401 37.4794 
9000 0.629555 0.099743 34.9807 0 0 35.7172 35.0824 
9200 0.612758 0.101008 32.7709 0 0 33.492 32.8825 
9400 0.596584 0.102247 30.7364 0 0 31.4506 30.848 
9600 0.580967 0.103463 28.8649 0 0 29.5592 28.9765 
9800 0.565737 0.104653 27.1419 0 0 27.8125 27.2535 
10000 0.551291 0.105794 25.5558 0 0 26.2031 25.6674 
10200 0.537676 0.106888 24.1274 0 0 24.7746 24.2166 
10400 0.523435 0.108033 22.7048 0 0 23.3295 22.8163 
10600 0.510893 0.109053 21.4825 0 0 22.103 21.5919 
10800 0.498352 0.110073 20.3304 0 0 20.9381 20.4398 
11000 0.486214 0.111094 19.2368 0 0 19.8338 19.3482 
11200 0.474289 0.112095 18.2019 0 0 18.7882 18.3154 
11400 0.463018 0.113055 17.2594 0 0 17.8355 17.3732 
11600 0.452368 0.113963 16.3987 0 0 16.965 16.514 
11800 0.441723 0.11488 15.5678 0 0 16.1242 15.6827 
12000 0.43151 0.115766 14.796 0 0 15.3435 14.9116 
12200 0.42177 0.116613 14.082 0 0 14.6215 14.1998 
12400 0.412018 0.117474 13.3913 0 0 13.9212 13.5077 
12600 0.40309 0.118259 12.7789 0 0 13.2998 12.897 
12800 0.393995 0.119074 12.1736 0 0 12.687 12.2936 
13000 0.385386 0.119857 11.6098 0 0 12.1159 11.7303 
13200 0.377139 0.120604 11.086 0 0 11.5851 11.2073 
13400 0.369121 0.121325 10.5942 0 0 11.0862 10.7167 
13600 0.361395 0.122046 10.1272 0 0 10.6106 10.248 
13800 0.354053 0.122731 9.69459 0 0 10.1711 9.81652 
14000 0.346779 0.1234 9.28044 0 0 9.75031 9.40403 
14200 0.339591 0.124058 8.88419 0 0 9.34748 9.00918 
14400 0.332895 0.124696 8.51911 0 0 8.97602 8.6441 
14600 0.326319 0.12531 8.16838 0 0 8.62011 8.29456 
14800 0.319871 0.125912 7.8324 0 0 8.27871 7.95963 
15000 0.313589 0.126507 7.51497 0 0 7.95467 7.64219 
15200 0.307601 0.127064 7.22082 0 0 7.65636 7.34804 
15400 0.30167 0.127625 6.93556 0 0 7.36588 7.06345 
15600 0.296016 0.128176 6.66475 0 0 7.08912 6.79413 
15800 0.290672 0.128682 6.41728 0 0 6.83588 6.54537 
16000 0.285401 0.129186 6.17623 0 0 6.58965 6.30403 
16200 0.280218 0.12969 5.94296 0 0 6.35206 6.0722 
16400 0.275156 0.130182 5.7207 0 0 6.12548 5.85138 
16600 0.270208 0.130658 5.50804 0 0 5.90858 5.63973 
16800 0.265473 0.131105 5.31326 0 0 5.70973 5.44494 
17000 0.260915 0.131551 5.1255 0 0 5.51792 5.25719 
17200 0.256451 0.131997 4.94153 0 0 5.32989 5.07322 
17400 0.251987 0.132417 4.76839 0 0 5.15269 4.90007 
17600 0.247657 0.132828 4.60183 0 0 4.98216 4.73396 
17800 0.243576 0.133223 4.44751 0 0 4.82401 4.58092 
18000 0.239648 0.133618 4.29854 0 0 4.67198 4.43246 
18200 0.235821 0.134014 4.15315 0 0 4.52403 4.28706 
18400 0.231995 0.134388 4.01534 0 0 4.38259 4.14926 
18600 0.228193 0.134755 3.88021 0 0 4.24378 4.01425 
18800 0.22461 0.135105 3.75715 0 0 4.11831 3.8924 
19000 0.221063 0.135452 3.63621 0 0 3.99434 3.77236 
19200 0.217625 0.13579 3.52159 0 0 3.8749 3.65774 
19400 0.214225 0.136128 3.40939 0 0 3.75884 3.54554 
19600 0.210883 0.136466 3.30081 0 0 3.64785 3.43696 
19800 0.207676 0.136784 3.19809 0 0 3.54246 3.33424 
20000 0.20458 0.137086 3.10018 0 0 3.44166 3.23633 
20200 0.201569 0.137383 3.00729 0 0 3.34672 3.14567 
20400 0.198559 0.137692 2.91573 0 0 3.25172 3.05411 
20600 0.195655 0.137982 2.82927 0 0 3.16262 2.96765 
20800 0.19281 0.138261 2.74558 0 0 3.07669 2.88396 
21000 0.190059 0.138535 2.66604 0 0 2.99424 2.80442 
21200 0.187358 0.138808 2.58873 0 0 2.91367 2.72711 
21400 0.184742 0.13907 2.51509 0 0 2.83744 2.65347 
21600 0.18218 0.139325 2.44388 0 0 2.76411 2.58226 
21800 0.179651 0.13958 2.37479 0 0 2.6929 2.51317 
22000 0.177153 0.139835 2.30784 0 0 2.62382 2.44622 
22200 0.174703 0.140083 2.24279 0 0 2.55703 2.38154 
22400 0.172326 0.140322 2.1806 0 0 2.49371 2.32029 
22600 0.16998 0.140557 2.11976 0 0 2.43125 2.26023 
22800 0.167728 0.14078 2.06295 0 0 2.37139 2.20372 
23000 0.165481 0.141003 2.00636 0 0 2.31184 2.14743 
23200 0.163338 0.141221 1.95398 0 0 2.25797 2.09525 
23400 0.161196 0.14144 1.90161 0 0 2.20411 2.04307 
23600 0.159129 0.141646 1.85255 0 0 2.15328 1.99421 
23800 0.157082 0.14185 1.80432 0 0 2.1032 1.94617 
24000 0.155084 0.142052 1.75798 0 0 2.05504 1.90002 
24200 0.153137 0.142251 1.71353 0 0 2.00879 1.85577 
24400 0.151205 0.142447 1.66958 0 0 1.96307 1.81201 
24600 0.149354 0.142624 1.62848 0 0 1.92038 1.77109 
24800 0.147503 0.142801 1.58737 0 0 1.8777 1.73017 
25000 0.145688 0.142984 1.54815 0 0 1.83682 1.69106 
25200 0.143884 0.14317 1.50956 0 0 1.79656 1.65256 
25400 0.14212 0.143347 1.47222 0 0 1.7576 1.61538 
25600 0.140433 0.143508 1.43722 0 0 1.72109 1.58065 
25800 0.138746 0.143669 1.40223 0 0 1.68457 1.54592 
26000 0.137104 0.143829 1.36897 0 0 1.64988 1.51286 
26200 0.13547 0.14399 1.33603 0 0 1.61551 1.4801 
26400 0.13387 0.144146 1.30419 0 0 1.58226 1.44841 
26600 0.132334 0.144292 1.2744 0 0 1.5511 1.4187 
26800 0.130797 0.144438 1.24462 0 0 1.51994 1.389 
27000 0.129293 0.144583 1.21612 0 0 1.49006 1.36065 
27200 0.127799 0.144729 1.18805 0 0 1.46062 1.33275 
27400 0.12632 0.144873 1.16037 0 0 1.43157 1.30523 
27600 0.124923 0.145006 1.1349 0 0 1.40479 1.27985 
27800 0.123526 0.145138 1.10944 0 0 1.378 1.25447 
28000 0.122147 0.14527 1.08465 0 0 1.35193 1.2298 
28200 0.120791 0.145402 1.06068 0 0 1.32672 1.206 
28400 0.119436 0.145535 1.03671 0 0 1.3015 1.18219 
28600 0.11814 0.145657 1.01439 0 0 1.27804 1.15998 
28800 0.116865 0.145777 0.992631 0 0 1.25516 1.13829 
29000 0.115589 0.145897 0.97087 0 0 1.23229 1.11661 
29200 0.114365 0.146007 0.950587 0 0 1.21098 1.09656 
29400 0.113143 0.146116 0.930382 0 0 1.18976 1.07659 
29600 0.111925 0.146226 0.910295 0 0 1.16864 1.05671 
29800 0.110734 0.146332 0.89127 0 0 1.14844 1.03769 
30000 0.109544 0.146438 0.872246 0 0 1.12825 1.01866 
30200 0.108373 0.146552 0.853872 0 0 1.10894 1.00053 
30400 0.107261 0.14665 0.836621 0 0 1.09063 0.983355 
30600 0.106149 0.146749 0.819371 0 0 1.07232 0.96618 
30800 0.105049 0.146844 0.80252 0 0 1.05444 0.949404 
31000 0.103978 0.146934 0.786598 0 0 1.03755 0.933557 
31200 0.102906 0.147023 0.770677 0 0 1.02066 0.91771 
31400 0.101856 0.147111 0.755169 0 0 1.0042 0.902276 
31600 0.100855 0.147198 0.740626 0 0 0.988717 0.887805 
31800 0.0998545 0.147284 0.726082 0 0 0.973238 0.873333 
32000 0.098858 0.147369 0.711711 0 0 0.957931 0.859034 
32200 0.0978789 0.147448 0.698031 0 0 0.943315 0.845426 
32400 0.0968997 0.147528 0.684352 0 0 0.9287 0.831819 
32600 0.0959264 0.147606 0.670791 0 0 0.914213 0.81833 
32800 0.0950057 0.147683 0.658306 0 0 0.900891 0.805915 
33000 0.094085 0.14776 0.645821 0 0 0.887569 0.7935 
33200 0.0931643 0.147837 0.633336 0 0 0.874247 0.781084 
33400 0.0922811 0.147906 0.621642 0 0 0.86179 0.769521 
33600 0.0914021 0.147975 0.610036 0 0 0.849428 0.758052 
33800 0.090523 0.148043 0.59843 0 0 0.837067 0.746583 
34000 0.0896658 0.148111 0.587422 0 0 0.825266 0.735623 
34200 0.0888204 0.148179 0.576736 0 0 0.813769 0.724937 
34400 0.087975 0.148247 0.566049 0 0 0.802271 0.714251 
34600 0.0871451 0.148311 0.55568 0 0 0.791098 0.703904 
34800 0.0863443 0.14837 0.545899 0 0 0.780529 0.694189 
35000 0.0855434 0.14843 0.536117 0 0 0.76996 0.684473 
35200 0.0847425 0.148489 0.526336 0 0 0.759391 0.674757 
35400 0.0839666 0.148541 0.517054 0 0 0.749446 0.665541 
35600 0.083192 0.148594 0.507798 0 0 0.739533 0.65635 
35800 0.0824173 0.148646 0.498542 0 0 0.729621 0.64716 
36000 0.0816711 0.148694 0.489812 0 0 0.720215 0.638495 
36200 0.0809481 0.148738 0.481513 0 0 0.711225 0.630258 
36400 0.080225 0.148782 0.473214 0 0 0.702234 0.622022 
36600 0.079502 0.148826 0.464915 0 0 0.693243 0.613786 
36800 0.0787979 0.14887 0.457119 0 0 0.684756 0.60599 
37000 0.0780937 0.148914 0.449323 0 0 0.676268 0.598194 
37200 0.0773895 0.148958 0.441527 0 0 0.66778 0.590398 
37400 0.0767023 0.149002 0.434019 0 0 0.659617 0.582918 
37600 0.0760358 0.149045 0.426865 0 0 0.651851 0.575824 
37800 0.0753692 0.149087 0.41971 0 0 0.644085 0.568731 
38000 0.0747027 0.14913 0.412556 0 0 0.636319 0.561638 
38200 0.0740647 0.149163 0.405887 0 0 0.629052 0.555029 
38400 0.0734338 0.149192 0.39934 0 0 0.62191 0.548542 
38600 0.0728029 0.149222 0.392793 0 0 0.614768 0.542054 
38800 0.0721732 0.149252 0.386264 0 0 0.607647 0.535584 
39000 0.0715661 0.149282 0.380074 0 0 0.600921 0.529454 
39200 0.070959 0.149311 0.373884 0 0 0.594195 0.523324 
39400 0.0703519 0.149341 0.367694 0 0 0.58747 0.517193 
39600 0.0697523 0.149371 0.361673 0 0 0.580899 0.511213 
39800 0.06917 0.1494 0.356044 0 0 0.574688 0.505585 
40000 0.0685878 0.149429 0.350416 0 0 0.568477 0.499957 
40200 0.0680298 0.149457 0.344976 0 0 0.562479 0.494516 
40400 0.0674735 0.14948 0.339632 0 0 0.556597 0.489173 
40600 0.0669198 0.149497 0.334434 0 0 0.55089 0.483974 
40800 0.066366 0.149514 0.329235 0 0 0.545183 0.478776 
41000 0.0658123 0.149531 0.324037 0 0 0.539476 0.473577 
41200 0.0652717 0.149551 0.319018 0 0 0.533952 0.468584 
41400 0.0647472 0.149573 0.314219 0 0 0.528651 0.463841 
41600 0.0642226 0.149595 0.309421 0 0 0.52335 0.459098 
41800 0.0636981 0.149618 0.304622 0 0 0.518049 0.454355 
42000 0.0631843 0.149635 0.299998 0 0 0.512929 0.449762 
42200 0.0626835 0.149646 0.295589 0 0 0.50803 0.445353 
42400 0.0621826 0.149657 0.29118 0 0 0.50313 0.440943 
42600 0.0616818 0.149667 0.28677 0 0 0.498231 0.436534 
42800 0.0611887 0.149678 0.282473 0 0 0.493446 0.432237 
43000 0.0607101 0.149689 0.278386 0 0 0.488875 0.42815 
43200 0.0602314 0.1497 0.274298 0 0 0.484303 0.424062 
43400 0.0597528 0.149711 0.270211 0 0 0.479732 0.419975 
43600 0.0592795 0.14972 0.266194 0 0 0.475234 0.415957 
43800 0.0588279 0.149725 0.262456 0 0 0.471029 0.41222 
44000 0.0583764 0.149731 0.258719 0 0 0.466825 0.408483 
44200 0.0579248 0.149736 0.254982 0 0 0.462621 0.404746 
44400 0.0574732 0.149741 0.251245 0 0 0.458416 0.401009 
44600 0.0570356 0.149741 0.247741 0 0 0.454492 0.397505 
44800 0.0565996 0.149741 0.244263 0 0 0.450599 0.394027 
45000 0.0561636 0.149741 0.240786 0 0 0.446706 0.39055 
45200 0.0557276 0.149741 0.237308 0 0 0.442813 0.387072 
45400 0.0553064 0.149741 0.234 0 0 0.43909 0.383755 
45600 0.0548952 0.149741 0.230805 0 0 0.435478 0.380545 
45800 0.0544839 0.149741 0.22761 0 0 0.431867 0.377335 
46000 0.0540726 0.149741 0.224415 0 0 0.428256 0.374125 
46200 0.0536642 0.149741 0.221255 0 0 0.42468 0.37095 
46400 0.0532724 0.149741 0.218294 0 0 0.421308 0.367974 
46600 0.0528806 0.149741 0.215333 0 0 0.417935 0.364998 
46800 0.0524887 0.149741 0.212372 0 0 0.414562 0.362022 
47000 0.0520969 0.149741 0.209411 0 0 0.411189 0.359046 
47200 0.0517169 0.149735 0.206605 0 0 0.407991 0.356238 
47400 0.0513433 0.149725 0.203883 0 0 0.404885 0.353521 
47600 0.0509697 0.149716 0.201161 0 0 0.40178 0.350804 
47800 0.0505961 0.149706 0.198439 0 0 0.398675 0.348087 
48000 0.0502236 0.149696 0.195728 0 0 0.395582 0.34538 
48200 0.0498722 0.149687 0.193226 0 0 0.392733 0.342863 
48400 0.0495208 0.149677 0.190723 0 0 0.389883 0.340346 
48600 0.0491694 0.149668 0.18822 0 0 0.387034 0.337829 
48800 0.0488179 0.149658 0.185718 0 0 0.384185 0.335312 
49000 0.0484707 0.149647 0.183284 0 0 0.381405 0.332863 
49200 0.0481313 0.149633 0.180978 0 0 0.378755 0.330538 
49400 0.0477918 0.149619 0.178671 0 0 0.376104 0.328213 
49600 0.0474524 0.149605 0.176365 0 0 0.373454 0.325888 
49800 0.0471129 0.149591 0.174059 0 0 0.370803 0.323563 
50000 0.0467816 0.149585 0.171771 0 0 0.368048 0.321401 
50200 0.0464598 0.14957 0.169637 0 0 0.365609 0.319221 
50400 0.046138 0.149554 0.167504 0 0 0.363169 0.317041 
50600 0.0458162 0.149538 0.165371 0 0 0.36073 0.31486 
50800 0.0454944 0.149523 0.163237 0 0 0.35829 0.31268 
51000 0.0451854 0.149506 0.161226 0 0 0.355965 0.310652 
51200 0.0448818 0.149488 0.159266 0 0 0.353688 0.308687 
51400 0.0445783 0.14947 0.157306 0 0 0.351411 0.306723 
51600 0.0442747 0.149452 0.155347 0 0 0.349135 0.304759 
51800 0.0439712 0.149434 0.153387 0 0 0.346858 0.302795 
52000 0.0436759 0.149413 0.151525 0 0 0.344659 0.300906 
52200 0.0433842 0.149391 0.149704 0 0 0.342494 0.29905 
52400 0.0430925 0.149369 0.147883 0 0 0.340328 0.297194 
52600 0.0428008 0.149347 0.146062 0 0 0.338162 0.295338 
52800 0.0425091 0.149325 0.144241 0 0 0.335997 0.293481 
53000 0.0422285 0.149303 0.142521 0 0 0.333983 0.291744 
53200 0.0419538 0.149282 0.140856 0 0 0.332052 0.29007 
53400 0.0416791 0.149261 0.13919 0 0 0.33012 0.288396 
53600 0.0414044 0.149239 0.137525 0 0 0.328189 0.286722 
53800 0.0411297 0.149218 0.13586 0 0 0.326257 0.285048 
54000 0.04086 0.149194 0.134247 0 0 0.324372 0.283419 
54200 0.0405964 0.149169 0.1327 0 0 0.322544 0.281846 
54400 0.0403328 0.149143 0.131152 0 0 0.320716 0.280273 
54600 0.0400692 0.149118 0.129605 0 0 0.318888 0.2787 
54800 0.0398056 0.149092 0.128057 0 0 0.31706 0.277127 
55000 0.0395447 0.149067 0.126533 0 0 0.315255 0.275577 
55200 0.0392944 0.149042 0.125102 0 0 0.313545 0.274117 
55400 0.0390441 0.149017 0.123671 0 0 0.311835 0.272657 
55600 0.0387938 0.148992 0.12224 0 0 0.310124 0.271196 
55800 0.0385435 0.148967 0.120809 0 0 0.308414 0.269736 
56000 0.0382931 0.148942 0.119378 0 0 0.306703 0.268276 
56200 0.0380555 0.148914 0.118053 0 0 0.305101 0.266919 
56400 0.0378202 0.148885 0.116746 0 0 0.303519 0.26558 
56600 0.0375848 0.148857 0.11544 0 0 0.301936 0.26424 
56800 0.0373494 0.148829 0.114133 0 0 0.300353 0.262901 
57000 0.0371141 0.1488 0.112826 0 0 0.298771 0.261562 
57200 0.036883 0.148771 0.111554 0 0 0.297226 0.260259 
57400 0.0366598 0.148739 0.110347 0 0 0.295751 0.259024 
57600 0.0364366 0.148707 0.109139 0 0 0.294277 0.257788 
57800 0.0362134 0.148675 0.107931 0 0 0.292802 0.256553 
58000 0.0359902 0.148643 0.106724 0 0 0.291327 0.255317 
58200 0.035767 0.148611 0.105516 0 0 0.289852 0.254081 
58400 0.0355497 0.14858 0.104377 0 0 0.288456 0.252921 
58600 0.0353343 0.148548 0.103261 0 0 0.287085 0.251785 
58800 0.0351189 0.148517 0.102145 0 0 0.285715 0.25065 
59000 0.0349036 0.148486 0.101029 0 0 0.284344 0.249514 
59200 0.0346882 0.148454 0.0999132 0 0 0.282974 0.248379 
59400 0.0344734 0.148423 0.0988003 0 0 0.28161 0.247245 
59600 0.0342685 0.148386 0.0977465 0 0 0.280366 0.246147 
59800 0.0340636 0.14835 0.0966928 0 0 0.279122 0.24505 
60000 0.0338587 0.148313 0.095639 0 0 0.277878 0.243952 
60200 0.0336558 0.148281 0.0946407 0 0 0.276579 0.242897 
60400 0.0334529 0.148248 0.0936424 0 0 0.27528 0.241842 
60600 0.0332524 0.148214 0.0926554 0 0 0.274013 0.240805 
60800 0.0330595 0.148176 0.0917021 0 0 0.272841 0.239821 
61000 0.0328666 0.148139 0.0907488 0 0 0.271668 0.238837 
61200 0.0326736 0.148101 0.0897955 0 0 0.270495 0.237854 
61400 0.0324807 0.148063 0.0888422 0 0 0.269322 0.23687 
61600 0.0322878 0.148025 0.0878889 0 0 0.26815 0.235887 
61800 0.0320991 0.147988 0.0869645 0 0 0.267013 0.234925 
62000 0.0319183 0.147951 0.0860938 0 0 0.265943 0.234002 
62200 0.0317376 0.147914 0.0852232 0 0 0.264873 0.23308 
62400 0.0315568 0.147877 0.0843525 0 0 0.263803 0.232158 
62600 0.031376 0.14784 0.0834819 0 0 0.262734 0.231235 
62800 0.0311953 0.147803 0.0826112 0 0 0.261664 0.230313 
63000 0.0310165 0.147765 0.0817601 0 0 0.26061 0.229417 
63200 0.0308423 0.147725 0.0809544 0 0 0.259594 0.228582 
63400 0.0306681 0.147686 0.0801487 0 0 0.258578 0.227748 
63600 0.0304939 0.147646 0.0793431 0 0 0.257561 0.226913 
63800 0.0303197 0.147606 0.0785374 0 0 0.256545 0.226078 
64000 0.0301455 0.147566 0.0777317 0 0 0.255529 0.225244 
64200 0.0299728 0.147526 0.0769349 0 0 0.254521 0.224417 
64400 0.0298085 0.147487 0.0761886 0 0 0.253557 0.223639 
64600 0.0296442 0.147447 0.0754422 0 0 0.252592 0.22286 
64800 0.0294799 0.147408 0.0746958 0 0 0.251628 0.222082 
65000 0.0293157 0.147369 0.0739495 0 0 0.250664 0.221303 
65200 0.0291514 0.14733 0.0732031 0 0 0.2497 0.220525 
65400 0.0289871 0.14729 0.0724567 0 0 0.248736 0.219746 
65600 0.0288295 0.147249 0.0717669 0 0 0.247854 0.219012 
65800 0.0286725 0.147207 0.0710834 0 0 0.246983 0.218284 
66000 0.0285156 0.147165 0.0703999 0 0 0.246111 0.217555 
66200 0.0283587 0.147123 0.0697163 0 0 0.245239 0.216826 
66400 0.0282017 0.147081 0.0690328 0 0 0.244367 0.216097 
66600 0.0280448 0.147039 0.0683492 0 0 0.243495 0.215368 
66800 0.0278931 0.146996 0.067694 0 0 0.24265 0.214668 
67000 0.0277465 0.146952 0.067067 0 0 0.241833 0.213997 
67200 0.0276 0.146908 0.06644 0 0 0.241015 0.213325 
67400 0.0274535 0.146863 0.065813 0 0 0.240197 0.212654 
67600 0.027307 0.146819 0.065186 0 0 0.239379 0.211983 
67800 0.0271604 0.146775 0.064559 0 0 0.238561 0.211312 
68000 0.0270139 0.146731 0.063932 0 0 0.237743 0.21064 
68200 0.0268727 0.146687 0.0633459 0 0 0.236969 0.210014 
68400 0.0267317 0.146643 0.0627619 0 0 0.236197 0.209389 
68600 0.0265907 0.1466 0.0621779 0 0 0.235425 0.208765 
68800 0.0264498 0.146556 0.0615939 0 0 0.234653 0.208141 
69000 0.0263088 0.146512 0.0610099 0 0 0.233881 0.207517 
69200 0.0261678 0.146469 0.0604259 0 0 0.233109 0.206892 
69400 0.0260285 0.146424 0.0598564 0 0 0.232351 0.206281 
69600 0.0258929 0.146378 0.0593207 0 0 0.231623 0.205699 
69800 0.0257574 0.146332 0.0587851 0 0 0.230896 0.205117 
70000 0.0256218 0.146285 0.0582494 0 0 0.230168 0.204535 
70200 0.0254862 0.146239 0.0577137 0 0 0.229441 0.203953 
70400 0.0253506 0.146193 0.0571781 0 0 0.228714 0.203371 
70600 0.0252151 0.146147 0.0566424 0 0 0.227986 0.202789 
70800 0.0250847 0.146101 0.0561291 0 0 0.227292 0.202228 
71000 0.0249585 0.146056 0.0556342 0 0 0.226626 0.201685 
71200 0.0248324 0.14601 0.0551393 0 0 0.22596 0.201141 
71400 0.0247062 0.145965 0.0546444 0 0 0.225293 0.200598 
71600 0.0245801 0.14592 0.0541495 0 0 0.224627 0.200054 
71800 0.0244539 0.145874 0.0536546 0 0 0.223961 0.199511 
72000 0.0243278 0.145829 0.0531597 0 0 0.223294 0.198968 
72200 0.0242054 0.145782 0.0526901 0 0 0.222658 0.198452 
72400 0.0240851 0.145735 0.0522343 0 0 0.222037 0.197952 
72600 0.0239648 0.145687 0.0517784 0 0 0.221417 0.197452 
72800 0.0238445 0.14564 0.0513225 0 0 0.220796 0.196952 
73000 0.0237242 0.145592 0.0508666 0 0 0.220176 0.196451 
73200 0.0236039 0.145545 0.0504107 0 0 0.219555 0.195951 
73400 0.0234836 0.145497 0.0499548 0 0 0.218935 0.195451 
73600 0.0233666 0.145451 0.0495214 0 0 0.218339 0.19497 
73800 0.0232519 0.145404 0.0491029 0 0 0.217759 0.194502 
74000 0.0231372 0.145358 0.0486844 0 0 0.217179 0.194034 
74200 0.0230226 0.145311 0.0482659 0 0 0.216599 0.193566 
74400 0.0229079 0.145265 0.0478474 0 0 0.21602 0.193098 
74600 0.0227932 0.145218 0.0474289 0 0 0.21544 0.19263 
74800 0.0226785 0.145172 0.0470104 0 0 0.21486 0.192161 
75000 0.022567 0.145124 0.046604 0 0 0.214295 0.191707 
75200 0.0224603 0.145075 0.0462157 0 0 0.213751 0.191273 
75400 0.0223535 0.145026 0.0458274 0 0 0.213206 0.190839 
75600 0.0222468 0.144977 0.0454391 0 0 0.212662 0.190404 
75800 0.0221401 0.144928 0.0450508 0 0 0.212118 0.18997 
76000 0.0220334 0.144879 0.0446625 0 0 0.211574 0.189536 
76200 0.0219267 0.144831 0.0442742 0 0 0.21103 0.189102 
76400 0.0218205 0.144782 0.0438893 0 0 0.210489 0.188671 
76600 0.0217184 0.144734 0.0435352 0 0 0.209983 0.188266 
76800 0.0216163 0.144687 0.0431811 0 0 0.209477 0.187861 
77000 0.0215143 0.144639 0.0428269 0 0 0.208971 0.187457 
77200 0.0214122 0.144591 0.0424728 0 0 0.208466 0.187052 
77400 0.0213101 0.144544 0.0421187 0 0 0.20796 0.186647 
77600 0.021208 0.144496 0.0417645 0 0 0.207454 0.186242 
77800 0.021106 0.144448 0.0414104 0 0 0.206948 0.185838 
78000 0.0210068 0.144399 0.0410714 0 0 0.20646 0.185449 
78200 0.0209096 0.14435 0.0407425 0 0 0.205984 0.18507 
78400 0.0208124 0.1443 0.0404135 0 0 0.205508 0.184691 
78600 0.0207152 0.14425 0.0400846 0 0 0.205033 0.184312 
78800 0.020618 0.1442 0.0397557 0 0 0.204557 0.183933 
79000 0.0205208 0.14415 0.0394268 0 0 0.204081 0.183554 
79200 0.0204236 0.1441 0.0390979 0 0 0.203605 0.183175 
79400 0.0203264 0.14405 0.038769 0 0 0.20313 0.182797 
79600 0.0202334 0.143998 0.0384565 0 0 0.202676 0.182439 
79800 0.0201404 0.143946 0.038144 0 0 0.202222 0.182082 
80000 0.0200474 0.143894 0.0378315 0 0 0.201768 0.181725 
80200 0.0199562 0.143842 0.0375308 0 0 0.201326 0.181378 
80400 0.019865 0.14379 0.0372301 0 0 0.200885 0.18103 
80600 0.0197739 0.143739 0.0369294 0 0 0.200443 0.180682 
80800 0.0196827 0.143687 0.0366286 0 0 0.200001 0.180334 
81000 0.0195927 0.143636 0.0363336 0 0 0.199567 0.179992 
81200 0.0195059 0.143589 0.0360557 0 0 0.199154 0.179663 
81400 0.0194192 0.143541 0.0357777 0 0 0.198742 0.179335 
81600 0.0193324 0.143493 0.0354998 0 0 0.198329 0.179006 
81800 0.0192457 0.143445 0.0352218 0 0 0.197916 0.178678 
82000 0.0191589 0.143398 0.0349439 0 0 0.197503 0.178349 
82200 0.0190722 0.14335 0.034666 0 0 0.197091 0.178021 
82400 0.0189854 0.143302 0.034388 0 0 0.196678 0.177692 
82600 0.0188998 0.143253 0.0341169 0 0 0.196272 0.17737 
82800 0.0188169 0.1432 0.0338619 0 0 0.195881 0.177062 
83000 0.018734 0.143148 0.0336068 0 0 0.19549 0.176754 
83200 0.0186511 0.143095 0.0333517 0 0 0.195099 0.176447 
83400 0.0185682 0.143042 0.0330966 0 0 0.194708 0.176139 
83600 0.0184853 0.14299 0.0328415 0 0 0.194317 0.175831 
83800 0.0184024 0.142937 0.0325865 0 0 0.193926 0.175523 
84000 0.0183195 0.142884 0.0323314 0 0 0.193535 0.175216 
84200 0.0182379 0.142833 0.0320805 0 0 0.193151 0.174913 
84400 0.0181599 0.142784 0.0318425 0 0 0.192786 0.174626 
84600 0.018082 0.142735 0.0316044 0 0 0.19242 0.17434 
84800 0.0180041 0.142686 0.0313663 0 0 0.192055 0.174053 
85000 0.0179262 0.142638 0.0311282 0 0 0.19169 0.173766 
85200 0.0178483 0.142589 0.0308902 0 0 0.191325 0.173479 
85400 0.0177704 0.14254 0.0306521 0 0 0.190959 0.173192 
85600 0.0176925 0.142492 0.030414 0 0 0.190594 0.172906 
85800 0.0176145 0.142443 0.0301759 0 0 0.190229 0.172619 
86000 0.01754 0.14239 0.0299568 0 0 0.189884 0.172349 
86200 0.0174654 0.142336 0.0297376 0 0 0.189539 0.172079 
86400 0.0173908 0.142283 0.0295184 0 0 0.189195 0.171809 
86600 0.0173162 0.142229 0.0292992 0 0 0.18885 0.171539 
86800 0.0172417 0.142176 0.02908 0 0 0.188505 0.171269 
87000 0.0171671 0.142122 0.0288608 0 0 0.18816 0.170999 
87200 0.0170925 0.142069 0.0286417 0 0 0.187815 0.170729 
87400 0.0170179 0.142015 0.0284225 0 0 0.18747 0.170459 
87600 0.0169462 0.141964 0.0282151 0 0 0.187139 0.1702 
87800 0.016876 0.141915 0.0280141 0 0 0.186816 0.169947 
88000 0.0168057 0.141865 0.0278131 0 0 0.186492 0.169694 
88200 0.0167355 0.141816 0.0276121 0 0 0.186168 0.16944 
88400 0.0166653 0.141766 0.0274111 0 0 0.185845 0.169187 
88600 0.0165951 0.141716 0.0272101 0 0 0.185521 0.168934 
88800 0.0165249 0.141667 0.0270091 0 0 0.185197 0.168681 
89000 0.0164546 0.141617 0.0268081 0 0 0.184873 0.168428 
89200 0.0163848 0.141567 0.0266088 0 0 0.184552 0.168176 
89400 0.0163185 0.141516 0.0264251 0 0 0.184251 0.167942 
89600 0.0162522 0.141465 0.0262415 0 0 0.18395 0.167707 
89800 0.0161858 0.141414 0.0260578 0 0 0.183649 0.167472 
90000 0.0161195 0.141363 0.0258742 0 0 0.183348 0.167238 
90200 0.0160532 0.141312 0.0256905 0 0 0.183047 0.167003 
90400 0.0159869 0.141261 0.0255068 0 0 0.182746 0.166768 
90600 0.0159206 0.14121 0.0253232 0 0 0.182445 0.166533 
90800 0.0158542 0.141159 0.0251395 0 0 0.182144 0.166299 
91000 0.0157891 0.141108 0.0249605 0 0 0.181848 0.166068 
91200 0.0157261 0.141055 0.0247899 0 0 0.181563 0.165845 
91400 0.0156632 0.141002 0.0246194 0 0 0.181277 0.165622 
91600 0.0156003 0.14095 0.0244489 0 0 0.180991 0.165399 
91800 0.0155373 0.140897 0.0242783 0 0 0.180705 0.165175 
92000 0.0154744 0.140844 0.0241078 0 0 0.180419 0.164952 
92200 0.0154114 0.140792 0.0239373 0 0 0.180133 0.164729 
92400 0.0153485 0.140739 0.0237667 0 0 0.179847 0.164506 
92600 0.0152855 0.140686 0.0235962 0 0 0.179561 0.164283 
92800 0.0152239 0.140634 0.0234316 0 0 0.179283 0.164065 
93000 0.015164 0.140582 0.0232743 0 0 0.179014 0.163856 
93200 0.0151041 0.140531 0.0231169 0 0 0.178745 0.163646 
93400 0.0150441 0.140479 0.0229596 0 0 0.178477 0.163437 
93600 0.0149842 0.140427 0.0228022 0 0 0.178208 0.163227 
93800 0.0149243 0.140375 0.0226449 0 0 0.177939 0.163017 
94000 0.0148644 0.140323 0.0224875 0 0 0.17767 0.162808 
94200 0.0148044 0.140272 0.0223302 0 0 0.177401 0.162598 
94400 0.0147445 0.14022 0.0221728 0 0 0.177133 0.162388 
94600 0.014686 0.140168 0.0220205 0 0 0.176871 0.162184 
94800 0.0146295 0.140118 0.0218758 0 0 0.17662 0.161989 
95000 0.014573 0.140067 0.021731 0 0 0.176369 0.161794 
95200 0.0145166 0.140016 0.0215862 0 0 0.176118 0.161598 
95400 0.0144601 0.139966 0.0214414 0 0 0.175867 0.161403 
95600 0.0144036 0.139915 0.0212967 0 0 0.175616 0.161207 
95800 0.0143472 0.139864 0.0211519 0 0 0.175365 0.161012 
96000 0.0142907 0.139814 0.0210071 0 0 0.175114 0.160816 
96200 0.0142343 0.139763 0.0208623 0 0 0.174863 0.160621 
96400 0.0141782 0.139712 0.0207192 0 0 0.174614 0.160427 
96600 0.0141246 0.13966 0.0205855 0 0 0.174374 0.160242 
96800 0.0140709 0.139608 0.0204519 0 0 0.174134 0.160057 
97000 0.0140172 0.139555 0.0203182 0 0 0.173895 0.159871 
97200 0.0139636 0.139503 0.0201845 0 0 0.173655 0.159686 
97400 0.0139099 0.139451 0.0200508 0 0 0.173415 0.159501 
97600 0.0138562 0.139399 0.0199171 0 0 0.173175 0.159316 
97800 0.0138026 0.139347 0.0197835 0 0 0.172935 0.159131 
98000 0.0137489 0.139294 0.0196498 0 0 0.172696 0.158945 
98200 0.0136953 0.139242 0.0195161 0 0 0.172456 0.15876 
98400 0.0136436 0.139191 0.0193901 0 0 0.172225 0.158584 
98600 0.0135926 0.13914 0.0192666 0 0 0.171998 0.15841 
98800 0.0135416 0.139089 0.0191432 0 0 0.171771 0.158237 
99000 0.0134905 0.139038 0.0190197 0 0 0.171544 0.158063 
99200 0.0134395 0.138987 0.0188963 0 0 0.171317 0.15789 
99400 0.0133885 0.138936 0.0187728 0 0 0.17109 0.157717 
99600 0.0133375 0.138885 0.0186493 0 0 0.170863 0.157543 
99800 0.0132865 0.138834 0.0185259 0 0 0.170636 0.15737 
100000 0.0132355 0.138783 0.0184024 0 0 0.170409 0.157196 
100200 0.013193 0.138738 0.018302 0 0 0.170231 0.15704 
100400 0.0131435 0.138684 0.0181852 0 0 0.170012 0.156871 
100600 0.0130939 0.13863 0.0180684 0 0 0.169794 0.156702 
100800 0.0130443 0.138576 0.0179517 0 0 0.169575 0.156532 
101000 0.0129948 0.138522 0.0178349 0 0 0.169357 0.156363 
101200 0.0129452 0.138468 0.0177182 0 0 0.169138 0.156194 
101400 0.0128956 0.138414 0.0176014 0 0 0.16892 0.156025 
101600 0.012846 0.13836 0.0174846 0 0 0.168701 0.155856 
101800 0.0127965 0.138306 0.0173679 0 0 0.168483 0.155687 
102000 0.0127469 0.138252 0.0172511 0 0 0.168264 0.155518 
102200 0.0126993 0.1382 0.0171406 0 0 0.168055 0.155355 
102400 0.0126538 0.138151 0.0170364 0 0 0.167854 0.155199 
102600 0.0126083 0.138102 0.0169321 0 0 0.167653 0.155042 
102800 0.0125627 0.138053 0.0168279 0 0 0.167452 0.154886 
103000 0.0125172 0.138004 0.0167237 0 0 0.167251 0.15473 
103200 0.0124717 0.137955 0.0166194 0 0 0.16705 0.154574 
103400 0.0124262 0.137905 0.0165152 0 0 0.166849 0.154417 
103600 0.0123806 0.137856 0.016411 0 0 0.166648 0.154261 
103800 0.0123351 0.137807 0.0163067 0 0 0.166448 0.154105 
104000 0.0122896 0.137758 0.0162025 0 0 0.166247 0.153949 
104200 0.0122459 0.137708 0.0161038 0 0 0.166054 0.153799 
104400 0.012204 0.137657 0.0160107 0 0 0.165869 0.153657 
104600 0.0121621 0.137606 0.0159176 0 0 0.165684 0.153515 
104800 0.0121202 0.137555 0.0158245 0 0 0.165499 0.153372 
105000 0.0120784 0.137504 0.0157314 0 0 0.165314 0.15323 
105200 0.0120365 0.137453 0.0156383 0 0 0.165129 0.153087 
105400 0.0119946 0.137402 0.0155452 0 0 0.164944 0.152945 
105600 0.0119527 0.137351 0.0154521 0 0 0.164759 0.152802 
105800 0.0119108 0.1373 0.015359 0 0 0.164574 0.15266 
106000 0.011869 0.137249 0.0152659 0 0 0.164389 0.152518 
106200 0.0118271 0.137198 0.0151728 0 0 0.164204 0.152375 
106400 0.0117849 0.137147 0.0150808 0 0 0.164017 0.15223 
106600 0.0117427 0.137095 0.0149889 0 0 0.16383 0.152085 
106800 0.0117005 0.137044 0.0148969 0 0 0.163642 0.15194 
107000 0.0116584 0.136993 0.014805 0 0 0.163455 0.151795 
107200 0.0116162 0.136941 0.014713 0 0 0.163267 0.15165 
107400 0.011574 0.13689 0.014621 0 0 0.16308 0.151505 
107600 0.0115318 0.136839 0.0145291 0 0 0.162892 0.15136 
107800 0.0114896 0.136787 0.0144371 0 0 0.162705 0.151215 
108000 0.0114474 0.136736 0.0143452 0 0 0.162517 0.151069 
108200 0.0114053 0.136685 0.0142532 0 0 0.16233 0.150924 
108400 0.0113679 0.136636 0.0141747 0 0 0.162165 0.150799 
108600 0.0113306 0.136587 0.0140962 0 0 0.162001 0.150673 
108800 0.0112933 0.136538 0.0140177 0 0 0.161837 0.150547 
109000 0.0112559 0.13649 0.0139391 0 0 0.161672 0.150421 
109200 0.0112186 0.136441 0.0138606 0 0 0.161508 0.150295 
109400 0.0111813 0.136392 0.0137821 0 0 0.161344 0.15017 
109600 0.0111439 0.136344 0.0137036 0 0 0.161179 0.150044 
109800 0.0111066 0.136295 0.013625 0 0 0.161015 0.149918 
110000 0.0110693 0.136246 0.0135465 0 0 0.16085 0.149792 
110200 0.0110319 0.136198 0.013468 0 0 0.160686 0.149666 
110400 0.0109946 0.136149 0.0133895 0 0 0.160522 0.149541 
110600 0.010957 0.136096 0.0133123 0 0 0.160356 0.149411 
110800 0.0109193 0.136043 0.0132351 0 0 0.16019 0.149281 
111000 0.0108817 0.135989 0.013158 0 0 0.160024 0.149152 
111200 0.0108441 0.135936 0.0130808 0 0 0.159859 0.149022 
111400 0.0108065 0.135883 0.0130037 0 0 0.159693 0.148892 
111600 0.0107688 0.13583 0.0129265 0 0 0.159527 0.148763 
111800 0.0107312 0.135777 0.0128493 0 0 0.159361 0.148633 
112000 0.0106936 0.135724 0.0127722 0 0 0.159195 0.148503 
112200 0.010656 0.135671 0.012695 0 0 0.15903 0.148374 
112400 0.0106183 0.135617 0.0126178 0 0 0.158864 0.148244 
112600 0.0105822 0.135567 0.0125447 0 0 0.158704 0.148119 
112800 0.0105475 0.135518 0.0124755 0 0 0.15855 0.148 
113000 0.0105128 0.135469 0.0124063 0 0 0.158395 0.14788 
113200 0.0104781 0.13542 0.0123371 0 0 0.158241 0.14776 
113400 0.0104434 0.135372 0.0122679 0 0 0.158087 0.14764 
113600 0.0104087 0.135323 0.0121987 0 0 0.157933 0.147521 
113800 0.010374 0.135274 0.0121295 0 0 0.157778 0.147401 
114000 0.0103393 0.135226 0.0120603 0 0 0.157624 0.147281 
114200 0.0103046 0.135177 0.0119911 0 0 0.15747 0.147162 
114400 0.0102699 0.135128 0.011922 0 0 0.157316 0.147042 
114600 0.0102352 0.13508 0.0118528 0 0 0.157162 0.146922 
114800 0.0102018 0.135031 0.0117871 0 0 0.157013 0.146807 
115000 0.0101698 0.134982 0.011725 0 0 0.156869 0.146696 
115200 0.0101378 0.134934 0.0116629 0 0 0.156726 0.146586 
115400 0.0101058 0.134885 0.0116008 0 0 0.156582 0.146475 
115600 0.0100738 0.134837 0.0115387 0 0 0.156438 0.146364 
115800 0.0100417 0.134788 0.0114766 0 0 0.156295 0.146254 
116000 0.0100097 0.13474 0.0114145 0 0 0.156151 0.146143 
116200 0.00997768 0.134691 0.0113524 0 0 0.156007 0.146033 
116400 0.00994566 0.134643 0.0112903 0 0 0.155864 0.145922 
116600 0.00991364 0.134594 0.0112282 0 0 0.15572 0.145811 
116800 0.00988161 0.134546 0.0111661 0 0 0.155577 0.145701 
117000 0.00984959 0.134497 0.0111039 0 0 0.155433 0.14559 
117200 0.00981733 0.134444 0.0110429 0 0 0.155289 0.145478 
117400 0.00978507 0.134392 0.0109818 0 0 0.155145 0.145367 
117600 0.00975281 0.134339 0.0109207 0 0 0.155001 0.145255 
117800 0.00972054 0.134286 0.0108596 0 0 0.154857 0.145144 
118000 0.00968828 0.134233 0.0107986 0 0 0.154713 0.145032 
118200 0.00965602 0.134181 0.0107375 0 0 0.154569 0.14492 
118400 0.00962376 0.134128 0.0106764 0 0 0.154424 0.144809 
118600 0.0095915 0.134075 0.0106154 0 0 0.15428 0.144697 
118800 0.00955924 0.134022 0.0105543 0 0 0.154136 0.144586 
119000 0.00952697 0.13397 0.0104932 0 0 0.153992 0.144474 
119200 0.00949471 0.133917 0.0104321 0 0 0.153848 0.144362 
119400 0.00946607 0.13387 0.0103797 0 0 0.15372 0.144262 
119600 0.00943742 0.133824 0.0103272 0 0 0.153592 0.144162 
119800 0.00940878 0.133777 0.0102748 0 0 0.153463 0.144061 
120000 0.00938014 0.133731 0.0102223 0 0 0.153335 0.143961 
120200 0.00935149 0.133684 0.0101699 0 0 0.153207 0.14386 
120400 0.00932285 0.133638 0.0101174 0 0 0.153078 0.14376 
120600 0.00929421 0.133591 0.010065 0 0 0.15295 0.143659 
120800 0.00926556 0.133545 0.0100125 0 0 0.152822 0.143559 
121000 0.00923692 0.133498 0.00996007 0 0 0.152693 0.143459 
121200 0.00920828 0.133452 0.00990762 0 0 0.152565 0.143358 
121400 0.00917963 0.133405 0.00985517 0 0 0.152437 0.143258 
121600 0.00915099 0.133359 0.00980272 0 0 0.152308 0.143157 
121800 0.00912346 0.133311 0.00975324 0 0 0.152182 0.143059 
122000 0.00909594 0.133262 0.00970377 0 0 0.152055 0.14296 
122200 0.00906841 0.133214 0.00965429 0 0 0.151929 0.142861 
122400 0.00904088 0.133166 0.00960482 0 0 0.151802 0.142763 
122600 0.00901335 0.133117 0.00955535 0 0 0.151676 0.142664 
122800 0.00898583 0.133069 0.00950587 0 0 0.151549 0.142566 
123000 0.0089583 0.13302 0.0094564 0 0 0.151423 0.142467 
123200 0.00893077 0.132972 0.00940692 0 0 0.151296 0.142369 
123400 0.00890325 0.132924 0.00935745 0 0 0.15117 0.14227 
123600 0.00887572 0.132875 0.00930797 0 0 0.151043 0.142171 
123800 0.00884819 0.132827 0.00925849 0 0 0.150917 0.142073 
124000 0.00882066 0.132779 0.00920902 0 0 0.15079 0.141974 
124200 0.00879406 0.132728 0.00916271 0 0 0.15067 0.141879 
124400 0.00876747 0.132678 0.0091164 0 0 0.150549 0.141785 
124600 0.00874087 0.132628 0.00907008 0 0 0.150428 0.14169 
124800 0.00871427 0.132578 0.00902377 0 0 0.150307 0.141595 
125000 0.00868767 0.132528 0.00897745 0 0 0.150186 0.1415 
125200 0.00866108 0.132477 0.00893114 0 0 0.150065 0.141405 
125400 0.00863448 0.132427 0.00888483 0 0 0.149944 0.14131 
125600 0.00860788 0.132377 0.00883852 0 0 0.149823 0.141215 
125800 0.00858129 0.132327 0.0087922 0 0 0.149702 0.141121 
126000 0.00855469 0.132276 0.00874589 0 0 0.149581 0.141026 
126200 0.00852809 0.132226 0.00869958 0 0 0.149461 0.140931 
126400 0.00850149 0.132176 0.00865327 0 0 0.14934 0.140836 
126600 0.00847583 0.132128 0.00860974 0 0 0.149221 0.140743 
126800 0.00845016 0.132079 0.00856622 0 0 0.149102 0.14065 
127000 0.00842449 0.132031 0.0085227 0 0 0.148983 0.140557 
127200 0.00839882 0.131983 0.00847918 0 0 0.148864 0.140464 
127400 0.00837316 0.131934 0.00843565 0 0 0.148745 0.140371 
127600 0.00834749 0.131886 0.00839213 0 0 0.148625 0.140278 
127800 0.00832182 0.131837 0.0083486 0 0 0.148506 0.140185 
128000 0.00829615 0.131789 0.00830508 0 0 0.148387 0.140092 
128200 0.00827049 0.131741 0.00826156 0 0 0.148268 0.139999 
128400 0.00824482 0.131692 0.00821803 0 0 0.148149 0.139906 
128600 0.00821915 0.131644 0.00817451 0 0 0.14803 0.139813 
128800 0.00819348 0.131596 0.00813099 0 0 0.147911 0.13972 
129000 0.00817065 0.131549 0.00809322 0 0 0.147805 0.139636 
129200 0.00814781 0.131503 0.00805545 0 0 0.147698 0.139552 
129400 0.00812498 0.131457 0.00801768 0 0 0.147592 0.139468 
129600 0.00810215 0.13141 0.0079799 0 0 0.147485 0.139383 
129800 0.00807931 0.131364 0.00794213 0 0 0.147379 0.139299 
130000 0.00805648 0.131318 0.00790436 0 0 0.147273 0.139215 
130200 0.00803364 0.131271 0.00786659 0 0 0.147166 0.139131 
130400 0.00801081 0.131225 0.00782882 0 0 0.14706 0.139047 
130600 0.00798797 0.131178 0.00779105 0 0 0.146953 0.138963 
130800 0.00796514 0.131132 0.00775327 0 0 0.146847 0.138879 
131000 0.0079423 0.131086 0.00771551 0 0 0.14674 0.138795 
131200 0.00791947 0.131039 0.00767773 0 0 0.146634 0.13871 
131400 0.00789663 0.130993 0.00763996 0 0 0.146527 0.138626 
131600 0.0078736 0.130945 0.00760318 0 0 0.146419 0.138541 
131800 0.00785057 0.130897 0.0075664 0 0 0.14631 0.138455 
132000 0.00782753 0.130848 0.00752961 0 0 0.146201 0.138369 
132200 0.0078045 0.1308 0.00749283 0 0 0.146092 0.138284 
132400 0.00778147 0.130752 0.00745605 0 0 0.145983 0.138198 
132600 0.00775843 0.130704 0.00741927 0 0 0.145874 0.138112 
132800 0.0077354 0.130656 0.00738248 0 0 0.145765 0.138026 
133000 0.00771237 0.130607 0.0073457 0 0 0.145656 0.137941 
133200 0.00768933 0.130559 0.00730892 0 0 0.145547 0.137855 
133400 0.0076663 0.130511 0.00727214 0 0 0.145438 0.137769 
133600 0.00764326 0.130463 0.00723535 0 0 0.145329 0.137684 
133800 0.00762023 0.130415 0.00719857 0 0 0.14522 0.137598 
134000 0.00759846 0.130367 0.00716414 0 0 0.145117 0.137517 
134200 0.00757796 0.130321 0.00713207 0 0 0.14502 0.137441 
134400 0.00755746 0.130275 0.00709999 0 0 0.144922 0.137365 
134600 0.00753696 0.130228 0.00706792 0 0 0.144825 0.137289 
134800 0.00751646 0.130182 0.00703585 0 0 0.144727 0.137213 
135000 0.00749596 0.130136 0.00700377 0 0 0.144629 0.137137 
135200 0.00747546 0.13009 0.0069717 0 0 0.144532 0.137061 
135400 0.00745496 0.130043 0.00693963 0 0 0.144434 0.136985 
135600 0.00743446 0.129997 0.00690755 0 0 0.144337 0.136909 
135800 0.00741395 0.129951 0.00687548 0 0 0.144239 0.136833 
136000 0.00739345 0.129904 0.0068434 0 0 0.144142 0.136756 
136200 0.00737295 0.129858 0.00681133 0 0 0.144044 0.13668 
136400 0.00735245 0.129812 0.00677926 0 0 0.143947 0.136604 
136600 0.00733195 0.129766 0.00674718 0 0 0.143849 0.136528 
136800 0.00731152 0.129719 0.00671593 0 0 0.14375 0.136449 
137000 0.00729109 0.129673 0.00668469 0 0 0.14365 0.13637 
137200 0.00727066 0.129626 0.00665344 0 0 0.14355 0.136291 
137400 0.00725023 0.12958 0.00662219 0 0 0.143451 0.136212 
137600 0.0072298 0.129534 0.00659095 0 0 0.143351 0.136133 
137800 0.00720937 0.129487 0.0065597 0 0 0.143252 0.136054 
138000 0.00718894 0.129441 0.00652845 0 0 0.143152 0.135975 
138200 0.0071685 0.129395 0.0064972 0 0 0.143052 0.135896 
138400 0.00714807 0.129348 0.00646596 0 0 0.142953 0.135818 
138600 0.00712764 0.129302 0.00643471 0 0 0.142853 0.135739 
138800 0.00710721 0.129256 0.00640346 0 0 0.142754 0.13566 
139000 0.00708678 0.129209 0.00637221 0 0 0.142654 0.135581 
139200 0.00706635 0.129163 0.00634097 0 0 0.142555 0.135502 
139400 0.00704717 0.129117 0.0063127 0 0 0.142462 0.135427 
139600 0.00702799 0.12907 0.00628442 0 0 0.142369 0.135353 
139800 0.00700882 0.129024 0.00625615 0 0 0.142277 0.135278 
140000 0.00698964 0.128978 0.00622788 0 0 0.142184 0.135204 
140200 0.00697046 0.128931 0.00619961 0 0 0.142092 0.13513 
140400 0.00695128 0.128885 0.00617134 0 0 0.141999 0.135055 
140600 0.0069321 0.128839 0.00614307 0 0 0.141906 0.134981 
140800 0.00691292 0.128793 0.0061148 0 0 0.141814 0.134906 
141000 0.00689375 0.128746 0.00608652 0 0 0.141721 0.134832 
141200 0.00687457 0.1287 0.00605825 0 0 0.141629 0.134758 
141400 0.00685539 0.128654 0.00602998 0 0 0.141536 0.134683 
141600 0.00683621 0.128607 0.00600171 0 0 0.141444 0.134609 
141800 0.00681703 0.128561 0.00597344 0 0 0.141351 0.134534 
142000 0.0067986 0.128516 0.00594647 0 0 0.14126 0.134462 
142200 0.0067809 0.128471 0.0059208 0 0 0.141171 0.134392 
142400 0.0067632 0.128426 0.00589513 0 0 0.141081 0.134322 
142600 0.00674551 0.128382 0.00586947 0 0 0.140992 0.134252 
142800 0.00672781 0.128337 0.0058438 0 0 0.140903 0.134182 
143000 0.00671011 0.128292 0.00581813 0 0 0.140814 0.134111 
143200 0.00669242 0.128248 0.00579247 0 0 0.140724 0.134041 
143400 0.00667472 0.128203 0.0057668 0 0 0.140635 0.133971 
143600 0.00665703 0.128159 0.00574113 0 0 0.140546 0.133901 
143800 0.00663933 0.128114 0.00571546 0 0 0.140457 0.133831 
144000 0.00662163 0.128069 0.0056898 0 0 0.140367 0.133761 
144200 0.00660394 0.128025 0.00566413 0 0 0.140278 0.133691 
144400 0.00658624 0.12798 0.00563846 0 0 0.140189 0.13362 
144600 0.00656855 0.127935 0.00561279 0 0 0.140099 0.13355 
144800 0.00655109 0.12789 0.00558792 0 0 0.140012 0.13348 
145000 0.00653387 0.127844 0.00556385 0 0 0.139926 0.13341 
145200 0.00651665 0.127797 0.00553978 0 0 0.13984 0.13334 
145400 0.00649944 0.127751 0.0055157 0 0 0.139753 0.13327 
145600 0.00648222 0.127705 0.00549163 0 0 0.139667 0.1332 
145800 0.006465 0.127659 0.00546756 0 0 0.139581 0.133129 
146000 0.00644778 0.127612 0.00544348 0 0 0.139495 0.133059 
146200 0.00643056 0.127566 0.00541941 0 0 0.139409 0.132989 
146400 0.00641335 0.12752 0.00539534 0 0 0.139323 0.132919 
146600 0.00639613 0.127474 0.00537126 0 0 0.139237 0.132849 
146800 0.00637891 0.127428 0.00534719 0 0 0.139151 0.132779 
147000 0.00636169 0.127381 0.00532312 0 0 0.139065 0.132708 
147200 0.00634447 0.127335 0.00529905 0 0 0.138979 0.132638 
147400 0.00632726 0.127289 0.00527497 0 0 0.138893 0.132568 
147600 0.00631079 0.127244 0.00525213 0 0 0.138809 0.132501 
147800 0.00629508 0.127201 0.00523053 0 0 0.138729 0.132437 
148000 0.00627936 0.127159 0.00520892 0 0 0.138649 0.132372 
148200 0.00626365 0.127116 0.00518732 0 0 0.138568 0.132308 
148400 0.00624794 0.127073 0.00516571 0 0 0.138488 0.132244 
148600 0.00623223 0.12703 0.00514411 0 0 0.138408 0.13218 
148800 0.00621651 0.126987 0.0051225 0 0 0.138327 0.132115 
149000 0.0062008 0.126944 0.0051009 0 0 0.138247 0.132051 
149200 0.00618509 0.126901 0.00507929 0 0 0.138167 0.131987 
149400 0.00616937 0.126859 0.00505769 0 0 0.138086 0.131922 
149600 0.00615366 0.126816 0.00503608 0 0 0.138006 0.131858 
149800 0.00613795 0.126773 0.00501447 0 0 0.137926 0.131794 
150000 0.00612224 0.12673 0.00499287 0 0 0.137845 0.13173 
150200 0.0061055 0.126685 0.00496943 0 0 0.137756 0.131652 
150400 0.00608876 0.126641 0.004946 0 0 0.137667 0.131573 
150600 0.00607388 0.126598 0.00492621 0 0 0.137589 0.131511 
150800 0.006059 0.126554 0.00490642 0 0 0.137512 0.131448 
151000 0.00604412 0.126511 0.00488663 0 0 0.137434 0.131386 
151200 0.00602924 0.126468 0.00486684 0 0 0.137357 0.131323 
151400 0.00601436 0.126425 0.00484705 0 0 0.13728 0.131261 
151600 0.00599948 0.126382 0.00482726 0 0 0.137202 0.131198 
151800 0.0059846 0.126339 0.00480747 0 0 0.137125 0.131136 
152000 0.00596972 0.126296 0.00478768 0 0 0.137048 0.131073 
152200 0.00595484 0.126252 0.00476789 0 0 0.13697 0.131011 
152400 0.00593996 0.126209 0.0047481 0 0 0.136893 0.130948 
152600 0.00592508 0.126166 0.00472831 0 0 0.136815 0.130886 
152800 0.0059102 0.126123 0.00470852 0 0 0.136738 0.130823 
153000 0.00589532 0.12608 0.00468873 0 0 0.136661 0.130761 
153200 0.00588044 0.126037 0.00466894 0 0 0.136583 0.130698 
153400 0.00586556 0.125994 0.00464915 0 0 0.136506 0.130636 
153600 0.00585128 0.12595 0.00463055 0 0 0.13643 0.130575 
153800 0.00583699 0.125907 0.00461195 0 0 0.136354 0.130514 
154000 0.00582271 0.125864 0.00459335 0 0 0.136278 0.130453 
154200 0.00580842 0.125821 0.00457475 0 0 0.136202 0.130392 
154400 0.00579414 0.125778 0.00455615 0 0 0.136127 0.130331 
154600 0.00577985 0.125735 0.00453755 0 0 0.136051 0.13027 
154800 0.00576557 0.125691 0.00451895 0 0 0.135975 0.130209 
155000 0.00575129 0.125648 0.00450035 0 0 0.135899 0.130148 
155200 0.005737 0.125605 0.00448175 0 0 0.135823 0.130087 
155400 0.00572272 0.125562 0.00446315 0 0 0.135747 0.130026 
155600 0.00570843 0.125519 0.00444455 0 0 0.135671 0.129965 
155800 0.00569415 0.125476 0.00442595 0 0 0.135595 0.129904 
156000 0.00567986 0.125433 0.00440736 0 0 0.135519 0.129843 
156200 0.00566558 0.125389 0.00438876 0 0 0.135444 0.129782 
156400 0.00565129 0.125346 0.00437016 0 0 0.135368 0.129721 
156600 0.00563746 0.125303 0.00435275 0 0 0.135293 0.12966 
156800 0.00562362 0.12526 0.00433534 0 0 0.135219 0.129599 
157000 0.00560978 0.125217 0.00431793 0 0 0.135145 0.129538 
157200 0.00559594 0.125174 0.00430052 0 0 0.13507 0.129477 
157400 0.0055821 0.12513 0.00428311 0 0 0.134996 0.129416 
157600 0.00556827 0.125087 0.0042657 0 0 0.134921 0.129355 
157800 0.00555443 0.125044 0.00424829 0 0 0.134847 0.129294 
158000 0.00554059 0.125001 0.00423088 0 0 0.134773 0.129233 
158200 0.00552675 0.124958 0.00421347 0 0 0.134698 0.129172 
158400 0.00551291 0.124915 0.00419606 0 0 0.134624 0.129111 
158600 0.00549908 0.124872 0.00417865 0 0 0.134549 0.12905 
158800 0.00548524 0.124828 0.00416125 0 0 0.134475 0.128989 
159000 0.0054714 0.124785 0.00414384 0 0 0.134401 0.128928 
159200 0.00545756 0.124742 0.00412643 0 0 0.134326 0.128867 
159400 0.00544372 0.124699 0.00410902 0 0 0.134252 0.128806 
159600 0.00543076 0.124656 0.00409318 0 0 0.13418 0.128747 
159800 0.0054178 0.124613 0.00407734 0 0 0.134108 0.128688 
160000 0.00540484 0.124569 0.0040615 0 0 0.134036 0.128629 
160200 0.00539188 0.124526 0.00404566 0 0 0.133964 0.12857 
160400 0.00537892 0.124483 0.00402982 0 0 0.133892 0.128511 
160600 0.00536596 0.12444 0.00401398 0 0 0.13382 0.128452 
160800 0.00535301 0.124397 0.00399814 0 0 0.133748 0.128392 
161000 0.00534005 0.124353 0.0039823 0 0 0.133676 0.128333 
161200 0.00532709 0.12431 0.00396646 0 0 0.133604 0.128274 
161400 0.00531413 0.124267 0.00395062 0 0 0.133532 0.128215 
161600 0.00530117 0.124224 0.00393478 0 0 0.13346 0.128156 
161800 0.00528821 0.124181 0.00391894 0 0 0.133388 0.128097 
162000 0.00527525 0.124137 0.0039031 0 0 0.133316 0.128038 
162200 0.00526229 0.124094 0.00388726 0 0 0.133244 0.127979 
162400 0.00524933 0.124051 0.00387142 0 0 0.133172 0.12792 
162600 0.00523685 0.124009 0.00385625 0 0 0.133102 0.127863 
162800 0.00522485 0.123969 0.00384174 0 0 0.133035 0.127807 
163000 0.00521286 0.123928 0.00382723 0 0 0.132968 0.127751 
163200 0.00520086 0.123888 0.00381273 0 0 0.132901 0.127695 
163400 0.00518886 0.123847 0.00379822 0 0 0.132834 0.12764 
163600 0.00517687 0.123807 0.00378371 0 0 0.132767 0.127584 
163800 0.00516487 0.123766 0.0037692 0 0 0.132701 0.127528 
164000 0.00515287 0.123726 0.0037547 0 0 0.132634 0.127472 
164200 0.00514088 0.123686 0.00374019 0 0 0.132567 0.127416 
164400 0.00512888 0.123645 0.00372568 0 0 0.1325 0.127361 
164600 0.00511688 0.123605 0.00371117 0 0 0.132433 0.127305 
164800 0.00510489 0.123564 0.00369667 0 0 0.132366 0.127249 
165000 0.00509289 0.123524 0.00368216 0 0 0.132299 0.127193 
165200 0.00508089 0.123483 0.00366765 0 0 0.132232 0.127137 
165400 0.00506889 0.123443 0.00365314 0 0 0.132165 0.127082 
165600 0.0050569 0.123402 0.00363863 0 0 0.132098 0.127026 
165800 0.00504522 0.123362 0.00362482 0 0 0.132032 0.126972 
166000 0.00503386 0.123321 0.0036117 0 0 0.131967 0.126919 
166200 0.00502249 0.123281 0.00359858 0 0 0.131902 0.126866 
166400 0.00501113 0.12324 0.00358546 0 0 0.131837 0.126813 
166600 0.00499977 0.1232 0.00357234 0 0 0.131772 0.12676 
166800 0.00498841 0.123159 0.00355921 0 0 0.131707 0.126708 
167000 0.00497704 0.123118 0.00354609 0 0 0.131642 0.126655 
167200 0.00496568 0.123078 0.00353297 0 0 0.131577 0.126602 
167400 0.00495432 0.123037 0.00351985 0 0 0.131513 0.126549 
167600 0.00494295 0.122997 0.00350673 0 0 0.131448 0.126497 
167800 0.00493159 0.122956 0.00349361 0 0 0.131383 0.126444 
168000 0.00492023 0.122915 0.00348049 0 0 0.131318 0.126391 
168200 0.00490887 0.122875 0.00346737 0 0 0.131253 0.126338 
168400 0.0048975 0.122834 0.00345425 0 0 0.131188 0.126286 
168600 0.00488614 0.122794 0.00344112 0 0 0.131123 0.126233 
168800 0.00487478 0.122753 0.003428 0 0 0.131058 0.12618 
169000 0.00486342 0.122713 0.00341488 0 0 0.130993 0.126127 
169200 0.00485259 0.122672 0.00340244 0 0 0.130929 0.126075 
169400 0.00484177 0.122631 0.00338999 0 0 0.130866 0.126022 
169600 0.00483095 0.122591 0.00337755 0 0 0.130802 0.125969 
169800 0.00482013 0.12255 0.0033651 0 0 0.130739 0.125916 
170000 0.00480931 0.12251 0.00335266 0 0 0.130675 0.125864 
170200 0.00479849 0.122469 0.00334021 0 0 0.130612 0.125811 
170400 0.00478767 0.122428 0.00332777 0 0 0.130548 0.125758 
170600 0.00477684 0.122388 0.00331532 0 0 0.130484 0.125705 
170800 0.00476602 0.122347 0.00330288 0 0 0.130421 0.125653 
171000 0.0047552 0.122307 0.00329043 0 0 0.130357 0.1256 
171200 0.00474438 0.122266 0.00327799 0 0 0.130294 0.125547 
171400 0.00473356 0.122226 0.00326554 0 0 0.13023 0.125494 
171600 0.00472274 0.122185 0.0032531 0 0 0.130167 0.125442 
171800 0.00471191 0.122144 0.00324065 0 0 0.130103 0.125389 
172000 0.00470109 0.122104 0.00322821 0 0 0.130039 0.125336 
172200 0.00469027 0.122063 0.00321576 0 0 0.129976 0.125283 
172400 0.00467965 0.122023 0.00320379 0 0 0.129912 0.125231 
172600 0.00466924 0.121982 0.0031923 0 0 0.129849 0.125178 
172800 0.00465882 0.121942 0.0031808 0 0 0.129785 0.125125 
173000 0.00464841 0.121901 0.0031693 0 0 0.129722 0.125072 
173200 0.00463799 0.12186 0.0031578 0 0 0.129658 0.12502 
173400 0.00462757 0.12182 0.0031463 0 0 0.129594 0.124967 
173600 0.00461716 0.121779 0.00313481 0 0 0.129531 0.124914 
173800 0.00460674 0.121739 0.00312331 0 0 0.129467 0.124861 
174000 0.00459633 0.121698 0.00311181 0 0 0.129404 0.124809 
174200 0.00458591 0.121657 0.00310031 0 0 0.12934 0.124756 
174400 0.0045755 0.121617 0.00308881 0 0 0.129276 0.124703 
174600 0.00456508 0.121576 0.00307732 0 0 0.129213 0.12465 
174800 0.00455466 0.121536 0.00306582 0 0 0.129149 0.124598 
175000 0.00454425 0.121495 0.00305432 0 0 0.129086 0.124545 
175200 0.00453383 0.121455 0.00304282 0 0 0.129022 0.124492 
175400 0.00452342 0.121414 0.00303132 0 0 0.128959 0.124439 
175600 0.004513 0.121373 0.00301983 0 0 0.128895 0.124387 
175800 0.00450343 0.121335 0.0030095 0 0 0.128838 0.124338 
176000 0.00449387 0.121297 0.00299917 0 0 0.12878 0.12429 
176200 0.0044843 0.121259 0.00298883 0 0 0.128723 0.124241 
176400 0.00447474 0.12122 0.0029785 0 0 0.128665 0.124193 
176600 0.00446517 0.121182 0.00296817 0 0 0.128608 0.124144 
176800 0.00445561 0.121144 0.00295784 0 0 0.128551 0.124096 
177000 0.00444604 0.121106 0.00294751 0 0 0.128493 0.124047 
177200 0.00443648 0.121067 0.00293718 0 0 0.128436 0.123999 
177400 0.00442691 0.121029 0.00292685 0 0 0.128379 0.12395 
177600 0.00441735 0.120991 0.00291652 0 0 0.128321 0.123902 
177800 0.00440778 0.120952 0.00290619 0 0 0.128264 0.123853 
178000 0.00439821 0.120914 0.00289586 0 0 0.128206 0.123805 
178200 0.00438865 0.120876 0.00288553 0 0 0.128149 0.123756 
178400 0.00437908 0.120838 0.0028752 0 0 0.128092 0.123708 
178600 0.00436952 0.120799 0.00286487 0 0 0.128034 0.12366 
178800 0.00435995 0.120761 0.00285453 0 0 0.127977 0.123611 
179000 0.00435039 0.120723 0.0028442 0 0 0.127919 0.123563 
179200 0.00434101 0.120684 0.00283419 0 0 0.127862 0.123514 
179400 0.00433183 0.120644 0.0028245 0 0 0.127805 0.123466 
179600 0.00432265 0.120605 0.00281481 0 0 0.127747 0.123417 
179800 0.00431346 0.120565 0.00280511 0 0 0.12769 0.123369 
180000 0.00430428 0.120526 0.00279542 0 0 0.127632 0.12332 
180200 0.0042951 0.120486 0.00278573 0 0 0.127575 0.123272 
180400 0.00428592 0.120447 0.00277603 0 0 0.127518 0.123223 
180600 0.00427673 0.120407 0.00276634 0 0 0.12746 0.123175 
180800 0.00426755 0.120368 0.00275665 0 0 0.127403 0.123126 
181000 0.00425837 0.120328 0.00274696 0 0 0.127345 0.123078 
181200 0.00424918 0.120289 0.00273726 0 0 0.127288 0.123029 
181400 0.00424 0.120249 0.00272757 0 0 0.127231 0.122981 
181600 0.00423082 0.12021 0.00271788 0 0 0.127173 0.122933 
181800 0.00422164 0.12017 0.00270818 0 0 0.127116 0.122884 
182000 0.00421245 0.120131 0.00269849 0 0 0.127058 0.122836 
182200 0.00420327 0.120091 0.0026888 0 0 0.127001 0.122787 
182400 0.00419409 0.120051 0.0026791 0 0 0.126944 0.122739 
182600 0.0041849 0.120012 0.00266941 0 0 0.126886 0.12269 
182800 0.0041761 0.119974 0.00266036 0 0 0.126829 0.122643 
183000 0.0041673 0.119935 0.0026513 0 0 0.126772 0.122596 
183200 0.0041585 0.119897 0.00264224 0 0 0.126714 0.122549 
183400 0.0041497 0.119859 0.00263319 0 0 0.126657 0.122501 
183600 0.0041409 0.119821 0.00262413 0 0 0.126599 0.122454 
183800 0.0041321 0.119782 0.00261508 0 0 0.126542 0.122407 
184000 0.0041233 0.119744 0.00260602 0 0 0.126485 0.12236 
184200 0.0041145 0.119706 0.00259697 0 0 0.126427 0.122313 
184400 0.0041057 0.119668 0.00258791 0 0 0.12637 0.122266 
184600 0.0040969 0.119629 0.00257886 0 0 0.126312 0.122218 
184800 0.0040881 0.119591 0.0025698 0 0 0.126255 0.122171 
185000 0.0040793 0.119553 0.00256075 0 0 0.126198 0.122124 
185200 0.0040705 0.119514 0.00255169 0 0 0.12614 0.122077 
185400 0.0040617 0.119476 0.00254264 0 0 0.126083 0.12203 
185600 0.0040529 0.119438 0.00253358 0 0 0.126025 0.121982 
185800 0.0040441 0.1194 0.00252453 0 0 0.125968 0.121935 
186000 0.0040353 0.119361 0.00251547 0 0 0.125911 0.121888 
186200 0.00402686 0.119324 0.0025069 0 0 0.125855 0.121841 
186400 0.00401877 0.119286 0.00249882 0 0 0.125802 0.121796 
186600 0.00401069 0.119249 0.00249073 0 0 0.125749 0.12175 
186800 0.00400261 0.119211 0.00248265 0 0 0.125696 0.121704 
187000 0.00399452 0.119174 0.00247457 0 0 0.125643 0.121658 
187200 0.00398644 0.119137 0.00246648 0 0 0.12559 0.121612 
187400 0.00397836 0.119099 0.0024584 0 0 0.125537 0.121566 
187600 0.00397028 0.119062 0.00245032 0 0 0.125484 0.121521 
187800 0.00396219 0.119024 0.00244223 0 0 0.125431 0.121475 
188000 0.00395411 0.118987 0.00243415 0 0 0.125378 0.121429 
188200 0.00394603 0.11895 0.00242607 0 0 0.125325 0.121383 
188400 0.00393794 0.118912 0.00241798 0 0 0.125271 0.121337 
188600 0.00392986 0.118875 0.0024099 0 0 0.125218 0.121291 
188800 0.00392178 0.118837 0.00240182 0 0 0.125165 0.121245 
189000 0.00391369 0.1188 0.00239373 0 0 0.125112 0.1212 
189200 0.00390561 0.118763 0.00238565 0 0 0.125059 0.121154 
189400 0.00389753 0.118725 0.00237757 0 0 0.125006 0.121108 
189600 0.00388944 0.118688 0.00236949 0 0 0.124953 0.121062 
189800 0.00388136 0.11865 0.0023614 0 0 0.1249 0.121016 
190000 0.00387364 0.118614 0.00235386 0 0 0.124848 0.120972 
190200 0.00386592 0.118578 0.00234632 0 0 0.124796 0.120927 
190400 0.00385819 0.118542 0.00233878 0 0 0.124744 0.120882 
190600 0.00385047 0.118506 0.00233124 0 0 0.124692 0.120838 
190800 0.00384275 0.118469 0.0023237 0 0 0.12464 0.120793 
191000 0.00383503 0.118433 0.00231616 0 0 0.124589 0.120748 
191200 0.00382731 0.118397 0.00230862 0 0 0.124537 0.120704 
191400 0.00381959 0.118361 0.00230108 0 0 0.124485 0.120659 
191600 0.00381187 0.118325 0.00229354 0 0 0.124433 0.120615 
191800 0.00380415 0.118288 0.002286 0 0 0.124381 0.12057 
192000 0.00379642 0.118252 0.00227846 0 0 0.124329 0.120525 
192200 0.0037887 0.118216 0.00227092 0 0 0.124277 0.120481 
192400 0.00378098 0.11818 0.00226338 0 0 0.124225 0.120436 
192600 0.00377326 0.118144 0.00225584 0 0 0.124174 0.120391 
192800 0.00376554 0.118107 0.0022483 0 0 0.124122 0.120347 
193000 0.00375782 0.118071 0.00224076 0 0 0.12407 0.120302 
193200 0.0037501 0.118035 0.00223322 0 0 0.124018 0.120257 
193400 0.00374237 0.117999 0.00222568 0 0 0.123966 0.120213 
193600 0.00373487 0.117963 0.00221845 0 0 0.123915 0.120169 
193800 0.00372759 0.117926 0.00221153 0 0 0.123864 0.120127 
194000 0.00372031 0.11789 0.00220461 0 0 0.123814 0.120085 
194200 0.00371302 0.117853 0.00219769 0 0 0.123763 0.120042 
194400 0.00370574 0.117817 0.00219077 0 0 0.123713 0.12 
194600 0.00369846 0.117781 0.00218385 0 0 0.123662 0.119958 
194800 0.00369117 0.117744 0.00217693 0 0 0.123612 0.119916 
195000 0.00368389 0.117708 0.00217001 0 0 0.123561 0.119873 
195200 0.00367661 0.117671 0.00216309 0 0 0.123511 0.119831 
195400 0.00366932 0.117635 0.00215617 0 0 0.12346 0.119789 
195600 0.00366204 0.117598 0.00214926 0 0 0.12341 0.119746 
195800 0.00365476 0.117562 0.00214234 0 0 0.123359 0.119704 
196000 0.00364747 0.117526 0.00213542 0 0 0.123309 0.119662 
196200 0.00364019 0.117489 0.0021285 0 0 0.123258 0.11962 
196400 0.00363291 0.117453 0.00212158 0 0 0.123208 0.119577 
196600 0.00362562 0.117416 0.00211466 0 0 0.123157 0.119535 
196800 0.00361834 0.11738 0.00210774 0 0 0.123107 0.119493 
197000 0.00361106 0.117344 0.00210082 0 0 0.123056 0.11945 
197200 0.00360378 0.117307 0.0020939 0 0 0.123006 0.119408 
197400 0.00359658 0.117271 0.00208717 0 0 0.122956 0.119365 
197600 0.00358947 0.117234 0.00208062 0 0 0.122906 0.119322 
197800 0.00358236 0.117198 0.00207408 0 0 0.122856 0.119279 
198000 0.00357525 0.117162 0.00206753 0 0 0.122807 0.119236 
198200 0.00356814 0.117125 0.00206098 0 0 0.122757 0.119194 
198400 0.00356103 0.117089 0.00205443 0 0 0.122708 0.119151 
198600 0.00355392 0.117052 0.00204789 0 0 0.122658 0.119108 
198800 0.00354681 0.117016 0.00204134 0 0 0.122608 0.119065 
199000 0.00353971 0.11698 0.00203479 0 0 0.122559 0.119022 
199200 0.0035326 0.116943 0.00202825 0 0 0.122509 0.118979 
199400 0.00352549 0.116907 0.0020217 0 0 0.12246 0.118936 
199600 0.00351838 0.116871 0.00201515 0 0 0.12241 0.118893 
199800 0.00351127 0.116834 0.00200861 0 0 0.12236 0.11885 
200000 0.00350416 0.116798 0.00200206 0 0 0.122311 0.118807 
