1000 0.591845 0.0209087 603.538 0 0 604.14 603.538 
1200 0.550381 0.0276377 350.65 0 0 351.218 350.683 
1400 0.51297 0.0345507 220.771 0 0 221.306 220.807 
1600 0.476746 0.0411703 147.358 0 0 147.893 147.425 
1800 0.442144 0.0472643 102.839 0 0 103.307 102.906 
2000 0.410289 0.0528363 74.2395 0 0 74.7073 74.3063 
2200 0.381714 0.0578684 55.2579 0 0 55.6947 55.3126 
2400 0.356381 0.0624032 42.1562 0 0 42.5751 42.2163 
2600 0.333839 0.0664793 32.8156 0 0 33.2165 32.8824 
2800 0.313884 0.0702054 25.9961 0 0 26.377 26.0646 
3000 0.296156 0.0735045 20.902 0 0 21.2695 20.9755 
3200 0.2804 0.0765157 17.0434 0 0 17.3975 17.1179 
3400 0.266373 0.079234 14.0604 0 0 14.406 14.1406 
3600 0.25372 0.0817847 11.7157 0 0 12.0548 11.8009 
3800 0.242393 0.084084 9.86025 0 0 10.1877 9.94712 
4000 0.23214 0.0862675 8.36614 0 0 8.68689 8.45301 
4200 0.222829 0.088295 7.15878 0 0 7.47154 7.24565 
4400 0.214352 0.0902902 6.16515 0 0 6.46973 6.25576 
4600 0.206488 0.0921327 5.34128 0 0 5.64018 5.43342 
4800 0.199291 0.0938952 4.65644 0 0 4.94954 4.75066 
5000 0.192582 0.0956226 4.08083 0 0 4.36884 4.17639 
5200 0.186351 0.0972753 3.59612 0 0 3.88018 3.69368 
5400 0.180494 0.098907 3.18173 0 0 3.46135 3.28074 
5600 0.174983 0.100478 2.82775 0 0 3.10294 2.92805 
5800 0.169779 0.101988 2.52357 0 0 2.79514 2.62572 
6000 0.16485 0.103441 2.25926 0 0 2.52789 2.36283 
6200 0.16013 0.104891 2.03188 0 0 2.29701 2.137 
6400 0.155629 0.106272 1.83139 0 0 2.09339 1.9376 
6600 0.151346 0.107651 1.65708 0 0 1.91629 1.76471 
6800 0.147189 0.108992 1.5025 0 0 1.75832 1.61153 
7000 0.143231 0.110291 1.36711 0 0 1.62054 1.47775 
7200 0.139432 0.111557 1.24618 0 0 1.49672 1.3578 
7400 0.135752 0.112784 1.13976 0 0 1.38841 1.25262 
7600 0.132153 0.113984 1.04396 0 0 1.29021 1.15811 
7800 0.12875 0.115144 0.959141 0 0 1.20271 1.07419 
8000 0.125425 0.116271 0.882053 0 0 1.12395 0.998324 
8200 0.122242 0.117387 0.813895 0 0 1.05346 0.931164 
8400 0.119093 0.11847 0.751389 0 0 0.989285 0.86966 
8600 0.116087 0.119527 0.69583 0 0 0.931334 0.815095 
8800 0.113176 0.120559 0.645077 0 0 0.878677 0.765877 
9000 0.110386 0.121566 0.599062 0 0 0.830969 0.720866 
9200 0.107659 0.122551 0.557246 0 0 0.787369 0.679834 
9400 0.104988 0.123462 0.519051 0 0 0.747434 0.642499 
9600 0.102425 0.124395 0.484095 0 0 0.710611 0.608431 
9800 0.0999319 0.125322 0.452118 0 0 0.677549 0.577437 
10000 0.0974936 0.12616 0.422918 0 0 0.646572 0.549078 
10200 0.0952217 0.126962 0.396724 0 0 0.618908 0.523686 
10400 0.0928415 0.127869 0.370968 0 0 0.591679 0.498838 
10600 0.0906778 0.128633 0.349013 0 0 0.568323 0.477645 
10800 0.0885776 0.129396 0.328393 0 0 0.546304 0.457726 
11000 0.0864775 0.1301 0.308922 0 0 0.525554 0.439076 
11200 0.0844347 0.130857 0.290658 0 0 0.505959 0.421524 
11400 0.0824769 0.131591 0.274099 0 0 0.488167 0.40569 
11600 0.0806399 0.132253 0.25909 0 0 0.471939 0.391343 
11800 0.0787895 0.132909 0.244654 0 0 0.456323 0.377564 
12000 0.0769848 0.13355 0.231333 0 0 0.441868 0.364883 
12200 0.0752535 0.13417 0.219093 0 0 0.428516 0.353263 
12400 0.0735392 0.134802 0.207256 0 0 0.415597 0.342058 
12600 0.0719889 0.13539 0.196832 0 0 0.40421 0.332221 
12800 0.0703805 0.13595 0.186668 0 0 0.392998 0.322618 
13000 0.0688483 0.136491 0.177191 0 0 0.382531 0.31372 
13200 0.0673704 0.137016 0.168433 0 0 0.372827 0.305493 
13400 0.0659227 0.13753 0.160278 0 0 0.363747 0.297809 
13600 0.0645143 0.138044 0.152517 0 0 0.35506 0.290561 
13800 0.0631755 0.138542 0.14542 0 0 0.347109 0.28392 
14000 0.0618613 0.139013 0.138639 0 0 0.339487 0.277609 
14200 0.0605701 0.139456 0.132155 0 0 0.332166 0.271611 
14400 0.0593386 0.139885 0.126237 0 0 0.325436 0.266122 
14600 0.0581287 0.140315 0.120569 0 0 0.318993 0.260884 
14800 0.0569449 0.140733 0.115155 0 0 0.312822 0.255887 
15000 0.0557966 0.141129 0.110056 0 0 0.306981 0.251185 
15200 0.0546968 0.141527 0.105383 0 0 0.301578 0.246885 
15400 0.0536128 0.14189 0.100848 0 0 0.296337 0.242738 
15600 0.0525615 0.142247 0.0965715 0 0 0.291392 0.238818 
15800 0.0515628 0.142592 0.0926717 0 0 0.286803 0.235223 
16000 0.0505756 0.14292 0.0888779 0 0 0.282354 0.231748 
16200 0.0496013 0.143222 0.0852135 0 0 0.278086 0.228429 
16400 0.048649 0.14356 0.0817689 0 0 0.274001 0.225292 
16600 0.0477238 0.143886 0.0784736 0 0 0.270083 0.222305 
16800 0.0468531 0.14417 0.0754362 0 0 0.266479 0.219592 
17000 0.0459982 0.144453 0.0725568 0 0 0.263006 0.216984 
17200 0.0451518 0.144737 0.0697624 0 0 0.259604 0.214433 
17400 0.0443216 0.14498 0.0670936 0 0 0.256405 0.212043 
17600 0.043516 0.145231 0.0645396 0 0 0.253323 0.209755 
17800 0.0427561 0.145499 0.0621989 0 0 0.250459 0.207655 
18000 0.0420054 0.145743 0.0599453 0 0 0.247687 0.205646 
18200 0.0412608 0.145972 0.0577497 0 0 0.244976 0.203699 
18400 0.0405357 0.146169 0.0556709 0 0 0.242395 0.201849 
18600 0.0398197 0.146362 0.0536359 0 0 0.239861 0.200037 
18800 0.0391551 0.146579 0.0518082 0 0 0.237549 0.198411 
19000 0.0384941 0.146787 0.0500094 0 0 0.235274 0.196813 
19200 0.037844 0.146967 0.0482973 0 0 0.233107 0.195296 
19400 0.0372025 0.147148 0.0466286 0 0 0.230983 0.193808 
19600 0.036574 0.147329 0.0450248 0 0 0.228924 0.192363 
19800 0.0359687 0.147505 0.0435112 0 0 0.226978 0.191025 
20000 0.0353824 0.147677 0.0420713 0 0 0.225124 0.189775 
20200 0.0348139 0.147826 0.0407148 0 0 0.22334 0.188542 
20400 0.034245 0.147963 0.0393783 0 0 0.221593 0.187376 
20600 0.0336985 0.14812 0.0381136 0 0 0.219939 0.186252 
20800 0.0331639 0.148287 0.0368874 0 0 0.218335 0.185149 
21000 0.0326441 0.14843 0.0357315 0 0 0.216799 0.184128 
21200 0.0321324 0.14856 0.0346134 0 0 0.2153 0.18315 
21400 0.0316394 0.14867 0.0335514 0 0 0.21386 0.182224 
21600 0.0311589 0.148765 0.0325268 0 0 0.21246 0.181333 
21800 0.0306832 0.148877 0.0315356 0 0 0.211107 0.180458 
22000 0.0302122 0.149004 0.0305779 0 0 0.209803 0.179599 
22200 0.0297519 0.149118 0.0296514 0 0 0.208523 0.178773 
22400 0.0293075 0.149211 0.0287718 0 0 0.207279 0.177996 
22600 0.0288678 0.149304 0.0279109 0 0 0.206066 0.177231 
22800 0.0284426 0.149395 0.027106 0 0 0.204942 0.176502 
23000 0.0280186 0.149486 0.0263045 0 0 0.203821 0.175777 
23200 0.0276176 0.149575 0.025568 0 0 0.202752 0.175123 
23400 0.0272167 0.149664 0.0248314 0 0 0.201683 0.17447 
23600 0.0268297 0.149752 0.0241426 0 0 0.200702 0.173874 
23800 0.0264462 0.149839 0.0234656 0 0 0.199743 0.173293 
24000 0.0260739 0.149911 0.0228172 0 0 0.198795 0.172718 
24200 0.0257128 0.149968 0.0221974 0 0 0.197856 0.17215 
24400 0.025354 0.150024 0.0215848 0 0 0.196933 0.171591 
24600 0.0250088 0.15008 0.0210141 0 0 0.196098 0.17109 
24800 0.0246635 0.150136 0.0204433 0 0 0.195263 0.170589 
25000 0.0243266 0.150191 0.0199017 0 0 0.194428 0.170088 
25200 0.0239925 0.150247 0.01937 0 0 0.193592 0.169586 
25400 0.0236659 0.150293 0.0188559 0 0 0.192787 0.169111 
25600 0.0233532 0.150319 0.0183748 0 0 0.192039 0.168683 
25800 0.0230404 0.150346 0.0178937 0 0 0.191291 0.168256 
26000 0.0227368 0.150395 0.0174398 0 0 0.190588 0.167851 
26200 0.0224348 0.150449 0.0169908 0 0 0.189893 0.16745 
26400 0.0221395 0.150493 0.0165568 0 0 0.189207 0.167054 
26600 0.0218568 0.150518 0.0161507 0 0 0.188539 0.166669 
26800 0.0215741 0.150544 0.0157446 0 0 0.187871 0.166283 
27000 0.0212971 0.15057 0.0153597 0 0 0.187241 0.165917 
27200 0.0210221 0.150595 0.0149819 0 0 0.186624 0.165557 
27400 0.0207502 0.150621 0.0146092 0 0 0.186011 0.165203 
27600 0.0204952 0.150646 0.0142652 0 0 0.185417 0.164881 
27800 0.0202403 0.150671 0.0139212 0 0 0.184823 0.16456 
28000 0.0199888 0.150684 0.0135883 0 0 0.184251 0.164249 
28200 0.0197413 0.150684 0.013269 0 0 0.183707 0.163952 
28400 0.0194938 0.150684 0.0129498 0 0 0.183162 0.163655 
28600 0.0192583 0.150702 0.0126516 0 0 0.182632 0.163366 
28800 0.0190268 0.150726 0.0123604 0 0 0.182107 0.16308 
29000 0.0187953 0.15075 0.0120693 0 0 0.181582 0.162793 
29200 0.0185721 0.150751 0.0118008 0 0 0.181111 0.162534 
29400 0.0183494 0.150751 0.0115335 0 0 0.180642 0.162276 
29600 0.0181276 0.150751 0.0112678 0 0 0.180172 0.162018 
29800 0.0179144 0.150751 0.0110164 0 0 0.179695 0.161764 
30000 0.0177012 0.150751 0.0107651 0 0 0.179217 0.161509 
30200 0.017491 0.150751 0.0105213 0 0 0.178776 0.161252 
30400 0.0172917 0.150751 0.0102948 0 0 0.178345 0.161026 
30600 0.0170923 0.150751 0.0100683 0 0 0.177915 0.160799 
30800 0.0168953 0.150744 0.00984759 0 0 0.177487 0.160574 
31000 0.0167038 0.150722 0.00964044 0 0 0.177063 0.160351 
31200 0.0165122 0.1507 0.00943329 0 0 0.17664 0.160128 
31400 0.0163245 0.150684 0.00923139 0 0 0.176234 0.159914 
31600 0.0161455 0.150684 0.0090417 0 0 0.175867 0.15972 
31800 0.0159666 0.150684 0.008852 0 0 0.175501 0.159526 
32000 0.0157886 0.15068 0.0086649 0 0 0.175135 0.159332 
32200 0.015614 0.150658 0.00848815 0 0 0.174768 0.159138 
32400 0.0154394 0.150637 0.00831139 0 0 0.174402 0.158944 
32600 0.015266 0.150615 0.00813623 0 0 0.174036 0.158751 
32800 0.0151031 0.150594 0.00797544 0 0 0.173681 0.158563 
33000 0.0149402 0.150573 0.00781465 0 0 0.173326 0.158375 
33200 0.0147773 0.150553 0.00765386 0 0 0.172971 0.158187 
33400 0.0146222 0.150532 0.00750455 0 0 0.17264 0.15802 
33600 0.014468 0.150511 0.00735651 0 0 0.172311 0.157856 
33800 0.0143138 0.150491 0.00720847 0 0 0.171982 0.157691 
34000 0.0141638 0.150471 0.00706716 0 0 0.171669 0.157528 
34200 0.014016 0.15045 0.00692947 0 0 0.171366 0.157366 
34400 0.0138681 0.15043 0.00679177 0 0 0.171062 0.157204 
34600 0.0137232 0.150403 0.00665859 0 0 0.170761 0.157044 
34800 0.0135837 0.150364 0.00653379 0 0 0.170466 0.156887 
35000 0.0134441 0.150324 0.00640899 0 0 0.170172 0.15673 
35200 0.0133046 0.150285 0.00628419 0 0 0.169877 0.156572 
35400 0.0131707 0.150265 0.00616704 0 0 0.169601 0.156434 
35600 0.013037 0.150245 0.0060503 0 0 0.169326 0.156296 
35800 0.0129034 0.150225 0.00593356 0 0 0.16905 0.156159 
36000 0.0127739 0.150196 0.00582346 0 0 0.168782 0.156014 
36200 0.0126478 0.150158 0.00571881 0 0 0.168518 0.155863 
36400 0.0125216 0.15012 0.00561415 0 0 0.168255 0.155713 
36600 0.0123955 0.150083 0.00550949 0 0 0.167991 0.155562 
36800 0.0122751 0.150045 0.00541124 0 0 0.167728 0.15543 
37000 0.0121546 0.150007 0.00531298 0 0 0.167464 0.155299 
37200 0.0120341 0.14997 0.00521472 0 0 0.167201 0.155167 
37400 0.0119168 0.149933 0.0051204 0 0 0.166948 0.155037 
37600 0.0118033 0.149896 0.00503087 0 0 0.16671 0.154909 
37800 0.0116898 0.149859 0.00494135 0 0 0.166472 0.15478 
38000 0.0115763 0.149823 0.00485183 0 0 0.166235 0.154652 
38200 0.011468 0.149773 0.00476863 0 0 0.166002 0.154527 
38400 0.0113611 0.149719 0.00468702 0 0 0.16577 0.154402 
38600 0.0112542 0.149666 0.00460541 0 0 0.165538 0.154277 
38800 0.0111475 0.149613 0.00452405 0 0 0.165307 0.154153 
39000 0.0110441 0.149578 0.00444761 0 0 0.165075 0.154028 
39200 0.0109408 0.149542 0.00437116 0 0 0.164843 0.153903 
39400 0.0108374 0.149506 0.00429472 0 0 0.164612 0.153778 
39600 0.0107354 0.149464 0.0042202 0 0 0.164389 0.153656 
39800 0.0106366 0.149406 0.00415018 0 0 0.164185 0.15354 
40000 0.0105379 0.149348 0.00408017 0 0 0.163982 0.153424 
40200 0.0104418 0.149306 0.00401293 0 0 0.163773 0.153299 
40400 0.0103476 0.149261 0.00394707 0 0 0.163566 0.153183 
40600 0.0102563 0.14921 0.00388329 0 0 0.163363 0.153081 
40800 0.0101649 0.149159 0.00381952 0 0 0.16316 0.15298 
41000 0.0100736 0.149108 0.00375574 0 0 0.162957 0.152878 
41200 0.00998349 0.149058 0.00369413 0 0 0.162756 0.15277 
41400 0.00989495 0.149008 0.00363515 0 0 0.162555 0.152653 
41600 0.00980641 0.148958 0.00357618 0 0 0.162355 0.152536 
41800 0.00971787 0.148907 0.00351721 0 0 0.162154 0.152419 
42000 0.00963177 0.148858 0.00346058 0 0 0.161956 0.152311 
42200 0.00954865 0.148809 0.00340679 0 0 0.16176 0.152213 
42400 0.00946553 0.14876 0.00335301 0 0 0.161565 0.152115 
42600 0.00938241 0.148711 0.00329923 0 0 0.161369 0.152017 
42800 0.00930077 0.148657 0.0032468 0 0 0.16118 0.151914 
43000 0.00922187 0.148593 0.00319688 0 0 0.161003 0.151802 
43200 0.00914297 0.148528 0.00314697 0 0 0.160826 0.151689 
43400 0.00906407 0.148464 0.00309705 0 0 0.160649 0.151576 
43600 0.00898604 0.148403 0.0030481 0 0 0.160473 0.151467 
43800 0.00891144 0.148356 0.00300304 0 0 0.160302 0.151374 
44000 0.00883685 0.14831 0.00295797 0 0 0.160131 0.151281 
44200 0.00876226 0.148263 0.00291291 0 0 0.15996 0.151188 
44400 0.00868767 0.148216 0.00286784 0 0 0.159789 0.151094 
44600 0.00861587 0.148156 0.00282529 0 0 0.159618 0.150987 
44800 0.00854439 0.148094 0.00278302 0 0 0.159447 0.150878 
45000 0.0084729 0.148031 0.00274075 0 0 0.159276 0.15077 
45200 0.00840142 0.147969 0.00269848 0 0 0.159105 0.150661 
45400 0.00833318 0.147908 0.00265869 0 0 0.158938 0.150563 
45600 0.00826711 0.147848 0.00262055 0 0 0.158773 0.150473 
45800 0.00820104 0.147788 0.00258241 0 0 0.158607 0.150383 
46000 0.00813497 0.147728 0.00254427 0 0 0.158442 0.150293 
46200 0.00806923 0.147668 0.00250655 0 0 0.158277 0.150203 
46400 0.00800538 0.147609 0.0024712 0 0 0.158114 0.150114 
46600 0.00794153 0.147549 0.00243586 0 0 0.157951 0.150025 
46800 0.00787767 0.14749 0.00240052 0 0 0.157787 0.149936 
47000 0.00781382 0.147431 0.00236518 0 0 0.157624 0.149847 
47200 0.00775182 0.147372 0.00233175 0 0 0.157472 0.149749 
47400 0.0076908 0.147314 0.00229936 0 0 0.157327 0.149648 
47600 0.00762979 0.147256 0.00226697 0 0 0.157182 0.149546 
47800 0.00756878 0.147198 0.00223457 0 0 0.157037 0.149444 
48000 0.00750798 0.14714 0.00220231 0 0 0.156891 0.149343 
48200 0.00745111 0.147083 0.0021726 0 0 0.156734 0.149258 
48400 0.00739424 0.147026 0.00214288 0 0 0.156578 0.149173 
48600 0.00733737 0.146969 0.00211317 0 0 0.156422 0.149088 
48800 0.0072805 0.146912 0.00208345 0 0 0.156265 0.149002 
49000 0.00722453 0.146856 0.00205464 0 0 0.156115 0.148913 
49200 0.00717023 0.1468 0.00202749 0 0 0.155976 0.148815 
49400 0.00711594 0.146744 0.00200034 0 0 0.155836 0.148718 
49600 0.00706165 0.146689 0.0019732 0 0 0.155697 0.14862 
49800 0.00700736 0.146633 0.00194605 0 0 0.155558 0.148523 
50000 0.00695619 0.146541 0.00191913 0 0 0.155429 0.148479 
50200 0.00690491 0.146479 0.00189412 0 0 0.155289 0.148386 
50400 0.00685363 0.146417 0.0018691 0 0 0.155149 0.148293 
50600 0.00680235 0.146355 0.00184408 0 0 0.155009 0.148199 
50800 0.00675107 0.146293 0.00181906 0 0 0.154869 0.148106 
51000 0.00670172 0.146227 0.00179555 0 0 0.154734 0.148022 
51200 0.00665321 0.14616 0.0017727 0 0 0.1546 0.147942 
51400 0.0066047 0.146093 0.00174985 0 0 0.154466 0.147862 
51600 0.00655618 0.146027 0.00172699 0 0 0.154333 0.147781 
51800 0.00650767 0.14596 0.00170414 0 0 0.154199 0.147701 
52000 0.00646079 0.145893 0.00168246 0 0 0.154066 0.147612 
52200 0.00641461 0.145827 0.00166129 0 0 0.153934 0.14752 
52400 0.00636843 0.145761 0.00164012 0 0 0.153802 0.147427 
52600 0.00632225 0.145695 0.00161895 0 0 0.153669 0.147334 
52800 0.00627607 0.145629 0.00159778 0 0 0.153537 0.147242 
53000 0.00623167 0.145572 0.00157784 0 0 0.153407 0.147159 
53200 0.00618824 0.145521 0.00155856 0 0 0.153279 0.147082 
53400 0.00614481 0.145469 0.00153929 0 0 0.15315 0.147005 
53600 0.00610137 0.145418 0.00152001 0 0 0.153022 0.146928 
53800 0.00605794 0.145367 0.00150074 0 0 0.152893 0.146851 
54000 0.00601537 0.145304 0.00148206 0 0 0.152765 0.146768 
54200 0.00597388 0.145228 0.00146411 0 0 0.152638 0.146679 
54400 0.00593239 0.145151 0.00144617 0 0 0.152511 0.14659 
54600 0.00589089 0.145075 0.00142822 0 0 0.152383 0.146501 
54800 0.0058494 0.144999 0.00141027 0 0 0.152256 0.146412 
55000 0.00580834 0.144925 0.00139262 0 0 0.152132 0.146326 
55200 0.00576899 0.144862 0.00137613 0 0 0.152019 0.146251 
55400 0.00572965 0.1448 0.00135965 0 0 0.151907 0.146176 
55600 0.00569031 0.144738 0.00134316 0 0 0.151795 0.146101 
55800 0.00565096 0.144675 0.00132667 0 0 0.151682 0.146026 
56000 0.00561162 0.144613 0.00131018 0 0 0.15157 0.145951 
56200 0.00557443 0.144552 0.00129501 0 0 0.15145 0.145867 
56400 0.00553761 0.144491 0.00128007 0 0 0.151328 0.145782 
56600 0.0055008 0.14443 0.00126512 0 0 0.151207 0.145697 
56800 0.00546399 0.144369 0.00125018 0 0 0.151085 0.145612 
57000 0.00542717 0.144309 0.00123523 0 0 0.150964 0.145527 
57200 0.00539097 0.144248 0.00122068 0 0 0.150847 0.145447 
57400 0.00535589 0.144189 0.00120683 0 0 0.15074 0.145375 
57600 0.0053208 0.144129 0.00119299 0 0 0.150632 0.145304 
57800 0.00528572 0.144069 0.00117915 0 0 0.150525 0.145232 
58000 0.00525064 0.14401 0.00116531 0 0 0.150417 0.145161 
58200 0.00521556 0.14395 0.00115147 0 0 0.15031 0.145089 
58400 0.00518191 0.143882 0.00113851 0 0 0.150195 0.14501 
58600 0.00514873 0.143812 0.00112585 0 0 0.150078 0.144927 
58800 0.00511555 0.143742 0.00111319 0 0 0.149961 0.144845 
59000 0.00508238 0.143671 0.00110053 0 0 0.149844 0.144763 
59200 0.0050492 0.143601 0.00108787 0 0 0.149726 0.144681 
59400 0.00501608 0.143531 0.00107524 0 0 0.14961 0.1446 
59600 0.0049841 0.143465 0.00106319 0 0 0.1495 0.144534 
59800 0.00495211 0.143399 0.00105114 0 0 0.14939 0.144469 
60000 0.00492012 0.143334 0.00103909 0 0 0.149281 0.144403 
60200 0.00488926 0.143261 0.00102767 0 0 0.149184 0.144306 
60400 0.0048584 0.143188 0.00101624 0 0 0.149086 0.144208 
60600 0.00482781 0.143119 0.00100499 0 0 0.148985 0.144119 
60800 0.00479802 0.143062 0.00099423 0 0 0.148872 0.144051 
61000 0.00476824 0.143006 0.00098347 0 0 0.148759 0.143983 
61200 0.00473845 0.142949 0.000972711 0 0 0.148646 0.143915 
61400 0.00470866 0.142893 0.000961951 0 0 0.148532 0.143847 
61600 0.00467888 0.142836 0.000951192 0 0 0.148419 0.143779 
61800 0.00464966 0.142776 0.000940758 0 0 0.148311 0.143708 
62000 0.00462149 0.14271 0.000930928 0 0 0.148211 0.14363 
62200 0.00459333 0.142643 0.000921098 0 0 0.148112 0.143553 
62400 0.00456516 0.142577 0.000911267 0 0 0.148012 0.143476 
62600 0.004537 0.142511 0.000901437 0 0 0.147913 0.143398 
62800 0.00450883 0.142445 0.000891607 0 0 0.147814 0.143321 
63000 0.00448113 0.142379 0.000881988 0 0 0.147715 0.143244 
63200 0.00445451 0.142313 0.000872861 0 0 0.147617 0.143168 
63400 0.00442789 0.142248 0.000863734 0 0 0.147519 0.143092 
63600 0.00440127 0.142183 0.000854607 0 0 0.147421 0.143016 
63800 0.00437465 0.142118 0.000845481 0 0 0.147323 0.14294 
64000 0.00434803 0.142053 0.000836354 0 0 0.147226 0.142864 
64200 0.0043216 0.141986 0.000827345 0 0 0.147127 0.142788 
64400 0.00429626 0.141911 0.000819005 0 0 0.14702 0.142713 
64600 0.00427092 0.141836 0.000810666 0 0 0.146913 0.142638 
64800 0.00424559 0.141761 0.000802327 0 0 0.146806 0.142563 
65000 0.00422025 0.141687 0.000793987 0 0 0.146699 0.142489 
65200 0.00419491 0.141612 0.000785648 0 0 0.146592 0.142414 
65400 0.00416957 0.141537 0.000777308 0 0 0.146485 0.142339 
65600 0.00414561 0.141473 0.000769521 0 0 0.14639 0.142266 
65800 0.0041218 0.14141 0.000761794 0 0 0.146296 0.142192 
66000 0.004098 0.141348 0.000754068 0 0 0.146202 0.142119 
66200 0.00407419 0.141285 0.000746342 0 0 0.146108 0.142046 
66400 0.00405039 0.141223 0.000738615 0 0 0.146014 0.141973 
66600 0.00402658 0.14116 0.000730889 0 0 0.14592 0.1419 
66800 0.00400346 0.141098 0.000723506 0 0 0.145827 0.141828 
67000 0.00398101 0.141037 0.000716467 0 0 0.145735 0.141756 
67200 0.00395857 0.140976 0.000709428 0 0 0.145643 0.141685 
67400 0.00393613 0.140914 0.000702388 0 0 0.145552 0.141614 
67600 0.00391368 0.140853 0.000695349 0 0 0.14546 0.141542 
67800 0.00389124 0.140792 0.00068831 0 0 0.145368 0.141471 
68000 0.00386879 0.140731 0.000681271 0 0 0.145276 0.141399 
68200 0.00384734 0.140661 0.00067478 0 0 0.145186 0.141329 
68400 0.00382593 0.14059 0.000668319 0 0 0.145095 0.141259 
68600 0.00380453 0.14052 0.000661858 0 0 0.145005 0.141188 
68800 0.00378313 0.14045 0.000655397 0 0 0.144914 0.141118 
69000 0.00376173 0.140379 0.000648936 0 0 0.144824 0.141048 
69200 0.00374032 0.140309 0.000642475 0 0 0.144733 0.140977 
69400 0.00371928 0.140242 0.000636158 0 0 0.14464 0.140907 
69600 0.00369909 0.140183 0.000630179 0 0 0.144541 0.140838 
69800 0.00367889 0.140123 0.000624199 0 0 0.144442 0.140769 
70000 0.0036587 0.140064 0.00061822 0 0 0.144343 0.140699 
70200 0.0036385 0.140004 0.000612241 0 0 0.144244 0.14063 
70400 0.00361831 0.139945 0.000606261 0 0 0.144145 0.140561 
70600 0.00359811 0.139886 0.000600282 0 0 0.144046 0.140492 
70800 0.00357848 0.139822 0.000594576 0 0 0.143954 0.140418 
71000 0.0035593 0.139754 0.000589095 0 0 0.143867 0.14034 
71200 0.00354013 0.139686 0.000583614 0 0 0.14378 0.140263 
71400 0.00352095 0.139618 0.000578132 0 0 0.143693 0.140185 
71600 0.00350178 0.13955 0.000572651 0 0 0.143605 0.140108 
71800 0.0034826 0.139483 0.00056717 0 0 0.143518 0.14003 
72000 0.00346343 0.139415 0.000561688 0 0 0.143431 0.139953 
72200 0.00344495 0.139348 0.000556505 0 0 0.143345 0.139883 
72400 0.00342684 0.139282 0.000551481 0 0 0.14326 0.139816 
72600 0.00340874 0.139215 0.000546458 0 0 0.143174 0.13975 
72800 0.00339064 0.139149 0.000541434 0 0 0.143089 0.139684 
73000 0.00337253 0.139083 0.000536411 0 0 0.143004 0.139617 
73200 0.00335443 0.139016 0.000531387 0 0 0.142919 0.139551 
73400 0.00333633 0.13895 0.000526363 0 0 0.142833 0.139485 
73600 0.00331889 0.138884 0.000521587 0 0 0.142749 0.139419 
73800 0.00330191 0.138819 0.000516974 0 0 0.142665 0.139354 
74000 0.00328493 0.138755 0.000512361 0 0 0.142582 0.139289 
74200 0.00326794 0.13869 0.000507749 0 0 0.142498 0.139224 
74400 0.00325096 0.138625 0.000503136 0 0 0.142415 0.139159 
74600 0.00323397 0.13856 0.000498524 0 0 0.142331 0.139094 
74800 0.00321699 0.138495 0.000493911 0 0 0.142248 0.139029 
75000 0.00320032 0.13843 0.000489441 0 0 0.142161 0.138961 
75200 0.00318412 0.138366 0.000485184 0 0 0.14207 0.138888 
75400 0.00316791 0.138302 0.000480928 0 0 0.141978 0.138814 
75600 0.00315171 0.138238 0.000476671 0 0 0.141886 0.138741 
75800 0.00313551 0.138174 0.000472415 0 0 0.141795 0.138668 
76000 0.00311931 0.13811 0.000468158 0 0 0.141703 0.138595 
76200 0.00310311 0.138046 0.000463902 0 0 0.141612 0.138522 
76400 0.003087 0.137982 0.000459684 0 0 0.141521 0.138449 
76600 0.00307176 0.137919 0.000455808 0 0 0.141441 0.138387 
76800 0.00305653 0.137857 0.000451932 0 0 0.141361 0.138325 
77000 0.00304129 0.137795 0.000448056 0 0 0.141281 0.138262 
77200 0.00302606 0.137732 0.000444181 0 0 0.141201 0.1382 
77400 0.00301082 0.13767 0.000440305 0 0 0.141121 0.138138 
77600 0.00299559 0.137607 0.000436429 0 0 0.14104 0.138075 
77800 0.00298035 0.137545 0.000432554 0 0 0.14096 0.138013 
78000 0.00296555 0.137483 0.000428851 0 0 0.140881 0.137946 
78200 0.00295105 0.137422 0.000425264 0 0 0.140801 0.137875 
78400 0.00293654 0.13736 0.000421676 0 0 0.140722 0.137805 
78600 0.00292203 0.137299 0.000418089 0 0 0.140643 0.137735 
78800 0.00290752 0.137237 0.000414502 0 0 0.140564 0.137664 
79000 0.00289302 0.137176 0.000410915 0 0 0.140485 0.137594 
79200 0.00287851 0.137114 0.000407327 0 0 0.140406 0.137524 
79400 0.002864 0.137052 0.00040374 0 0 0.140327 0.137453 
79600 0.00285019 0.136986 0.000400377 0 0 0.140238 0.137387 
79800 0.00283638 0.136919 0.000397013 0 0 0.140149 0.13732 
80000 0.00282257 0.136852 0.00039365 0 0 0.140059 0.137253 
80200 0.00280907 0.136782 0.0003904 0 0 0.139975 0.137183 
80400 0.00279556 0.136711 0.00038715 0 0 0.139891 0.137112 
80600 0.00278206 0.136641 0.000383901 0 0 0.139806 0.137042 
80800 0.00276855 0.136571 0.000380651 0 0 0.139722 0.136972 
81000 0.00275521 0.136503 0.000377464 0 0 0.13964 0.136902 
81200 0.00274235 0.136444 0.000374463 0 0 0.139564 0.136835 
81400 0.00272949 0.136385 0.000371462 0 0 0.139488 0.136767 
81600 0.00271663 0.136327 0.000368462 0 0 0.139413 0.1367 
81800 0.00270377 0.136268 0.000365461 0 0 0.139337 0.136633 
82000 0.00269091 0.136209 0.00036246 0 0 0.139261 0.136566 
82200 0.00267805 0.13615 0.000359459 0 0 0.139186 0.136498 
82400 0.00266519 0.136091 0.000356459 0 0 0.13911 0.136431 
82600 0.0026525 0.13603 0.000353524 0 0 0.139035 0.136364 
82800 0.00264021 0.135964 0.000350743 0 0 0.13896 0.136298 
83000 0.00262793 0.135897 0.000347962 0 0 0.138885 0.136231 
83200 0.00261564 0.135831 0.000345182 0 0 0.138811 0.136165 
83400 0.00260336 0.135765 0.000342401 0 0 0.138736 0.136099 
83600 0.00259107 0.135698 0.00033962 0 0 0.138661 0.136032 
83800 0.00257879 0.135632 0.000336839 0 0 0.138586 0.135966 
84000 0.0025665 0.135565 0.000334058 0 0 0.138512 0.135899 
84200 0.00255441 0.135501 0.000331337 0 0 0.138435 0.135833 
84400 0.00254291 0.135445 0.000328794 0 0 0.138354 0.135769 
84600 0.00253141 0.135388 0.00032625 0 0 0.138273 0.135704 
84800 0.00251991 0.135331 0.000323707 0 0 0.138192 0.135639 
85000 0.00250841 0.135275 0.000321164 0 0 0.138111 0.135574 
85200 0.0024969 0.135218 0.000318621 0 0 0.13803 0.135509 
85400 0.0024854 0.135161 0.000316077 0 0 0.137949 0.135445 
85600 0.0024739 0.135104 0.000313534 0 0 0.137868 0.13538 
85800 0.0024624 0.135048 0.000310991 0 0 0.137787 0.135315 
86000 0.00245144 0.134984 0.000308646 0 0 0.137715 0.135251 
86200 0.00244047 0.13492 0.000306301 0 0 0.137643 0.135187 
86400 0.00242951 0.134856 0.000303956 0 0 0.137571 0.135123 
86600 0.00241854 0.134792 0.000301612 0 0 0.137499 0.135059 
86800 0.00240758 0.134728 0.000299267 0 0 0.137427 0.134995 
87000 0.00239662 0.134664 0.000296922 0 0 0.137355 0.134931 
87200 0.00238565 0.1346 0.000294577 0 0 0.137283 0.134867 
87400 0.00237469 0.134536 0.000292232 0 0 0.137211 0.134803 
87600 0.00236415 0.134473 0.000290015 0 0 0.137135 0.13474 
87800 0.00235383 0.13441 0.000287865 0 0 0.137057 0.134677 
88000 0.00234351 0.134347 0.000285716 0 0 0.136979 0.134615 
88200 0.0023332 0.134285 0.000283567 0 0 0.136901 0.134552 
88400 0.00232288 0.134222 0.000281418 0 0 0.136823 0.13449 
88600 0.00231257 0.13416 0.000279268 0 0 0.136744 0.134427 
88800 0.00230225 0.134097 0.000277119 0 0 0.136666 0.134365 
89000 0.00229193 0.134035 0.00027497 0 0 0.136588 0.134302 
89200 0.00228168 0.133972 0.000272839 0 0 0.136511 0.13424 
89400 0.00227198 0.133911 0.000270868 0 0 0.136442 0.134179 
89600 0.00226228 0.13385 0.000268898 0 0 0.136373 0.134118 
89800 0.00225258 0.133789 0.000266928 0 0 0.136305 0.134056 
90000 0.00224288 0.133728 0.000264957 0 0 0.136236 0.133995 
90200 0.00223318 0.133667 0.000262987 0 0 0.136167 0.133934 
90400 0.00222348 0.133606 0.000261017 0 0 0.136099 0.133873 
90600 0.00221379 0.133545 0.000259047 0 0 0.13603 0.133812 
90800 0.00220409 0.133484 0.000257076 0 0 0.135961 0.133751 
91000 0.00219458 0.133423 0.000255162 0 0 0.13589 0.13369 
91200 0.00218542 0.133363 0.000253353 0 0 0.135815 0.13363 
91400 0.00217626 0.133303 0.000251543 0 0 0.13574 0.13357 
91600 0.0021671 0.133243 0.000249734 0 0 0.135665 0.13351 
91800 0.00215794 0.133183 0.000247924 0 0 0.13559 0.13345 
92000 0.00214878 0.133123 0.000246115 0 0 0.135515 0.13339 
92200 0.00213962 0.133063 0.000244305 0 0 0.13544 0.13333 
92400 0.00213046 0.133003 0.000242496 0 0 0.135365 0.13327 
92600 0.0021213 0.132942 0.000240687 0 0 0.135289 0.13321 
92800 0.00211234 0.132883 0.00023894 0 0 0.135218 0.133147 
93000 0.00210363 0.132824 0.000237272 0 0 0.135152 0.13308 
93200 0.00209491 0.132765 0.000235603 0 0 0.135085 0.133014 
93400 0.0020862 0.132706 0.000233934 0 0 0.135019 0.132947 
93600 0.00207749 0.132647 0.000232266 0 0 0.134952 0.132881 
93800 0.00206878 0.132587 0.000230597 0 0 0.134886 0.132815 
94000 0.00206006 0.132528 0.000228928 0 0 0.13482 0.132748 
94200 0.00205135 0.132469 0.000227259 0 0 0.134753 0.132682 
94400 0.00204264 0.13241 0.000225591 0 0 0.134687 0.132615 
94600 0.00203412 0.132352 0.00022398 0 0 0.134618 0.132552 
94800 0.00202588 0.132294 0.000222456 0 0 0.134546 0.132494 
95000 0.00201764 0.132236 0.000220931 0 0 0.134473 0.132437 
95200 0.00200941 0.132178 0.000219407 0 0 0.134401 0.132379 
95400 0.00200117 0.132121 0.000217883 0 0 0.134329 0.132321 
95600 0.00199294 0.132063 0.000216358 0 0 0.134257 0.132263 
95800 0.0019847 0.132005 0.000214834 0 0 0.134184 0.132205 
96000 0.00197647 0.131947 0.00021331 0 0 0.134112 0.132148 
96200 0.00196823 0.131889 0.000211786 0 0 0.13404 0.13209 
96400 0.00196006 0.131832 0.000210279 0 0 0.133969 0.132032 
96600 0.00195224 0.131775 0.000208871 0 0 0.133905 0.131975 
96800 0.00194442 0.131718 0.000207464 0 0 0.133841 0.131918 
97000 0.0019366 0.131661 0.000206056 0 0 0.133777 0.131862 
97200 0.00192878 0.131604 0.000204649 0 0 0.133713 0.131805 
97400 0.00192096 0.131547 0.000203241 0 0 0.133649 0.131748 
97600 0.00191314 0.131491 0.000201834 0 0 0.133585 0.131691 
97800 0.00190532 0.131434 0.000200426 0 0 0.133521 0.131634 
98000 0.0018975 0.131377 0.000199019 0 0 0.133457 0.131577 
98200 0.00188968 0.13132 0.000197611 0 0 0.133393 0.13152 
98400 0.00188223 0.13126 0.000196286 0 0 0.133326 0.13146 
98600 0.0018749 0.131199 0.000194987 0 0 0.133257 0.131399 
98800 0.00186757 0.131138 0.000193689 0 0 0.133188 0.131338 
99000 0.00186024 0.131077 0.000192391 0 0 0.133119 0.131277 
99200 0.0018529 0.131015 0.000191092 0 0 0.133051 0.131216 
99400 0.00184557 0.130954 0.000189794 0 0 0.132982 0.131155 
99600 0.00183824 0.130893 0.000188496 0 0 0.132913 0.131094 
99800 0.00183091 0.130832 0.000187198 0 0 0.132845 0.131033 
100000 0.00182358 0.130771 0.000185899 0 0 0.132776 0.130972 
100200 0.00181756 0.130704 0.00018483 0 0 0.132709 0.130905 
100400 0.00181039 0.130648 0.000183606 0 0 0.132646 0.130841 
100600 0.00180322 0.130592 0.000182383 0 0 0.132582 0.130778 
100800 0.00179604 0.130535 0.000181159 0 0 0.132519 0.130715 
101000 0.00178887 0.130479 0.000179935 0 0 0.132456 0.130652 
101200 0.00178169 0.130423 0.000178711 0 0 0.132392 0.130588 
101400 0.00177452 0.130367 0.000177487 0 0 0.132329 0.130525 
101600 0.00176734 0.13031 0.000176263 0 0 0.132266 0.130462 
101800 0.00176017 0.130254 0.000175039 0 0 0.132203 0.130398 
102000 0.00175299 0.130198 0.000173815 0 0 0.132139 0.130335 
102200 0.00174613 0.13014 0.000172659 0 0 0.132074 0.130277 
102400 0.00173958 0.13008 0.000171569 0 0 0.132007 0.130223 
102600 0.00173303 0.130019 0.00017048 0 0 0.13194 0.13017 
102800 0.00172649 0.129959 0.000169391 0 0 0.131874 0.130116 
103000 0.00171994 0.129899 0.000168302 0 0 0.131807 0.130063 
103200 0.00171339 0.129839 0.000167213 0 0 0.13174 0.130009 
103400 0.00170684 0.129779 0.000166123 0 0 0.131673 0.129956 
103600 0.00170029 0.129719 0.000165034 0 0 0.131606 0.129902 
103800 0.00169374 0.129659 0.000163945 0 0 0.13154 0.129849 
104000 0.00168719 0.129598 0.000162856 0 0 0.131473 0.129796 
104200 0.00168093 0.129543 0.000161828 0 0 0.131408 0.12974 
104400 0.00167495 0.129492 0.00016086 0 0 0.131344 0.129683 
104600 0.00166896 0.129441 0.000159893 0 0 0.13128 0.129626 
104800 0.00166298 0.12939 0.000158926 0 0 0.131217 0.129568 
105000 0.001657 0.129339 0.000157958 0 0 0.131153 0.129511 
105200 0.00165102 0.129288 0.000156991 0 0 0.131089 0.129454 
105400 0.00164504 0.129237 0.000156024 0 0 0.131026 0.129396 
105600 0.00163905 0.129186 0.000155056 0 0 0.130962 0.129339 
105800 0.00163307 0.129136 0.000154089 0 0 0.130898 0.129282 
106000 0.00162709 0.129085 0.000153122 0 0 0.130835 0.129225 
106200 0.00162111 0.129034 0.000152154 0 0 0.130771 0.129167 
106400 0.00161503 0.128974 0.000151199 0 0 0.130711 0.129107 
106600 0.00160895 0.128913 0.000150243 0 0 0.130651 0.129047 
106800 0.00160286 0.128853 0.000149288 0 0 0.130591 0.128987 
107000 0.00159678 0.128793 0.000148332 0 0 0.130531 0.128927 
107200 0.0015907 0.128733 0.000147376 0 0 0.13047 0.128867 
107400 0.00158462 0.128673 0.000146421 0 0 0.13041 0.128807 
107600 0.00157854 0.128613 0.000145465 0 0 0.13035 0.128746 
107800 0.00157246 0.128553 0.00014451 0 0 0.13029 0.128686 
108000 0.00156638 0.128492 0.000143554 0 0 0.13023 0.128626 
108200 0.0015603 0.128432 0.000142599 0 0 0.13017 0.128566 
108400 0.00155501 0.128378 0.000141785 0 0 0.130109 0.128511 
108600 0.00154973 0.128323 0.000140971 0 0 0.130048 0.128457 
108800 0.00154444 0.128268 0.000140157 0 0 0.129987 0.128402 
109000 0.00153916 0.128214 0.000139343 0 0 0.129927 0.128347 
109200 0.00153387 0.128159 0.000138529 0 0 0.129866 0.128293 
109400 0.00152859 0.128104 0.000137715 0 0 0.129805 0.128238 
109600 0.0015233 0.12805 0.000136901 0 0 0.129744 0.128183 
109800 0.00151802 0.127995 0.000136087 0 0 0.129684 0.128129 
110000 0.00151273 0.12794 0.000135273 0 0 0.129623 0.128074 
110200 0.00150745 0.127886 0.000134458 0 0 0.129562 0.128019 
110400 0.00150216 0.127831 0.000133645 0 0 0.129501 0.127965 
110600 0.00149682 0.12778 0.000132849 0 0 0.129438 0.127914 
110800 0.00149147 0.127729 0.000132053 0 0 0.129374 0.127863 
111000 0.00148613 0.127678 0.000131258 0 0 0.129311 0.127812 
111200 0.00148078 0.127627 0.000130462 0 0 0.129247 0.127761 
111400 0.00147543 0.127576 0.000129667 0 0 0.129183 0.12771 
111600 0.00147009 0.127525 0.000128871 0 0 0.12912 0.127659 
111800 0.00146474 0.127475 0.000128076 0 0 0.129056 0.127608 
112000 0.0014594 0.127424 0.00012728 0 0 0.128992 0.127557 
112200 0.00145405 0.127373 0.000126485 0 0 0.128929 0.127506 
112400 0.00144871 0.127322 0.000125689 0 0 0.128865 0.127455 
112600 0.00144357 0.127269 0.000124933 0 0 0.128803 0.127403 
112800 0.00143865 0.127214 0.000124216 0 0 0.128742 0.127348 
113000 0.00143373 0.12716 0.0001235 0 0 0.128681 0.127293 
113200 0.00142881 0.127105 0.000122783 0 0 0.128621 0.127239 
113400 0.00142389 0.12705 0.000122066 0 0 0.12856 0.127184 
113600 0.00141897 0.126996 0.000121349 0 0 0.128499 0.127129 
113800 0.00141405 0.126941 0.000120632 0 0 0.128438 0.127075 
114000 0.00140913 0.126886 0.000119916 0 0 0.128378 0.12702 
114200 0.00140421 0.126832 0.000119199 0 0 0.128317 0.126965 
114400 0.00139929 0.126777 0.000118482 0 0 0.128256 0.126911 
114600 0.00139437 0.126722 0.000117765 0 0 0.128195 0.126856 
114800 0.00138964 0.126669 0.000117087 0 0 0.128139 0.126802 
115000 0.00138511 0.126617 0.000116448 0 0 0.128087 0.12675 
115200 0.00138058 0.126564 0.000115809 0 0 0.128034 0.126698 
115400 0.00137604 0.126512 0.00011517 0 0 0.127982 0.126646 
115600 0.00137151 0.12646 0.00011453 0 0 0.12793 0.126593 
115800 0.00136698 0.126407 0.000113891 0 0 0.127877 0.126541 
116000 0.00136245 0.126355 0.000113252 0 0 0.127825 0.126489 
116200 0.00135791 0.126303 0.000112613 0 0 0.127773 0.126436 
116400 0.00135338 0.12625 0.000111974 0 0 0.127721 0.126384 
116600 0.00134885 0.126198 0.000111335 0 0 0.127668 0.126332 
116800 0.00134432 0.126146 0.000110695 0 0 0.127616 0.12628 
117000 0.00133979 0.126094 0.000110056 0 0 0.127564 0.126227 
117200 0.00133517 0.126039 0.000109431 0 0 0.127503 0.126173 
117400 0.00133055 0.125984 0.000108805 0 0 0.127442 0.126118 
117600 0.00132594 0.12593 0.000108179 0 0 0.127381 0.126063 
117800 0.00132132 0.125875 0.000107553 0 0 0.127321 0.126009 
118000 0.0013167 0.12582 0.000106928 0 0 0.12726 0.125954 
118200 0.00131208 0.125766 0.000106302 0 0 0.127199 0.125899 
118400 0.00130747 0.125711 0.000105676 0 0 0.127138 0.125844 
118600 0.00130285 0.125656 0.000105051 0 0 0.127078 0.12579 
118800 0.00129823 0.125602 0.000104425 0 0 0.127017 0.125735 
119000 0.00129362 0.125547 0.000103799 0 0 0.126956 0.12568 
119200 0.001289 0.125492 0.000103174 0 0 0.126895 0.125626 
119400 0.00128499 0.125442 0.000102639 0 0 0.12684 0.12557 
119600 0.00128098 0.125392 0.000102104 0 0 0.126784 0.125514 
119800 0.00127697 0.125342 0.00010157 0 0 0.126728 0.125459 
120000 0.00127296 0.125292 0.000101035 0 0 0.126673 0.125403 
120200 0.00126895 0.125242 0.000100501 0 0 0.126617 0.125347 
120400 0.00126494 0.125191 9.9966E-05 0 0 0.126561 0.125292 
120600 0.00126094 0.125141 9.94315E-05 0 0 0.126506 0.125236 
120800 0.00125693 0.125091 9.88969E-05 0 0 0.12645 0.12518 
121000 0.00125292 0.125041 9.83623E-05 0 0 0.126394 0.125125 
121200 0.00124891 0.124991 9.78278E-05 0 0 0.126339 0.125069 
121400 0.0012449 0.124941 9.72932E-05 0 0 0.126283 0.125013 
121600 0.00124089 0.124891 9.67586E-05 0 0 0.126227 0.124958 
121800 0.00123699 0.124841 9.62519E-05 0 0 0.126172 0.124907 
122000 0.00123309 0.124791 9.57451E-05 0 0 0.126116 0.124857 
122200 0.00122919 0.12474 9.52384E-05 0 0 0.12606 0.124807 
122400 0.0012253 0.12469 9.47317E-05 0 0 0.126004 0.124757 
122600 0.0012214 0.12464 9.42249E-05 0 0 0.125949 0.124707 
122800 0.0012175 0.12459 9.37182E-05 0 0 0.125893 0.124657 
123000 0.0012136 0.12454 9.32115E-05 0 0 0.125837 0.124607 
123200 0.00120971 0.12449 9.27047E-05 0 0 0.125782 0.124557 
123400 0.00120581 0.12444 9.2198E-05 0 0 0.125726 0.124507 
123600 0.00120191 0.12439 9.16912E-05 0 0 0.12567 0.124456 
123800 0.00119801 0.124339 9.11845E-05 0 0 0.125615 0.124406 
124000 0.00119411 0.124289 9.06778E-05 0 0 0.125559 0.124356 
124200 0.00119038 0.124239 9.021E-05 0 0 0.125503 0.124306 
124400 0.00118665 0.124189 8.97423E-05 0 0 0.125448 0.124256 
124600 0.00118292 0.124139 8.92745E-05 0 0 0.125392 0.124206 
124800 0.00117919 0.124089 8.88068E-05 0 0 0.125336 0.124156 
125000 0.00117546 0.124039 8.8339E-05 0 0 0.125281 0.124106 
125200 0.00117173 0.123989 8.78712E-05 0 0 0.125225 0.124055 
125400 0.001168 0.123939 8.74035E-05 0 0 0.125169 0.124005 
125600 0.00116427 0.123888 8.69357E-05 0 0 0.125113 0.123955 
125800 0.00116054 0.123838 8.6468E-05 0 0 0.125058 0.123905 
126000 0.0011568 0.123788 8.60002E-05 0 0 0.125002 0.123855 
126200 0.00115307 0.123738 8.55325E-05 0 0 0.124946 0.123805 
126400 0.00114934 0.123688 8.50647E-05 0 0 0.124891 0.123755 
126600 0.00114578 0.123638 8.46192E-05 0 0 0.124835 0.123705 
126800 0.00114221 0.123588 8.41738E-05 0 0 0.124779 0.123655 
127000 0.00113865 0.123538 8.37283E-05 0 0 0.124724 0.123604 
127200 0.00113509 0.123487 8.32828E-05 0 0 0.124668 0.123554 
127400 0.00113152 0.123437 8.28373E-05 0 0 0.124612 0.123504 
127600 0.00112796 0.123387 8.23918E-05 0 0 0.124557 0.123454 
127800 0.0011244 0.123337 8.19463E-05 0 0 0.124501 0.123404 
128000 0.00112083 0.123287 8.15009E-05 0 0 0.124445 0.123354 
128200 0.00111727 0.123237 8.10554E-05 0 0 0.12439 0.123304 
128400 0.0011137 0.123187 8.06099E-05 0 0 0.124334 0.123254 
128600 0.00111014 0.123137 8.01644E-05 0 0 0.124278 0.123203 
128800 0.00110658 0.123087 7.97189E-05 0 0 0.124223 0.123153 
129000 0.00110334 0.123035 7.93385E-05 0 0 0.124171 0.123107 
129200 0.0011001 0.122984 7.89582E-05 0 0 0.12412 0.123061 
129400 0.00109686 0.122932 7.85778E-05 0 0 0.124068 0.123015 
129600 0.00109362 0.122881 7.81974E-05 0 0 0.124017 0.122968 
129800 0.00109038 0.12283 7.78171E-05 0 0 0.123966 0.122922 
130000 0.00108715 0.122778 7.74367E-05 0 0 0.123914 0.122876 
130200 0.00108391 0.122727 7.70563E-05 0 0 0.123863 0.12283 
130400 0.00108067 0.122675 7.66759E-05 0 0 0.123811 0.122783 
130600 0.00107743 0.122624 7.62956E-05 0 0 0.12376 0.122737 
130800 0.00107419 0.122573 7.59152E-05 0 0 0.123709 0.122691 
131000 0.00107095 0.122521 7.55348E-05 0 0 0.123657 0.122644 
131200 0.00106772 0.12247 7.51545E-05 0 0 0.123606 0.122598 
131400 0.00106448 0.122418 7.47741E-05 0 0 0.123554 0.122552 
131600 0.00106127 0.12237 7.43999E-05 0 0 0.123506 0.122499 
131800 0.00105806 0.122322 7.40257E-05 0 0 0.123458 0.122445 
132000 0.00105486 0.122274 7.36515E-05 0 0 0.12341 0.122392 
132200 0.00105165 0.122226 7.32773E-05 0 0 0.123362 0.122338 
132400 0.00104844 0.122178 7.29031E-05 0 0 0.123314 0.122285 
132600 0.00104523 0.12213 7.25289E-05 0 0 0.123266 0.122231 
132800 0.00104203 0.122082 7.21546E-05 0 0 0.123218 0.122178 
133000 0.00103882 0.122033 7.17804E-05 0 0 0.123169 0.122124 
133200 0.00103561 0.121985 7.14062E-05 0 0 0.123121 0.122071 
133400 0.0010324 0.121937 7.1032E-05 0 0 0.123073 0.122017 
133600 0.0010292 0.121889 7.06578E-05 0 0 0.123025 0.121964 
133800 0.00102599 0.121841 7.02836E-05 0 0 0.122977 0.12191 
134000 0.00102297 0.121795 6.99352E-05 0 0 0.122928 0.121861 
134200 0.00102015 0.12175 6.96124E-05 0 0 0.122879 0.121817 
134400 0.00101733 0.121706 6.92897E-05 0 0 0.122829 0.121772 
134600 0.00101451 0.121661 6.8967E-05 0 0 0.12278 0.121728 
134800 0.00101169 0.121616 6.86443E-05 0 0 0.12273 0.121683 
135000 0.00100887 0.121572 6.83215E-05 0 0 0.122681 0.121639 
135200 0.00100605 0.121527 6.79988E-05 0 0 0.122631 0.121594 
135400 0.00100322 0.121483 6.76761E-05 0 0 0.122582 0.12155 
135600 0.0010004 0.121438 6.73534E-05 0 0 0.122532 0.121505 
135800 0.000997582 0.121394 6.70306E-05 0 0 0.122483 0.121461 
136000 0.00099476 0.121349 6.67079E-05 0 0 0.122433 0.121416 
136200 0.000991939 0.121305 6.63852E-05 0 0 0.122384 0.121371 
136400 0.000989118 0.12126 6.60624E-05 0 0 0.122334 0.121327 
136600 0.000986296 0.121216 6.57397E-05 0 0 0.122285 0.121282 
136800 0.000983418 0.121164 6.54251E-05 0 0 0.122233 0.121231 
137000 0.000980539 0.121113 6.51106E-05 0 0 0.122182 0.12118 
137200 0.000977661 0.121061 6.4796E-05 0 0 0.12213 0.121128 
137400 0.000974782 0.12101 6.44814E-05 0 0 0.122079 0.121077 
137600 0.000971904 0.120959 6.41668E-05 0 0 0.122028 0.121025 
137800 0.000969025 0.120907 6.38522E-05 0 0 0.121976 0.120974 
138000 0.000966147 0.120856 6.35377E-05 0 0 0.121925 0.120923 
138200 0.000963268 0.120804 6.32231E-05 0 0 0.121873 0.120871 
138400 0.00096039 0.120753 6.29085E-05 0 0 0.121822 0.12082 
138600 0.000957511 0.120702 6.25939E-05 0 0 0.121771 0.120768 
138800 0.000954633 0.12065 6.22794E-05 0 0 0.121719 0.120717 
139000 0.000951754 0.120599 6.19648E-05 0 0 0.121668 0.120666 
139200 0.000948876 0.120547 6.16502E-05 0 0 0.121616 0.120614 
139400 0.000946252 0.120503 6.13666E-05 0 0 0.121567 0.12057 
139600 0.000943629 0.120458 6.10829E-05 0 0 0.121517 0.120525 
139800 0.000941006 0.120414 6.07993E-05 0 0 0.121468 0.12048 
140000 0.000938382 0.120369 6.05157E-05 0 0 0.121418 0.120436 
140200 0.000935759 0.120325 6.02321E-05 0 0 0.121369 0.120391 
140400 0.000933135 0.12028 5.99485E-05 0 0 0.121319 0.120347 
140600 0.000930512 0.120235 5.96648E-05 0 0 0.12127 0.120302 
140800 0.000927889 0.120191 5.93812E-05 0 0 0.12122 0.120258 
141000 0.000925265 0.120146 5.90976E-05 0 0 0.121171 0.120213 
141200 0.000922642 0.120102 5.8814E-05 0 0 0.121121 0.120169 
141400 0.000920018 0.120057 5.85303E-05 0 0 0.121072 0.120124 
141600 0.000917395 0.120013 5.82467E-05 0 0 0.121022 0.12008 
141800 0.000914772 0.119968 5.79631E-05 0 0 0.120973 0.120035 
142000 0.000912219 0.119924 5.76931E-05 0 0 0.120924 0.119989 
142200 0.000909737 0.119881 5.74368E-05 0 0 0.120877 0.119941 
142400 0.000907255 0.119839 5.71805E-05 0 0 0.120829 0.119893 
142600 0.000904773 0.119796 5.69242E-05 0 0 0.120781 0.119846 
142800 0.000902291 0.119753 5.66679E-05 0 0 0.120733 0.119798 
143000 0.000899809 0.11971 5.64116E-05 0 0 0.120686 0.11975 
143200 0.000897327 0.119667 5.61553E-05 0 0 0.120638 0.119702 
143400 0.000894845 0.119624 5.58989E-05 0 0 0.12059 0.119655 
143600 0.000892363 0.119581 5.56426E-05 0 0 0.120543 0.119607 
143800 0.000889881 0.119538 5.53863E-05 0 0 0.120495 0.119559 
144000 0.000887399 0.119495 5.513E-05 0 0 0.120447 0.119512 
144200 0.000884917 0.119452 5.48737E-05 0 0 0.120399 0.119464 
144400 0.000882435 0.119409 5.46174E-05 0 0 0.120352 0.119416 
144600 0.000879953 0.119366 5.43611E-05 0 0 0.120304 0.119368 
144800 0.000877543 0.119321 5.41129E-05 0 0 0.120256 0.119323 
145000 0.000875204 0.119273 5.38728E-05 0 0 0.120208 0.11928 
145200 0.000872865 0.119225 5.36327E-05 0 0 0.120161 0.119237 
145400 0.000870527 0.119177 5.33926E-05 0 0 0.120113 0.119194 
145600 0.000868188 0.11913 5.31526E-05 0 0 0.120065 0.119151 
145800 0.000865849 0.119082 5.29125E-05 0 0 0.120018 0.119108 
146000 0.00086351 0.119034 5.26724E-05 0 0 0.11997 0.119065 
146200 0.000861172 0.118987 5.24323E-05 0 0 0.119922 0.119022 
146400 0.000858833 0.118939 5.21922E-05 0 0 0.119874 0.118979 
146600 0.000856494 0.118891 5.19521E-05 0 0 0.119827 0.118936 
146800 0.000854155 0.118843 5.17121E-05 0 0 0.119779 0.118893 
147000 0.000851816 0.118796 5.1472E-05 0 0 0.119731 0.11885 
147200 0.000849478 0.118748 5.12319E-05 0 0 0.119683 0.118808 
147400 0.000847139 0.1187 5.09918E-05 0 0 0.119636 0.118765 
147600 0.000844874 0.118655 5.0764E-05 0 0 0.119588 0.118722 
147800 0.000842682 0.118612 5.05486E-05 0 0 0.11954 0.118679 
148000 0.00084049 0.118569 5.03332E-05 0 0 0.119492 0.118636 
148200 0.000838298 0.118527 5.01177E-05 0 0 0.119443 0.118593 
148400 0.000836107 0.118484 4.99023E-05 0 0 0.119395 0.118551 
148600 0.000833915 0.118441 4.96869E-05 0 0 0.119347 0.118508 
148800 0.000831723 0.118398 4.94714E-05 0 0 0.119299 0.118465 
149000 0.000829531 0.118356 4.9256E-05 0 0 0.119251 0.118422 
149200 0.000827339 0.118313 4.90406E-05 0 0 0.119203 0.11838 
149400 0.000825148 0.11827 4.88251E-05 0 0 0.119155 0.118337 
149600 0.000822956 0.118227 4.86097E-05 0 0 0.119107 0.118294 
149800 0.000820764 0.118184 4.83943E-05 0 0 0.119059 0.118251 
150000 0.000818572 0.118142 4.81788E-05 0 0 0.11901 0.118209 
150200 0.000816234 0.118108 4.79516E-05 0 0 0.118944 0.118142 
150400 0.000813895 0.118075 4.77244E-05 0 0 0.118877 0.118075 
150600 0.000811846 0.11803 4.75275E-05 0 0 0.118832 0.118035 
150800 0.000809796 0.117986 4.73306E-05 0 0 0.118788 0.117995 
151000 0.000807747 0.117941 4.71337E-05 0 0 0.118743 0.117955 
151200 0.000805698 0.117897 4.69368E-05 0 0 0.118699 0.117915 
151400 0.000803649 0.117852 4.67399E-05 0 0 0.118654 0.117874 
151600 0.0008016 0.117808 4.6543E-05 0 0 0.118609 0.117834 
151800 0.00079955 0.117763 4.63461E-05 0 0 0.118565 0.117794 
152000 0.000797501 0.117719 4.61492E-05 0 0 0.11852 0.117754 
152200 0.000795452 0.117674 4.59523E-05 0 0 0.118476 0.117714 
152400 0.000793403 0.117629 4.57554E-05 0 0 0.118431 0.117674 
152600 0.000791353 0.117585 4.55585E-05 0 0 0.118387 0.117634 
152800 0.000789304 0.11754 4.53616E-05 0 0 0.118342 0.117594 
153000 0.000787255 0.117496 4.51647E-05 0 0 0.118298 0.117554 
153200 0.000785206 0.117451 4.49678E-05 0 0 0.118253 0.117514 
153400 0.000783157 0.117407 4.47709E-05 0 0 0.118209 0.117473 
153600 0.000781196 0.117362 4.45865E-05 0 0 0.118164 0.117429 
153800 0.000779236 0.117318 4.4402E-05 0 0 0.118119 0.117384 
154000 0.000777276 0.117273 4.42176E-05 0 0 0.118075 0.11734 
154200 0.000775316 0.117228 4.40332E-05 0 0 0.11803 0.117295 
154400 0.000773356 0.117184 4.38488E-05 0 0 0.117986 0.117251 
154600 0.000771396 0.117139 4.36643E-05 0 0 0.117941 0.117206 
154800 0.000769436 0.117095 4.34799E-05 0 0 0.117897 0.117162 
155000 0.000767476 0.11705 4.32955E-05 0 0 0.117852 0.117117 
155200 0.000765515 0.117006 4.3111E-05 0 0 0.117808 0.117073 
155400 0.000763555 0.116961 4.29266E-05 0 0 0.117763 0.117028 
155600 0.000761595 0.116917 4.27422E-05 0 0 0.117719 0.116983 
155800 0.000759635 0.116872 4.25577E-05 0 0 0.117674 0.116939 
156000 0.000757675 0.116828 4.23733E-05 0 0 0.117629 0.116894 
156200 0.000755715 0.116783 4.21889E-05 0 0 0.117585 0.11685 
156400 0.000753755 0.116738 4.20045E-05 0 0 0.11754 0.116805 
156600 0.000751839 0.116698 4.18316E-05 0 0 0.117496 0.116761 
156800 0.000749924 0.116658 4.16588E-05 0 0 0.117451 0.116716 
157000 0.000748008 0.116618 4.14859E-05 0 0 0.117407 0.116672 
157200 0.000746093 0.116578 4.13131E-05 0 0 0.117362 0.116627 
157400 0.000744177 0.116538 4.11402E-05 0 0 0.117318 0.116583 
157600 0.000742261 0.116498 4.09674E-05 0 0 0.117273 0.116538 
157800 0.000740346 0.116458 4.07945E-05 0 0 0.117228 0.116493 
158000 0.00073843 0.116418 4.06217E-05 0 0 0.117184 0.116449 
158200 0.000736515 0.116378 4.04488E-05 0 0 0.117139 0.116404 
158400 0.000734599 0.116338 4.0276E-05 0 0 0.117095 0.11636 
158600 0.000732684 0.116297 4.01031E-05 0 0 0.11705 0.116315 
158800 0.000730768 0.116257 3.99303E-05 0 0 0.117006 0.116271 
159000 0.000728852 0.116217 3.97574E-05 0 0 0.116961 0.116226 
159200 0.000726937 0.116177 3.95846E-05 0 0 0.116917 0.116182 
159400 0.000725021 0.116137 3.94118E-05 0 0 0.116872 0.116137 
159600 0.000723254 0.116094 3.92548E-05 0 0 0.116829 0.116098 
159800 0.000721486 0.116051 3.90979E-05 0 0 0.116786 0.116059 
160000 0.000719719 0.116008 3.8941E-05 0 0 0.116743 0.116021 
160200 0.000717951 0.115965 3.87841E-05 0 0 0.1167 0.115982 
160400 0.000716184 0.115921 3.86271E-05 0 0 0.116657 0.115943 
160600 0.000714416 0.115878 3.84702E-05 0 0 0.116613 0.115904 
160800 0.000712648 0.115835 3.83133E-05 0 0 0.11657 0.115865 
161000 0.000710881 0.115792 3.81564E-05 0 0 0.116527 0.115827 
161200 0.000709113 0.115749 3.79994E-05 0 0 0.116484 0.115788 
161400 0.000707346 0.115706 3.78425E-05 0 0 0.116441 0.115749 
161600 0.000705578 0.115663 3.76856E-05 0 0 0.116398 0.11571 
161800 0.000703811 0.11562 3.75287E-05 0 0 0.116355 0.115671 
162000 0.000702043 0.115577 3.73717E-05 0 0 0.116312 0.115633 
162200 0.000700275 0.115533 3.72148E-05 0 0 0.116269 0.115594 
162400 0.000698508 0.11549 3.70579E-05 0 0 0.116225 0.115555 
162600 0.00069681 0.115448 3.69082E-05 0 0 0.116183 0.115515 
162800 0.000695181 0.115406 3.67658E-05 0 0 0.116141 0.115473 
163000 0.000693552 0.115364 3.66234E-05 0 0 0.116099 0.115431 
163200 0.000691923 0.115323 3.6481E-05 0 0 0.116058 0.115389 
163400 0.000690295 0.115281 3.63386E-05 0 0 0.116016 0.115348 
163600 0.000688666 0.115239 3.61961E-05 0 0 0.115974 0.115306 
163800 0.000687037 0.115197 3.60537E-05 0 0 0.115932 0.115264 
164000 0.000685408 0.115156 3.59113E-05 0 0 0.115891 0.115222 
164200 0.000683779 0.115114 3.57689E-05 0 0 0.115849 0.115181 
164400 0.000682151 0.115072 3.56265E-05 0 0 0.115807 0.115139 
164600 0.000680522 0.11503 3.54841E-05 0 0 0.115765 0.115097 
164800 0.000678893 0.114989 3.53417E-05 0 0 0.115724 0.115055 
165000 0.000677264 0.114947 3.51992E-05 0 0 0.115682 0.115014 
165200 0.000675635 0.114905 3.50568E-05 0 0 0.11564 0.114972 
165400 0.000674007 0.114863 3.49144E-05 0 0 0.115598 0.11493 
165600 0.000672378 0.114821 3.4772E-05 0 0 0.115557 0.114888 
165800 0.000670796 0.114782 3.46362E-05 0 0 0.115515 0.114847 
166000 0.000669261 0.114746 3.4507E-05 0 0 0.115475 0.114807 
166200 0.000667726 0.114709 3.43778E-05 0 0 0.115434 0.114766 
166400 0.000666191 0.114673 3.42486E-05 0 0 0.115394 0.114726 
166600 0.000664656 0.114637 3.41194E-05 0 0 0.115353 0.114685 
166800 0.000663122 0.1146 3.39902E-05 0 0 0.115313 0.114645 
167000 0.000661587 0.114564 3.38611E-05 0 0 0.115272 0.114604 
167200 0.000660052 0.114527 3.37319E-05 0 0 0.115232 0.114564 
167400 0.000658517 0.114491 3.36027E-05 0 0 0.115191 0.114523 
167600 0.000656982 0.114454 3.34735E-05 0 0 0.115151 0.114483 
167800 0.000655447 0.114418 3.33443E-05 0 0 0.11511 0.114442 
168000 0.000653912 0.114381 3.32151E-05 0 0 0.11507 0.114402 
168200 0.000652377 0.114345 3.30859E-05 0 0 0.115029 0.114361 
168400 0.000650842 0.114309 3.29567E-05 0 0 0.114989 0.114321 
168600 0.000649308 0.114272 3.28275E-05 0 0 0.114948 0.11428 
168800 0.000647773 0.114236 3.26983E-05 0 0 0.114908 0.11424 
169000 0.000646238 0.114199 3.25692E-05 0 0 0.114867 0.114199 
169200 0.00064476 0.114159 3.24477E-05 0 0 0.114827 0.114159 
169400 0.000643281 0.114118 3.23262E-05 0 0 0.114786 0.114118 
169600 0.000641803 0.114078 3.22047E-05 0 0 0.114746 0.114078 
169800 0.000640325 0.114037 3.20832E-05 0 0 0.114705 0.114037 
170000 0.000638847 0.113997 3.19617E-05 0 0 0.114665 0.113997 
170200 0.000637369 0.113956 3.18402E-05 0 0 0.114624 0.113956 
170400 0.000635891 0.113916 3.17187E-05 0 0 0.114584 0.113916 
170600 0.000634412 0.113875 3.15972E-05 0 0 0.114543 0.113875 
170800 0.000632934 0.113835 3.14757E-05 0 0 0.114503 0.113835 
171000 0.000631456 0.113794 3.13542E-05 0 0 0.114462 0.113794 
171200 0.000629978 0.113754 3.12327E-05 0 0 0.114422 0.113754 
171400 0.0006285 0.113713 3.11112E-05 0 0 0.114381 0.113713 
171600 0.000627021 0.113673 3.09897E-05 0 0 0.114341 0.113673 
171800 0.000625543 0.113632 3.08682E-05 0 0 0.1143 0.113632 
172000 0.000624065 0.113592 3.07467E-05 0 0 0.11426 0.113592 
172200 0.000622587 0.113551 3.06252E-05 0 0 0.114219 0.113551 
172400 0.000621135 0.113511 3.05078E-05 0 0 0.114179 0.113513 
172600 0.000619709 0.11347 3.03944E-05 0 0 0.114138 0.113476 
172800 0.000618284 0.11343 3.0281E-05 0 0 0.114098 0.11344 
173000 0.000616858 0.113389 3.01676E-05 0 0 0.114057 0.113403 
173200 0.000615433 0.113349 3.00542E-05 0 0 0.114017 0.113367 
173400 0.000614007 0.113308 2.99408E-05 0 0 0.113976 0.113331 
173600 0.000612582 0.113268 2.98274E-05 0 0 0.113936 0.113294 
173800 0.000611156 0.113227 2.9714E-05 0 0 0.113895 0.113258 
174000 0.000609731 0.113187 2.96006E-05 0 0 0.113855 0.113221 
174200 0.000608305 0.113146 2.94872E-05 0 0 0.113814 0.113185 
174400 0.00060688 0.113106 2.93738E-05 0 0 0.113774 0.113148 
174600 0.000605454 0.113065 2.92604E-05 0 0 0.113733 0.113112 
174800 0.000604028 0.113025 2.9147E-05 0 0 0.113693 0.113075 
175000 0.000602603 0.112984 2.90337E-05 0 0 0.113652 0.113039 
175200 0.000601177 0.112944 2.89203E-05 0 0 0.113612 0.113002 
175400 0.000599752 0.112903 2.88069E-05 0 0 0.113571 0.112966 
175600 0.000598326 0.112863 2.86935E-05 0 0 0.113531 0.11293 
175800 0.000597036 0.112825 2.8593E-05 0 0 0.113489 0.112891 
176000 0.000595745 0.112786 2.84926E-05 0 0 0.113447 0.112853 
176200 0.000594454 0.112748 2.83922E-05 0 0 0.113405 0.112815 
176400 0.000593164 0.11271 2.82918E-05 0 0 0.113363 0.112777 
176600 0.000591873 0.112672 2.81913E-05 0 0 0.113321 0.112739 
176800 0.000590583 0.112634 2.80909E-05 0 0 0.113279 0.1127 
177000 0.000589292 0.112595 2.79905E-05 0 0 0.113237 0.112662 
177200 0.000588001 0.112557 2.78901E-05 0 0 0.113195 0.112624 
177400 0.000586711 0.112519 2.77897E-05 0 0 0.113153 0.112586 
177600 0.00058542 0.112481 2.76892E-05 0 0 0.113111 0.112548 
177800 0.000584129 0.112443 2.75888E-05 0 0 0.113069 0.11251 
178000 0.000582839 0.112405 2.74884E-05 0 0 0.113027 0.112471 
178200 0.000581548 0.112366 2.7388E-05 0 0 0.112985 0.112433 
178400 0.000580258 0.112328 2.72875E-05 0 0 0.112943 0.112395 
178600 0.000578967 0.11229 2.71871E-05 0 0 0.112901 0.112357 
178800 0.000577676 0.112252 2.70867E-05 0 0 0.112859 0.112319 
179000 0.000576386 0.112214 2.69863E-05 0 0 0.112817 0.11228 
179200 0.00057512 0.112177 2.68889E-05 0 0 0.112777 0.112242 
179400 0.000573879 0.112143 2.67946E-05 0 0 0.112739 0.112204 
179600 0.000572638 0.112109 2.67003E-05 0 0 0.1127 0.112166 
179800 0.000571397 0.112074 2.66059E-05 0 0 0.112662 0.112128 
180000 0.000570156 0.11204 2.65116E-05 0 0 0.112624 0.11209 
180200 0.000568915 0.112006 2.64173E-05 0 0 0.112586 0.112051 
180400 0.000567674 0.111971 2.6323E-05 0 0 0.112548 0.112013 
180600 0.000566433 0.111937 2.62287E-05 0 0 0.11251 0.111975 
180800 0.000565192 0.111902 2.61344E-05 0 0 0.112471 0.111937 
181000 0.000563951 0.111868 2.60401E-05 0 0 0.112433 0.111899 
181200 0.00056271 0.111834 2.59457E-05 0 0 0.112395 0.11186 
181400 0.000561469 0.111799 2.58514E-05 0 0 0.112357 0.111822 
181600 0.000560228 0.111765 2.57571E-05 0 0 0.112319 0.111784 
181800 0.000558987 0.111731 2.56628E-05 0 0 0.11228 0.111746 
182000 0.000557746 0.111696 2.55685E-05 0 0 0.112242 0.111708 
182200 0.000556505 0.111662 2.54742E-05 0 0 0.112204 0.111669 
182400 0.000555264 0.111628 2.53798E-05 0 0 0.112166 0.111631 
182600 0.000554023 0.111593 2.52855E-05 0 0 0.112128 0.111593 
182800 0.000552824 0.111555 2.51973E-05 0 0 0.11209 0.111555 
183000 0.000551625 0.111517 2.51091E-05 0 0 0.112051 0.111517 
183200 0.000550426 0.111479 2.50209E-05 0 0 0.112013 0.111479 
183400 0.000549227 0.11144 2.49327E-05 0 0 0.111975 0.11144 
183600 0.000548028 0.111402 2.48445E-05 0 0 0.111937 0.111402 
183800 0.000546829 0.111364 2.47563E-05 0 0 0.111899 0.111364 
184000 0.00054563 0.111326 2.46681E-05 0 0 0.11186 0.111326 
184200 0.000544431 0.111288 2.45799E-05 0 0 0.111822 0.111288 
184400 0.000543232 0.111249 2.44917E-05 0 0 0.111784 0.111249 
184600 0.000542033 0.111211 2.44035E-05 0 0 0.111746 0.111211 
184800 0.000540834 0.111173 2.43153E-05 0 0 0.111708 0.111173 
185000 0.000539635 0.111135 2.42271E-05 0 0 0.111669 0.111135 
185200 0.000538436 0.111097 2.41389E-05 0 0 0.111631 0.111097 
185400 0.000537237 0.111059 2.40507E-05 0 0 0.111593 0.111059 
185600 0.000536038 0.11102 2.39625E-05 0 0 0.111555 0.11102 
185800 0.000534839 0.110982 2.38742E-05 0 0 0.111517 0.110982 
186000 0.000533641 0.110944 2.3786E-05 0 0 0.111479 0.110944 
186200 0.000532497 0.110907 2.37028E-05 0 0 0.111441 0.110907 
186400 0.00053141 0.110871 2.36244E-05 0 0 0.111405 0.110871 
186600 0.000530323 0.110835 2.3546E-05 0 0 0.111369 0.110835 
186800 0.000529236 0.110798 2.34676E-05 0 0 0.111333 0.110798 
187000 0.000528148 0.110762 2.33892E-05 0 0 0.111297 0.110762 
187200 0.000527061 0.110726 2.33108E-05 0 0 0.111261 0.110726 
187400 0.000525974 0.11069 2.32325E-05 0 0 0.111225 0.11069 
187600 0.000524887 0.110654 2.31541E-05 0 0 0.111189 0.110654 
187800 0.0005238 0.110618 2.30757E-05 0 0 0.111152 0.110618 
188000 0.000522712 0.110582 2.29973E-05 0 0 0.111116 0.110582 
188200 0.000521625 0.110546 2.29189E-05 0 0 0.11108 0.110546 
188400 0.000520538 0.11051 2.28406E-05 0 0 0.111044 0.11051 
188600 0.000519451 0.110473 2.27622E-05 0 0 0.111008 0.110473 
188800 0.000518364 0.110437 2.26838E-05 0 0 0.110972 0.110437 
189000 0.000517276 0.110401 2.26054E-05 0 0 0.110936 0.110401 
189200 0.000516189 0.110365 2.2527E-05 0 0 0.1109 0.110365 
189400 0.000515102 0.110329 2.24487E-05 0 0 0.110864 0.110329 
189600 0.000514015 0.110293 2.23703E-05 0 0 0.110827 0.110293 
189800 0.000512927 0.110257 2.22919E-05 0 0 0.110791 0.110257 
190000 0.00051188 0.110221 2.22186E-05 0 0 0.110755 0.110221 
190200 0.000510833 0.110184 2.21453E-05 0 0 0.110719 0.110184 
190400 0.000509785 0.110148 2.20719E-05 0 0 0.110683 0.110148 
190600 0.000508738 0.110112 2.19986E-05 0 0 0.110647 0.110112 
190800 0.00050769 0.110076 2.19253E-05 0 0 0.110611 0.110076 
191000 0.000506643 0.11004 2.1852E-05 0 0 0.110575 0.11004 
191200 0.000505595 0.110004 2.17786E-05 0 0 0.110538 0.110004 
191400 0.000504548 0.109968 2.17053E-05 0 0 0.110502 0.109968 
191600 0.0005035 0.109932 2.1632E-05 0 0 0.110466 0.109932 
191800 0.000502453 0.109895 2.15587E-05 0 0 0.11043 0.109895 
192000 0.000501405 0.109859 2.14853E-05 0 0 0.110394 0.109859 
192200 0.000500358 0.109823 2.1412E-05 0 0 0.110358 0.109823 
192400 0.00049931 0.109787 2.13387E-05 0 0 0.110322 0.109787 
192600 0.000498263 0.109751 2.12654E-05 0 0 0.110286 0.109751 
192800 0.000497215 0.109715 2.1192E-05 0 0 0.110249 0.109715 
193000 0.000496168 0.109679 2.11187E-05 0 0 0.110213 0.109679 
193200 0.00049512 0.109643 2.10454E-05 0 0 0.110177 0.109643 
193400 0.000494073 0.109607 2.09721E-05 0 0 0.110141 0.109607 
193600 0.000493057 0.109571 2.0902E-05 0 0 0.110104 0.109571 
193800 0.000492072 0.109536 2.08352E-05 0 0 0.110065 0.109536 
194000 0.000491087 0.109501 2.07684E-05 0 0 0.110026 0.109501 
194200 0.000490102 0.109465 2.07015E-05 0 0 0.109988 0.109465 
194400 0.000489118 0.10943 2.06347E-05 0 0 0.109949 0.10943 
194600 0.000488133 0.109395 2.05679E-05 0 0 0.10991 0.109395 
194800 0.000487148 0.10936 2.05011E-05 0 0 0.109872 0.10936 
195000 0.000486163 0.109325 2.04342E-05 0 0 0.109833 0.109325 
195200 0.000485179 0.10929 2.03674E-05 0 0 0.109794 0.10929 
195400 0.000484194 0.109254 2.03006E-05 0 0 0.109756 0.109254 
195600 0.000483209 0.109219 2.02338E-05 0 0 0.109717 0.109219 
195800 0.000482224 0.109184 2.01669E-05 0 0 0.109678 0.109184 
196000 0.00048124 0.109149 2.01001E-05 0 0 0.109639 0.109149 
196200 0.000480255 0.109114 2.00333E-05 0 0 0.109601 0.109114 
196400 0.00047927 0.109079 1.99665E-05 0 0 0.109562 0.109079 
196600 0.000478285 0.109043 1.98997E-05 0 0 0.109523 0.109043 
196800 0.000477301 0.109008 1.98328E-05 0 0 0.109485 0.109008 
197000 0.000476316 0.108973 1.9766E-05 0 0 0.109446 0.108973 
197200 0.000475331 0.108938 1.96992E-05 0 0 0.109407 0.108938 
197400 0.000474366 0.108903 1.96341E-05 0 0 0.109371 0.108903 
197600 0.000473421 0.108868 1.95707E-05 0 0 0.109336 0.108868 
197800 0.000472475 0.108834 1.95074E-05 0 0 0.109301 0.108834 
198000 0.00047153 0.108799 1.9444E-05 0 0 0.109267 0.108799 
198200 0.000470584 0.108764 1.93807E-05 0 0 0.109232 0.108764 
198400 0.000469639 0.10873 1.93173E-05 0 0 0.109197 0.10873 
198600 0.000468694 0.108695 1.9254E-05 0 0 0.109163 0.108695 
198800 0.000467748 0.10866 1.91906E-05 0 0 0.109128 0.10866 
199000 0.000466803 0.108626 1.91272E-05 0 0 0.109093 0.108626 
199200 0.000465857 0.108591 1.90639E-05 0 0 0.109059 0.108591 
199400 0.000464912 0.108556 1.90005E-05 0 0 0.109024 0.108556 
199600 0.000463967 0.108522 1.89372E-05 0 0 0.10899 0.108522 
199800 0.000463021 0.108487 1.88738E-05 0 0 0.108955 0.108487 
200000 0.000462076 0.108452 1.88105E-05 0 0 0.10892 0.108452 
