1000 10.7721 0.00422468 6542.91 0 0 6553.87 6542.91 
1200 10.579 0.0056066 4464.59 0 0 4474.51 4464.59 
1400 10.385 0.00706314 3231.96 0 0 3242.31 3231.96 
1600 10.1822 0.00852849 2420.95 0 0 2431.21 2420.95 
1800 9.96663 0.00997076 1859.99 0 0 1870.08 1859.99 
2000 9.74766 0.0113931 1467.86 0 0 1477.57 1467.86 
2200 9.52899 0.0127923 1175.38 0 0 1185.06 1175.38 
2400 9.31273 0.0141612 960.077 0 0 969.501 960.139 
2600 9.09846 0.0154976 1408.36 0 0 1417.52 1408.36 
2800 8.88498 0.016817 1688.67 0 0 1697.61 1688.67 
3000 8.67556 0.018098 1454.76 0 0 1463.38 1454.76 
3200 8.47662 0.0193425 1392.73 0 0 1401.31 1392.73 
3400 8.29658 0.0205778 1199.42 0 0 1207.61 1199.42 
3600 8.09816 0.0217741 1041.33 0 0 1049.43 1041.34 
3800 7.86756 0.0228911 959.044 0 0 966.938 959.23 
4000 7.70288 0.0240751 1142.3 0 0 1150.03 1142.3 
4200 7.59965 0.0253099 1131.18 0 0 1138.7 1131.18 
4400 7.43366 0.026438 1012.82 0 0 1020.17 1012.82 
4600 7.23851 0.0274936 964.944 0 0 972.295 964.944 
4800 7.03807 0.0285064 869.8 0 0 876.962 869.8 
5000 6.84715 0.0295058 787.466 0 0 794.27 787.466 
5200 6.67617 0.030515 713.539 0 0 720.304 713.539 
5400 6.52135 0.0315316 648.715 0 0 655.179 648.715 
5600 6.37694 0.0325413 591.823 0 0 598.286 591.823 
5800 6.24021 0.0335503 541.829 0 0 548.112 541.976 
6000 6.10738 0.0345469 497.323 0 0 503.408 497.323 
6200 5.97701 0.0355258 457.437 0 0 463.516 457.452 
6400 5.84765 0.0364899 421.537 0 0 427.42 421.557 
6600 5.72162 0.0374433 389.656 0 0 395.498 389.666 
6800 5.5992 0.0383778 360.925 0 0 366.549 360.944 
7000 5.47959 0.0392891 335.176 0 0 340.606 335.188 
7200 5.36296 0.0402033 311.614 0 0 317.001 311.635 
7400 5.2505 0.0410994 290.608 0 0 295.92 290.636 
7600 5.14107 0.0419833 271.327 0 0 276.512 271.365 
7800 5.03622 0.0428441 253.921 0 0 259.007 253.959 
8000 4.93334 0.0437152 237.876 0 0 242.85 237.914 
8200 4.83464 0.0445682 223.13 0 0 228.011 223.168 
8400 4.74016 0.0454193 209.461 0 0 214.22 209.498 
8600 4.64714 0.0462363 196.997 0 0 201.706 197.053 
8800 4.55832 0.0470596 185.539 0 0 190.155 185.596 
9000 4.47184 0.0478678 174.973 0 0 179.505 175.028 
9200 4.38786 0.0486597 165.227 0 0 169.66 165.27 
9400 4.30579 0.049458 156.21 0 0 160.565 156.261 
9600 4.22708 0.0502134 147.824 0 0 152.104 147.879 
9800 4.14909 0.0509646 140.049 0 0 144.257 140.107 
10000 4.07478 0.0517185 132.86 0 0 136.972 132.914 
10200 4.0038 0.0524423 126.198 0 0 130.276 126.253 
10400 3.92967 0.0531836 119.6 0 0 123.586 119.659 
10600 3.86266 0.0538729 113.89 0 0 117.807 113.948 
10800 3.79748 0.0545262 108.463 0 0 112.309 108.518 
11000 3.73093 0.0552138 103.285 0 0 107.08 103.358 
11200 3.66596 0.0559031 98.3572 0 0 102.087 98.4328 
11400 3.60383 0.0565527 93.8472 0 0 97.5108 93.9067 
11600 3.54445 0.0571853 89.7186 0 0 93.3191 89.7734 
11800 3.48516 0.0578319 85.7059 0 0 89.2423 85.7607 
12000 3.42738 0.0584625 81.9524 0 0 85.4333 82.0072 
12200 3.37127 0.0590636 78.4669 0 0 81.8926 78.5217 
12400 3.3152 0.0596575 75.0844 0 0 78.4404 75.1392 
12600 3.26313 0.0602366 72.0622 0 0 75.391 72.117 
12800 3.20942 0.0608373 69.0656 0 0 72.3378 69.1204 
13000 3.15704 0.0614215 66.2477 0 0 69.4734 66.3141 
13200 3.10686 0.0619889 63.624 0 0 66.801 63.6924 
13400 3.05883 0.0625389 61.162 0 0 64.2794 61.2192 
13600 3.01075 0.0630827 110.594 0 0 113.676 110.667 
13800 2.96423 0.0636208 106.36 0 0 109.391 106.436 
14000 2.91875 0.0641556 102.3 0 0 105.278 102.375 
14200 2.87404 0.0646865 98.4004 0 0 101.328 98.4749 
14400 2.82966 0.0652035 94.7827 0 0 97.6707 94.8498 
14600 2.78732 0.0657093 91.3023 0 0 94.1578 91.3675 
14800 2.74583 0.0662082 87.9585 0 0 90.7774 88.0237 
15000 2.70466 0.066701 84.7836 0 0 87.5539 84.8488 
15200 2.66534 0.0671751 81.8447 0 0 84.5836 81.9099 
15400 2.62665 0.0676527 78.988 0 0 81.688 79.0539 
15600 2.58804 0.0681213 76.272 0 0 78.9283 76.3392 
15800 2.55162 0.0685806 96.509 0 0 99.1299 96.5763 
16000 2.51528 0.0690238 93.6176 0 0 96.2061 93.6848 
16200 2.47819 0.069464 90.7861 0 0 93.3324 90.8534 
16400 2.44278 0.0699164 99.5758 0 0 102.09 99.6431 
16600 2.40678 0.0703571 96.43 0 0 98.9125 96.5004 
16800 2.37322 0.0707705 93.5538 0 0 96.0069 93.6345 
17000 2.34026 0.0711922 90.7728 0 0 93.1897 90.8504 
17200 2.30763 0.0716182 88.043 0 0 90.4202 88.1103 
17400 2.27525 0.0720317 85.4377 0 0 87.7854 85.5153 
17600 2.24362 0.0724335 82.929 0 0 85.2483 83.0098 
17800 2.21339 0.0728136 80.5996 0 0 82.8924 80.6708 
18000 2.18345 0.0731996 78.3342 0 0 80.5997 78.4073 
18200 2.15372 0.0735894 76.1113 0 0 78.3491 76.1942 
18400 2.12443 0.073971 73.9852 0 0 76.188 74.0705 
18600 2.09541 0.07435 71.8976 0 0 74.065 71.983 
18800 2.06825 0.0747188 70.0021 0 0 72.1433 70.0784 
19000 2.04121 0.0750875 68.1287 0 0 70.244 68.1981 
19200 2.01452 0.0754563 66.3215 0 0 68.4116 66.3908 
19400 1.98803 0.0758169 64.5495 0 0 66.6144 64.6188 
19600 1.96183 0.0761652 62.8303 0 0 64.8702 62.8997 
19800 1.93665 0.0765118 61.1981 0 0 63.2109 61.2675 
20000 1.9123 0.0768568 59.637 0 0 61.6211 59.7064 
20200 1.88826 0.0772025 58.1107 0 0 60.0784 58.1801 
20400 1.86431 0.077533 56.5981 0 0 58.542 56.6674 
20600 1.8411 0.0778636 55.1555 0 0 57.0759 55.2255 
20800 1.81828 0.0781943 53.7506 0 0 55.6478 53.8217 
21000 1.7961 0.0785144 52.413 0 0 54.288 52.4844 
21200 1.77427 0.0788288 51.1116 0 0 52.9649 51.183 
21400 1.75301 0.0791435 49.8694 0 0 51.7001 49.9402 
21600 1.73212 0.0794585 48.6665 0 0 50.4742 48.7364 
21800 1.7114 0.0797694 47.492 0 0 49.2775 47.5618 
22000 1.69086 0.0800762 46.3457 0 0 48.11 46.4165 
22200 1.6707 0.0803834 45.2325 0 0 46.9791 45.3039 
22400 1.65113 0.0806911 44.169 0 0 45.9028 44.2404 
22600 1.63179 0.080995 43.1253 0 0 44.8443 43.1967 
22800 1.61316 0.081288 42.1409 0 0 43.8387 42.2123 
23000 1.59456 0.0815801 41.1598 0 0 42.8366 41.2312 
23200 1.57657 0.0818573 40.2424 0 0 41.8995 40.3139 
23400 1.55857 0.0821344 39.3251 0 0 40.9624 39.3965 
23600 1.54128 0.0824068 38.4583 0 0 40.0822 38.5364 
23800 1.52415 0.0826779 37.6042 0 0 39.2161 37.6906 
24000 1.50732 0.0829542 36.7804 0 0 38.3769 36.8709 
24200 1.49078 0.0832357 35.9868 0 0 37.5644 36.0773 
24400 1.47437 0.0835139 35.2021 0 0 36.7619 35.2925 
24600 1.4587 0.0837738 34.4674 0 0 36.0159 34.557 
24800 1.44303 0.0840336 33.7328 0 0 35.2698 33.8214 
25000 1.42753 0.0842935 33.0279 0 0 34.5429 33.1117 
25200 1.41209 0.0845533 32.333 0 0 33.8224 32.4106 
25400 1.39699 0.0848066 31.657 0 0 33.1259 31.7329 
25600 1.38252 0.0850478 31.0162 0 0 32.4741 31.0989 
25800 1.36805 0.0852889 30.3753 0 0 31.8223 30.4648 
26000 1.35389 0.0855313 29.7611 0 0 31.1978 29.8516 
26200 1.33977 0.085774 29.1516 0 0 30.5782 29.2421 
26400 1.32597 0.0860156 28.5634 0 0 29.9777 28.6516 
26600 1.31276 0.0862555 28.0148 0 0 29.4129 28.0965 
26800 1.29955 0.0864954 27.4663 0 0 28.848 27.5414 
27000 1.28648 0.0867292 26.9355 0 0 28.3052 27.0096 
27200 1.27346 0.0869611 26.4105 0 0 27.7698 26.4854 
27400 1.26058 0.0871907 25.8919 0 0 27.2398 25.9685 
27600 1.24845 0.0874077 25.4092 0 0 26.7414 25.492 
27800 1.23632 0.0876247 24.9264 0 0 26.243 25.0156 
28000 1.22428 0.0878417 24.4539 0 0 25.7605 24.5462 
28200 1.21235 0.0880586 23.9939 0 0 25.2974 24.0854 
28400 1.20042 0.0882756 23.5339 0 0 24.8343 23.6247 
28600 1.18905 0.0884868 23.1067 0 0 24.3944 23.1972 
28800 1.17787 0.088696 22.6904 0 0 23.9623 22.7809 
29000 1.16669 0.0889052 22.2741 0 0 23.5301 22.3646 
29200 1.15579 0.0891179 21.8818 0 0 23.1256 21.9744 
29400 1.14514 0.0893196 35.9879 0 0 37.2166 36.0805 
29600 1.13448 0.0895216 35.4135 0 0 36.6282 35.5061 
29800 1.12391 0.0897223 34.85 0 0 36.0617 34.9426 
30000 1.11335 0.089923 34.2865 0 0 35.4952 34.3791 
30200 1.10301 0.0901183 33.732 0 0 34.9216 33.8245 
30400 1.09313 0.0903098 33.1982 0 0 34.3792 33.2901 
30600 1.08324 0.0905014 32.6645 0 0 33.8369 32.7558 
30800 1.07348 0.0906923 32.138 0 0 33.3016 32.2291 
31000 1.064 0.0908819 31.6283 0 0 32.783 31.7201 
31200 1.05452 0.0910715 31.1186 0 0 32.2643 31.2111 
31400 1.04518 0.0912573 30.6186 0 0 31.7551 30.7113 
31600 1.03619 0.0914341 30.141 0 0 31.2684 30.2332 
31800 1.02719 0.0916109 29.6635 0 0 30.7816 29.755 
32000 1.01824 0.0917863 29.1889 0 0 30.2979 29.28 
32200 1.00947 0.0919564 28.7261 0 0 29.8264 28.8178 
32400 1.0007 0.0921265 28.2632 0 0 29.3549 28.3556 
32600 0.991981 0.0922962 27.8034 0 0 28.8866 27.8964 
32800 0.98366 0.0924621 27.3719 0 0 28.4472 27.4648 
33000 0.975339 0.0926281 26.9404 0 0 28.0078 27.0331 
33200 0.967018 0.092794 26.5089 0 0 27.5683 26.6015 
33400 0.959011 0.0929519 26.0977 0 0 27.1495 26.1903 
33600 0.951039 0.0931089 25.6888 0 0 26.7329 25.7814 
33800 0.943067 0.0932659 25.2799 0 0 26.3163 25.3725 
34000 0.935281 0.0934255 24.8854 0 0 25.9146 24.9784 
34200 0.927596 0.0935864 24.4987 0 0 25.521 24.5923 
34400 0.919911 0.0937473 24.112 0 0 25.1273 24.2062 
34600 0.912378 0.0939023 23.7353 0 0 24.7432 23.8298 
34800 0.90513 0.0940462 23.3773 0 0 24.3767 23.4711 
35000 0.897882 0.0941902 23.0193 0 0 24.0103 23.1125 
35200 0.890634 0.0943342 22.6613 0 0 23.6438 22.7539 
35400 0.883482 0.0944792 22.3171 0 0 23.2938 22.4103 
35600 0.876334 0.0946243 21.9738 0 0 22.9447 22.0675 
35800 0.869186 0.0947693 21.6304 0 0 22.5956 21.7248 
36000 0.862321 0.094911 21.3039 0 0 22.2627 21.3986 
36200 0.855688 0.09505 20.9912 0 0 21.943 21.0859 
36400 0.849055 0.0951889 20.6786 0 0 21.6233 20.7733 
36600 0.842422 0.0953278 20.3659 0 0 21.3037 20.4606 
36800 0.835861 0.0954609 20.0686 0 0 20.9998 20.1633 
37000 0.829301 0.095594 19.7712 0 0 20.6958 19.8659 
37200 0.82274 0.0957271 19.4739 0 0 20.3919 19.5685 
37400 0.816333 0.0958565 19.1866 0 0 20.0985 19.2815 
37600 0.810114 0.0959812 18.9118 0 0 19.8177 19.0072 
37800 0.803895 0.096106 18.637 0 0 19.537 18.7328 
38000 0.797675 0.0962308 18.3622 0 0 19.2563 18.4584 
38200 0.791733 0.0963529 18.1043 0 0 18.9923 18.2007 
38400 0.78586 0.0964743 17.8507 0 0 18.7325 17.9471 
38600 0.779987 0.0965958 17.5971 0 0 18.4727 17.6935 
38800 0.774118 0.096717 17.3442 0 0 18.2137 17.4406 
39000 0.768323 0.0968339 17.1043 0 0 17.9685 17.2007 
39200 0.762529 0.0969509 16.8644 0 0 17.7234 16.9608 
39400 0.756735 0.0970678 16.6244 0 0 17.4783 16.7208 
39600 0.751038 0.0971827 16.3901 0 0 17.2387 16.4865 
39800 0.74557 0.0972928 16.1689 0 0 17.012 16.2653 
40000 0.740102 0.0974029 15.9478 0 0 16.7853 16.0441 
40200 0.734698 0.0975162 15.7341 0 0 16.5661 15.8305 
40400 0.729371 0.0976248 15.5242 0 0 16.3507 15.6206 
40600 0.724159 0.0977263 15.3199 0 0 16.1409 15.4163 
40800 0.718947 0.0978277 15.1156 0 0 15.9312 15.212 
41000 0.713735 0.0979291 14.9113 0 0 15.7214 15.0077 
41200 0.708585 0.0980319 14.713 0 0 15.518 14.8096 
41400 0.703512 0.0981363 14.5221 0 0 15.3222 14.6192 
41600 0.698439 0.0982407 14.3312 0 0 15.1264 14.4288 
41800 0.693366 0.0983451 14.1403 0 0 14.9306 14.2384 
42000 0.688402 0.0984465 13.956 0 0 14.7417 14.0544 
42200 0.683571 0.0985443 13.7799 0 0 14.5613 13.8782 
42400 0.67874 0.098642 13.6038 0 0 14.3808 13.702 
42600 0.673909 0.0987397 13.4276 0 0 14.2004 13.5258 
42800 0.669137 0.0988352 13.2557 0 0 14.024 13.3538 
43000 0.664476 0.0989268 13.0917 0 0 13.8551 13.1898 
43200 0.659816 0.0990183 12.9276 0 0 13.6863 13.0257 
43400 0.655155 0.0991098 12.7635 0 0 13.5174 12.8616 
43600 0.650549 0.0992009 12.6022 0 0 13.3514 12.7004 
43800 0.646164 0.0992901 12.4516 0 0 13.1967 12.5508 
44000 0.641779 0.0993793 12.3011 0 0 13.0421 12.4011 
44200 0.637393 0.0994686 12.1506 0 0 12.8874 12.2515 
44400 0.633008 0.0995578 12.0001 0 0 12.7328 12.1018 
44600 0.628676 0.0996426 11.8574 0 0 12.5856 11.9584 
44800 0.62435 0.099727 11.7155 0 0 12.4392 11.8157 
45000 0.620023 0.0998114 11.5737 0 0 12.2929 11.673 
45200 0.615697 0.0998958 11.4319 0 0 12.1465 11.5303 
45400 0.611546 0.0999762 11.297 0 0 12.0074 11.395 
45600 0.607513 0.100054 11.1666 0 0 11.8731 11.2647 
45800 0.60348 0.100132 11.0363 0 0 11.7388 11.1344 
46000 0.599447 0.100209 10.906 0 0 11.6044 11.004 
46200 0.595435 0.100286 10.7768 0 0 11.4713 10.875 
46400 0.591546 0.100358 10.6542 0 0 11.3451 10.7532 
46600 0.587656 0.100431 10.5315 0 0 11.2189 10.6314 
46800 0.583766 0.100503 10.4089 0 0 11.0927 10.5096 
47000 0.579877 0.100575 10.2863 0 0 10.9665 10.3878 
47200 0.576081 0.100649 10.1695 0 0 10.8463 10.2712 
47400 0.572335 0.100724 10.056 0 0 10.7294 10.1572 
47600 0.56859 0.1008 9.94244 0 0 10.6124 10.0433 
47800 0.564844 0.100875 9.82889 0 0 10.4954 9.9294 
48000 0.561109 0.10095 9.71573 0 0 10.3789 9.81591 
48200 0.557574 0.101015 9.61023 0 0 10.2695 9.71077 
48400 0.554039 0.101081 9.50472 0 0 10.1601 9.60562 
48600 0.550504 0.101146 9.39921 0 0 10.0508 9.50047 
48800 0.546968 0.101212 9.2937 0 0 9.94139 9.39533 
49000 0.543479 0.101275 9.19071 0 0 9.83488 9.29258 
49200 0.540075 0.101335 9.0924 0 0 9.73365 9.19427 
49400 0.53667 0.101395 8.99409 0 0 9.63243 9.09596 
49600 0.533266 0.101455 8.89579 0 0 9.53121 8.99765 
49800 0.529861 0.101515 8.79748 0 0 9.42998 8.89934 
50000 0.526511 0.101579 8.70108 0 0 9.3285 8.80294 
50200 0.523242 0.101638 8.60914 0 0 9.23321 8.711 
50400 0.519973 0.101697 8.51719 0 0 9.13793 8.61905 
50600 0.516703 0.101756 8.42525 0 0 9.04265 8.52711 
50800 0.513434 0.101815 8.33331 0 0 8.94737 8.43517 
51000 0.51029 0.10187 8.24567 0 0 8.85701 8.34753 
51200 0.507199 0.101924 8.15987 0 0 8.76875 8.26173 
51400 0.504108 0.101979 8.07408 0 0 8.6805 8.17594 
51600 0.501018 0.102033 7.98828 0 0 8.59224 8.09014 
51800 0.497927 0.102087 7.90248 0 0 8.50399 8.00434 
52000 0.494917 0.10214 7.82066 0 0 8.4192 7.92252 
52200 0.491941 0.102194 7.74054 0 0 8.3359 7.8424 
52400 0.488964 0.102247 7.66042 0 0 8.2526 7.76228 
52600 0.485988 0.102301 7.58029 0 0 8.1693 7.68216 
52800 0.483012 0.102354 7.50017 0 0 8.086 7.60204 
53000 0.48015 0.102405 7.42408 0 0 8.00678 7.52594 
53200 0.477349 0.102453 7.35016 0 0 7.92977 7.45202 
53400 0.474548 0.102502 7.27624 0 0 7.85277 7.3781 
53600 0.471747 0.102551 7.20232 0 0 7.77576 7.30418 
53800 0.468946 0.1026 7.1284 0 0 7.69875 7.23026 
54000 0.466193 0.102647 7.05624 0 0 7.62397 7.1581 
54200 0.4635 0.102692 6.98622 0 0 7.55195 7.08808 
54400 0.460806 0.102737 6.91621 0 0 7.47992 7.01807 
54600 0.458113 0.102782 6.8462 0 0 7.40789 6.94806 
54800 0.455419 0.102827 6.77619 0 0 7.33586 6.87805 
55000 0.452746 0.102871 6.7072 0 0 7.26473 6.80913 
55200 0.450154 0.102915 6.64235 0 0 7.19719 6.74459 
55400 0.447562 0.102958 6.5775 0 0 7.12965 6.68006 
55600 0.44497 0.103002 6.51264 0 0 7.06211 6.61552 
55800 0.442378 0.103045 6.44779 0 0 6.99457 6.55098 
56000 0.439785 0.103088 6.38293 0 0 6.92704 6.48645 
56200 0.437319 0.103126 6.32245 0 0 6.86392 6.42574 
56400 0.434875 0.103162 6.26273 0 0 6.8016 6.36572 
56600 0.43243 0.103198 6.20301 0 0 6.73927 6.30569 
56800 0.429986 0.103234 6.14329 0 0 6.67694 6.24566 
57000 0.427541 0.10327 6.08357 0 0 6.61461 6.18564 
57200 0.425139 0.103307 6.02504 0 0 6.55361 6.12701 
57400 0.422814 0.103345 5.96872 0 0 6.4951 6.07099 
57600 0.420488 0.103384 5.9124 0 0 6.43658 6.01497 
57800 0.418163 0.103422 5.85607 0 0 6.37806 5.95895 
58000 0.415838 0.103461 5.79975 0 0 6.31955 5.90293 
58200 0.413513 0.103499 5.74343 0 0 6.26103 5.84691 
58400 0.411254 0.103535 5.69055 0 0 6.20544 5.79389 
58600 0.409018 0.10357 5.63883 0 0 6.15084 5.74187 
58800 0.406782 0.103605 5.58711 0 0 6.09623 5.68985 
59000 0.404546 0.103639 5.53539 0 0 6.04163 5.63783 
59200 0.402309 0.103674 5.48367 0 0 5.98702 5.58581 
59400 0.400076 0.103709 5.43203 0 0 5.93258 5.53392 
59600 0.397907 0.103738 5.38184 0 0 5.88128 5.48428 
59800 0.395738 0.103767 5.33165 0 0 5.82997 5.43465 
60000 0.393569 0.103796 5.28146 0 0 5.77867 5.38502 
60200 0.391493 0.103828 5.23391 0 0 5.72926 5.33761 
60400 0.389418 0.103861 5.18635 0 0 5.67985 5.29019 
60600 0.387357 0.103892 5.13931 0 0 5.63096 5.24324 
60800 0.38534 0.103919 5.09383 0 0 5.58362 5.19769 
61000 0.383323 0.103946 5.04835 0 0 5.53627 5.15214 
61200 0.381306 0.103973 5.00286 0 0 5.48893 5.1066 
61400 0.379289 0.104001 4.95738 0 0 5.44159 5.06105 
61600 0.377272 0.104028 4.9119 0 0 5.39425 5.0155 
61800 0.375288 0.104055 4.86764 0 0 5.34808 4.97132 
62000 0.373362 0.104081 4.82566 0 0 5.30406 4.92968 
62200 0.371437 0.104108 4.78368 0 0 5.26005 4.88804 
62400 0.369512 0.104135 4.74169 0 0 5.21604 4.8464 
62600 0.367587 0.104161 4.69971 0 0 5.17202 4.80477 
62800 0.365662 0.104188 4.65773 0 0 5.12801 4.76313 
63000 0.363759 0.104213 4.61661 0 0 5.08485 4.72214 
63200 0.361906 0.104237 4.57749 0 0 5.04367 4.68269 
63400 0.360053 0.10426 4.53837 0 0 5.0025 4.64323 
63600 0.358201 0.104283 4.49925 0 0 4.96132 4.60378 
63800 0.356348 0.104307 4.46014 0 0 4.92015 4.56432 
64000 0.354495 0.10433 4.42102 0 0 4.87897 4.52487 
64200 0.352662 0.104353 4.38227 0 0 4.8382 4.48584 
64400 0.350937 0.104372 4.3456 0 0 4.79977 4.44927 
64600 0.349213 0.104392 4.30892 0 0 4.76134 4.4127 
64800 0.347488 0.104412 4.27225 0 0 4.72291 4.37613 
65000 0.345763 0.104431 4.23558 0 0 4.68448 4.33956 
65200 0.344038 0.104451 4.19891 0 0 4.64605 4.30299 
65400 0.342314 0.104471 4.16224 0 0 4.60762 4.26641 
65600 0.340634 0.104488 4.12794 0 0 4.57183 4.23212 
65800 0.33896 0.104504 4.09389 0 0 4.53634 4.19808 
66000 0.337285 0.104521 4.05985 0 0 4.50084 4.16404 
66200 0.33561 0.104537 4.02581 0 0 4.46535 4.13 
66400 0.333936 0.104554 3.99177 0 0 4.42986 4.09596 
66600 0.332261 0.10457 3.95773 0 0 4.39436 4.06192 
66800 0.330638 0.104587 3.92502 0 0 4.36019 4.02922 
67000 0.329067 0.104603 3.89362 0 0 4.32735 3.99785 
67200 0.327495 0.104619 3.86222 0 0 4.2945 3.96649 
67400 0.325924 0.104635 3.83082 0 0 4.26165 3.93512 
67600 0.324352 0.104651 3.79943 0 0 4.2288 3.90376 
67800 0.32278 0.104667 3.76803 0 0 4.19595 3.87239 
68000 0.321209 0.104684 3.73663 0 0 4.16311 3.84103 
68200 0.319693 0.104696 3.70716 0 0 4.13198 3.81155 
68400 0.31818 0.104709 3.67778 0 0 4.10095 3.78217 
68600 0.316667 0.104722 3.64841 0 0 4.06992 3.7528 
68800 0.315154 0.104735 3.61903 0 0 4.0389 3.72342 
69000 0.313641 0.104748 3.58965 0 0 4.00786 3.69405 
69200 0.312128 0.10476 3.56028 0 0 3.97684 3.66467 
69400 0.310641 0.104772 3.53148 0 0 3.94647 3.63587 
69600 0.309217 0.104782 3.50404 0 0 3.91764 3.60843 
69800 0.307792 0.104793 3.47659 0 0 3.88882 3.58098 
70000 0.306367 0.104803 3.44914 0 0 3.86 3.55354 
70200 0.304942 0.104813 3.4217 0 0 3.83117 3.52609 
70400 0.303518 0.104823 3.39425 0 0 3.80235 3.49865 
70600 0.302093 0.104833 3.36681 0 0 3.77353 3.4712 
70800 0.300704 0.104843 3.34049 0 0 3.74584 3.44485 
71000 0.299343 0.104853 3.3151 0 0 3.71907 3.41941 
71200 0.297983 0.104863 3.28971 0 0 3.69231 3.39396 
71400 0.296623 0.104872 3.26431 0 0 3.66555 3.36851 
71600 0.295263 0.104882 3.23892 0 0 3.63878 3.34307 
71800 0.293903 0.104892 3.21353 0 0 3.61202 3.31762 
72000 0.292543 0.104902 3.18814 0 0 3.58525 3.29217 
72200 0.291207 0.104912 3.16389 0 0 3.55973 3.268 
72400 0.289885 0.104921 3.14025 0 0 3.53488 3.24452 
72600 0.288563 0.104931 3.11662 0 0 3.51003 3.22103 
72800 0.28724 0.104941 3.09298 0 0 3.48518 3.19755 
73000 0.285918 0.10495 3.06935 0 0 3.46032 3.17406 
73200 0.284596 0.10496 3.04572 0 0 3.43547 3.15058 
73400 0.283273 0.10497 3.02208 0 0 3.41062 3.12709 
73600 0.282017 0.104978 2.99949 0 0 3.38673 3.10456 
73800 0.280805 0.104985 2.97759 0 0 3.36347 3.08266 
74000 0.279592 0.104992 2.95569 0 0 3.34022 3.06077 
74200 0.27838 0.104999 2.93379 0 0 3.31696 3.03887 
74400 0.277167 0.105006 2.9119 0 0 3.29371 3.01697 
74600 0.275955 0.105013 2.89 0 0 3.27045 2.99507 
74800 0.274743 0.10502 2.8681 0 0 3.2472 2.97317 
75000 0.27354 0.105025 2.84675 0 0 3.22461 2.95183 
75200 0.272353 0.105027 2.82623 0 0 3.20304 2.93134 
75400 0.271166 0.105029 2.80571 0 0 3.18146 2.91084 
75600 0.269979 0.105031 2.78519 0 0 3.15989 2.89034 
75800 0.268792 0.105032 2.76467 0 0 3.13831 2.86984 
76000 0.267604 0.105034 2.74414 0 0 3.11674 2.84934 
76200 0.266417 0.105036 2.72362 0 0 3.09516 2.82885 
76400 0.265236 0.105038 2.70327 0 0 3.07374 2.8085 
76600 0.264115 0.105042 2.68439 0 0 3.05369 2.78957 
76800 0.262993 0.105046 2.6655 0 0 3.03365 2.77064 
77000 0.261871 0.10505 2.64662 0 0 3.0136 2.75171 
77200 0.260749 0.105054 2.62774 0 0 2.99355 2.73278 
77400 0.259628 0.105058 2.60886 0 0 2.97351 2.71385 
77600 0.258506 0.105062 2.58998 0 0 2.95346 2.69492 
77800 0.257384 0.105066 2.5711 0 0 2.93341 2.67599 
78000 0.256303 0.105068 2.55292 0 0 2.91414 2.65781 
78200 0.255249 0.105067 2.53519 0 0 2.89539 2.64014 
78400 0.254195 0.105067 2.51747 0 0 2.87663 2.62246 
78600 0.253141 0.105066 2.49974 0 0 2.85788 2.60479 
78800 0.252086 0.105066 2.48202 0 0 2.83912 2.58711 
79000 0.251032 0.105065 2.46429 0 0 2.82037 2.56944 
79200 0.249978 0.105065 2.44657 0 0 2.80162 2.55176 
79400 0.248924 0.105064 2.42884 0 0 2.78286 2.53409 
79600 0.247867 0.105063 2.41212 0 0 2.76505 2.51729 
79800 0.24681 0.105062 2.39539 0 0 2.74725 2.5005 
80000 0.245753 0.10506 2.37867 0 0 2.72944 2.48371 
80200 0.244747 0.10506 2.36241 0 0 2.71217 2.46745 
80400 0.243742 0.105059 2.34616 0 0 2.6949 2.45119 
80600 0.242736 0.105058 2.3299 0 0 2.67763 2.43494 
80800 0.24173 0.105057 2.31364 0 0 2.66035 2.41868 
81000 0.240733 0.105056 2.29764 0 0 2.64335 2.40268 
81200 0.239763 0.105053 2.28239 0 0 2.62713 2.38742 
81400 0.238792 0.10505 2.26714 0 0 2.61092 2.37217 
81600 0.237821 0.105047 2.25188 0 0 2.5947 2.35692 
81800 0.236851 0.105043 2.23663 0 0 2.57849 2.34167 
82000 0.23588 0.10504 2.22138 0 0 2.56228 2.32642 
82200 0.23491 0.105037 2.20613 0 0 2.54606 2.31117 
82400 0.233939 0.105034 2.19088 0 0 2.52985 2.29591 
82600 0.232986 0.10503 2.17593 0 0 2.51395 2.28096 
82800 0.232075 0.105025 2.16168 0 0 2.49879 2.26672 
83000 0.231164 0.10502 2.14743 0 0 2.48364 2.25247 
83200 0.230253 0.105015 2.13318 0 0 2.46848 2.23822 
83400 0.229342 0.10501 2.11894 0 0 2.45333 2.22397 
83600 0.228431 0.105005 2.10469 0 0 2.43817 2.20973 
83800 0.22752 0.104999 2.09044 0 0 2.42301 2.19548 
84000 0.226609 0.104994 2.07619 0 0 2.40786 2.18123 
84200 0.225707 0.104989 2.06221 0 0 2.39297 2.16724 
84400 0.224832 0.104984 2.04904 0 0 2.37888 2.15404 
84600 0.223957 0.104979 2.03586 0 0 2.36479 2.14084 
84800 0.223082 0.104974 2.02268 0 0 2.3507 2.12763 
85000 0.222207 0.104969 2.0095 0 0 2.33661 2.11443 
85200 0.221333 0.104964 1.99632 0 0 2.32252 2.10123 
85400 0.220458 0.104959 1.98314 0 0 2.30843 2.08802 
85600 0.219583 0.104954 1.96997 0 0 2.29434 2.07482 
85800 0.218708 0.104949 1.95679 0 0 2.28025 2.06162 
86000 0.217874 0.104941 1.94444 0 0 2.26709 2.04927 
86200 0.217039 0.104934 1.93209 0 0 2.25393 2.03691 
86400 0.216205 0.104926 1.91974 0 0 2.24077 2.02456 
86600 0.21537 0.104919 1.90739 0 0 2.22761 2.01221 
86800 0.214536 0.104912 1.89504 0 0 2.21444 1.99986 
87000 0.213701 0.104904 1.88268 0 0 2.20128 1.98751 
87200 0.212867 0.104897 1.87033 0 0 2.18812 1.97516 
87400 0.212032 0.104889 1.85798 0 0 2.17496 1.96281 
87600 0.211225 0.104882 1.84622 0 0 2.1624 1.95105 
87800 0.210433 0.104874 1.83477 0 0 2.15016 1.93959 
88000 0.209641 0.104867 1.82331 0 0 2.13791 1.92814 
88200 0.208849 0.10486 1.81186 0 0 2.12567 1.91669 
88400 0.208057 0.104853 1.80041 0 0 2.11343 1.90524 
88600 0.207265 0.104845 1.78896 0 0 2.10118 1.89379 
88800 0.206472 0.104838 1.77751 0 0 2.08894 1.88234 
89000 0.20568 0.104831 1.76606 0 0 2.0767 1.87088 
89200 0.204892 0.104823 1.75469 0 0 2.06454 1.85952 
89400 0.204143 0.104814 1.74409 0 0 2.05315 1.84892 
89600 0.203393 0.104804 1.73349 0 0 2.04175 1.83832 
89800 0.202644 0.104794 1.72289 0 0 2.03036 1.82771 
90000 0.201894 0.104785 1.71229 0 0 2.01896 1.81711 
90200 0.201144 0.104775 1.70168 0 0 2.00757 1.80651 
90400 0.200395 0.104765 1.69108 0 0 1.99617 1.79591 
90600 0.199651 0.104757 4.93381 0 0 5.23853 5.03949 
90800 0.198909 0.104749 4.90483 0 0 5.20848 5.01051 
91000 0.198176 0.104741 4.87644 0 0 5.17914 4.98205 
91200 0.197461 0.10473 4.84912 0 0 5.15108 4.95454 
91400 0.196746 0.104719 4.82181 0 0 5.12303 4.92704 
91600 0.196032 0.104709 4.79449 0 0 5.09498 4.89953 
91800 0.195317 0.104698 4.76718 0 0 5.06693 4.87202 
92000 0.194602 0.104687 4.73986 0 0 5.03888 4.84452 
92200 0.193887 0.104676 4.71255 0 0 5.01082 4.81701 
92400 0.193172 0.104665 4.68523 0 0 4.98277 4.78951 
92600 0.192457 0.104654 4.65792 0 0 4.95472 4.762 
92800 0.191758 0.104644 4.63134 0 0 4.92749 4.73539 
93000 0.191079 0.104636 4.60567 0 0 4.90126 4.70989 
93200 0.190399 0.104627 4.58 0 0 4.87503 4.68438 
93400 0.18972 0.104618 4.55433 0 0 4.8488 4.65888 
93600 0.189041 0.104609 4.52866 0 0 4.82257 4.63337 
93800 0.188361 0.104601 4.50299 0 0 4.79634 4.60787 
94000 0.187682 0.104592 4.47732 0 0 4.77011 4.58236 
94200 0.187003 0.104583 4.45165 0 0 4.74388 4.55686 
94400 0.186324 0.104574 4.42598 0 0 4.71765 4.53135 
94600 0.185659 0.104564 4.40106 0 0 4.6921 4.50653 
94800 0.185016 0.104551 4.37728 0 0 4.66759 4.48275 
95000 0.184372 0.104539 4.35349 0 0 4.64307 4.45896 
95200 0.183729 0.104526 4.3297 0 0 4.61855 4.43517 
95400 0.183086 0.104513 4.30591 0 0 4.59403 4.41139 
95600 0.182443 0.104501 4.28213 0 0 4.56951 4.3876 
95800 0.1818 0.104488 4.25834 0 0 4.54499 4.36381 
96000 0.181157 0.104475 4.23455 0 0 4.52047 4.34002 
96200 0.180514 0.104463 4.21077 0 0 4.49596 4.31624 
96400 0.179874 0.10445 4.1872 0 0 4.4717 4.29267 
96600 0.179256 0.104438 4.16492 0 0 4.4489 4.27037 
96800 0.178638 0.104425 4.14264 0 0 4.4261 4.24806 
97000 0.17802 0.104413 4.12036 0 0 4.4033 4.22576 
97200 0.177402 0.1044 4.09808 0 0 4.3805 4.20346 
97400 0.176784 0.104388 4.0758 0 0 4.3577 4.18115 
97600 0.176166 0.104375 4.05351 0 0 4.33491 4.15885 
97800 0.175548 0.104363 4.03123 0 0 4.31211 4.13655 
98000 0.17493 0.10435 4.00895 0 0 4.28931 4.11424 
98200 0.174312 0.104338 3.98667 0 0 4.26651 4.09194 
98400 0.173718 0.104323 3.9656 0 0 4.24475 4.07071 
98600 0.173132 0.104308 3.94493 0 0 4.22333 4.04985 
98800 0.172546 0.104293 3.92426 0 0 4.20191 4.02899 
99000 0.17196 0.104277 3.90359 0 0 4.18049 4.00812 
99200 0.171373 0.104262 3.88292 0 0 4.15907 3.98726 
99400 0.170787 0.104247 3.86225 0 0 4.13765 3.9664 
99600 0.170201 0.104231 3.84158 0 0 4.11623 3.94553 
99800 0.169615 0.104216 3.82091 0 0 4.09482 3.92467 
100000 0.169029 0.104201 3.80024 0 0 4.0734 3.90381 
100200 0.16853 0.104201 3.78373 0 0 4.05497 3.88729 
100400 0.167956 0.104184 3.76386 0 0 4.0346 3.8674 
100600 0.167382 0.104168 3.744 0 0 4.01422 3.84752 
100800 0.166809 0.104152 3.72414 0 0 3.99385 3.82763 
101000 0.166235 0.104135 3.70428 0 0 3.97348 3.80775 
101200 0.165661 0.104119 3.68441 0 0 3.9531 3.78787 
101400 0.165088 0.104103 3.66455 0 0 3.93273 3.76798 
101600 0.164514 0.104086 3.64469 0 0 3.91235 3.7481 
101800 0.16394 0.10407 3.62482 0 0 3.89198 3.72821 
102000 0.163366 0.104054 3.60496 0 0 3.87161 3.70833 
102200 0.162814 0.104038 3.58602 0 0 3.85216 3.68936 
102400 0.162284 0.104023 3.568 0 0 3.83365 3.67132 
102600 0.161753 0.104008 3.54997 0 0 3.81515 3.65327 
102800 0.161222 0.103993 3.53195 0 0 3.79664 3.63523 
103000 0.160692 0.103978 3.51393 0 0 3.77813 3.61719 
103200 0.160161 0.103962 3.4959 0 0 3.75962 3.59914 
103400 0.15963 0.103947 3.47788 0 0 3.74111 3.5811 
103600 0.1591 0.103932 3.45985 0 0 3.7226 3.56305 
103800 0.158569 0.103917 3.44183 0 0 3.70409 3.54501 
104000 0.158038 0.103902 3.42381 0 0 3.68558 3.52697 
104200 0.157528 0.103886 3.40669 0 0 3.66801 3.50985 
104400 0.157038 0.10387 3.39047 0 0 3.65137 3.49365 
104600 0.156549 0.103853 3.37426 0 0 3.63473 3.47745 
104800 0.156059 0.103837 3.35804 0 0 3.61809 3.46126 
105000 0.155569 0.103821 3.34182 0 0 3.60145 3.44506 
105200 0.155079 0.103804 3.32561 0 0 3.58481 3.42886 
105400 0.15459 0.103788 3.30939 0 0 3.56817 3.41267 
105600 0.1541 0.103772 3.29317 0 0 3.55153 3.39647 
105800 0.15361 0.103755 3.27696 0 0 3.5349 3.38027 
106000 0.15312 0.103739 3.26074 0 0 3.51825 3.36408 
106200 0.152631 0.103722 3.24453 0 0 3.50162 3.34788 
106400 0.152131 0.103705 3.22837 0 0 3.4848 3.3317 
106600 0.15163 0.103688 3.21221 0 0 3.46799 3.31552 
106800 0.15113 0.103671 3.19605 0 0 3.45117 3.29934 
107000 0.15063 0.103654 3.17989 0 0 3.43435 3.28316 
107200 0.15013 0.103636 3.16373 0 0 3.41754 3.26698 
107400 0.149629 0.103619 3.14757 0 0 3.40072 3.2508 
107600 0.149129 0.103602 3.13141 0 0 3.38391 3.23462 
107800 0.148629 0.103585 3.11525 0 0 3.36709 3.21843 
108000 0.148129 0.103568 3.09909 0 0 3.35028 3.20225 
108200 0.147628 0.10355 3.08293 0 0 3.33346 3.18607 
108400 0.147188 0.103531 3.06897 0 0 3.31908 3.1721 
108600 0.146748 0.103512 3.05501 0 0 3.3047 3.15812 
108800 0.146308 0.103493 3.04105 0 0 3.29032 3.14414 
109000 0.145868 0.103474 3.02709 0 0 3.27593 3.13016 
109200 0.145428 0.103455 3.01313 0 0 3.26155 3.11618 
109400 0.144987 0.103436 2.99917 0 0 3.24717 3.10221 
109600 0.144547 0.103417 2.98522 0 0 3.23279 3.08823 
109800 0.144107 0.103398 2.97126 0 0 3.21841 3.07425 
110000 0.143667 0.103379 2.9573 0 0 3.20403 3.06027 
110200 0.143227 0.10336 2.94334 0 0 3.18965 3.0463 
110400 0.142787 0.103341 2.92938 0 0 3.17526 3.03232 
110600 0.142338 0.103323 2.91538 0 0 3.16082 3.01832 
110800 0.141889 0.103305 2.90138 0 0 3.14638 3.00432 
111000 0.14144 0.103287 2.88738 0 0 3.13194 2.99032 
111200 0.14099 0.103269 2.87338 0 0 3.1175 2.97632 
111400 0.140541 0.103251 2.85939 0 0 3.10306 2.96232 
111600 0.140092 0.103233 2.84539 0 0 3.08861 2.94832 
111800 0.139643 0.103215 2.83139 0 0 3.07417 2.93433 
112000 0.139194 0.103197 2.81739 0 0 3.05973 2.92033 
112200 0.138745 0.103179 2.80339 0 0 3.04529 2.90633 
112400 0.138296 0.103161 2.78939 0 0 3.03085 2.89233 
112600 0.137865 0.103142 2.77608 0 0 3.0171 2.87901 
112800 0.137451 0.103123 2.76344 0 0 3.00405 2.86638 
113000 0.137037 0.103104 2.75081 0 0 2.99099 2.85375 
113200 0.136622 0.103085 2.73818 0 0 2.97794 2.84112 
113400 0.136208 0.103066 2.72555 0 0 2.96488 2.82849 
113600 0.135794 0.103047 2.71292 0 0 2.95183 2.81586 
113800 0.13538 0.103028 2.70029 0 0 2.93878 2.80323 
114000 0.134966 0.103009 2.68766 0 0 2.92572 2.7906 
114200 0.134552 0.10299 2.67503 0 0 2.91267 2.77797 
114400 0.134138 0.102971 2.6624 0 0 2.89962 2.76534 
114600 0.133724 0.102951 2.64977 0 0 2.88656 2.75271 
114800 0.133325 0.102933 2.6377 0 0 2.87408 2.74062 
115000 0.132939 0.102915 2.62618 0 0 2.86216 2.72907 
115200 0.132554 0.102897 2.61467 0 0 2.85025 2.71752 
115400 0.132168 0.102879 2.60316 0 0 2.83833 2.70597 
115600 0.131783 0.102861 2.59165 0 0 2.82642 2.69443 
115800 0.131398 0.102843 2.58014 0 0 2.8145 2.68288 
116000 0.131012 0.102825 2.56863 0 0 2.80259 2.67133 
116200 0.130627 0.102808 2.55712 0 0 2.79067 2.65978 
116400 0.130242 0.10279 2.5456 0 0 2.77875 2.64824 
116600 0.129856 0.102772 2.53409 0 0 2.76684 2.63669 
116800 0.129471 0.102754 2.52258 0 0 2.75492 2.62514 
117000 0.129086 0.102736 2.51107 0 0 2.74301 2.61359 
117200 0.128696 0.102715 2.49975 0 0 2.73111 2.60227 
117400 0.128306 0.102695 2.48843 0 0 2.71921 2.59095 
117600 0.127916 0.102674 2.47711 0 0 2.70731 2.57963 
117800 0.127526 0.102653 2.46578 0 0 2.69541 2.56831 
118000 0.127136 0.102633 2.45446 0 0 2.68351 2.55698 
118200 0.126747 0.102612 2.44314 0 0 2.67161 2.54566 
118400 0.126357 0.102592 2.43182 0 0 2.65971 2.53434 
118600 0.125967 0.102571 2.4205 0 0 2.64782 2.52302 
118800 0.125577 0.10255 2.40918 0 0 2.63592 2.5117 
119000 0.125187 0.10253 2.39785 0 0 2.62402 2.50038 
119200 0.124798 0.102509 2.38653 0 0 2.61212 2.48905 
119400 0.124451 0.102487 2.37652 0 0 2.60188 2.47903 
119600 0.124104 0.102465 2.36651 0 0 2.59165 2.469 
119800 0.123757 0.102443 2.35651 0 0 2.58141 2.45898 
120000 0.12341 0.102421 2.3465 0 0 2.57117 2.44895 
120200 0.123064 0.102399 2.33649 0 0 2.56094 2.43893 
120400 0.122717 0.102377 2.32648 0 0 2.5507 2.4289 
120600 0.12237 0.102355 2.31647 0 0 2.54046 2.41888 
120800 0.122023 0.102333 2.30647 0 0 2.53023 2.40885 
121000 0.121677 0.102311 2.29646 0 0 2.51999 2.39882 
121200 0.12133 0.102289 2.28645 0 0 2.50975 2.3888 
121400 0.120983 0.102267 2.27644 0 0 2.49952 2.37877 
121600 0.120636 0.102245 2.26643 0 0 2.48928 2.36875 
121800 0.120301 0.102224 2.25696 0 0 2.47941 2.35925 
122000 0.119967 0.102204 2.24748 0 0 2.46955 2.34976 
122200 0.119632 0.102184 2.238 0 0 2.45968 2.34026 
122400 0.119297 0.102163 2.22852 0 0 2.44982 2.33076 
122600 0.118962 0.102143 2.21904 0 0 2.43995 2.32127 
122800 0.118627 0.102123 2.20956 0 0 2.43008 2.31177 
123000 0.118293 0.102102 2.20008 0 0 2.42022 2.30227 
123200 0.117958 0.102082 2.1906 0 0 2.41035 2.29278 
123400 0.117623 0.102062 2.18112 0 0 2.40048 2.28328 
123600 0.117288 0.102041 2.17164 0 0 2.39062 2.27379 
123800 0.116953 0.102021 2.16216 0 0 2.38075 2.26429 
124000 0.116618 0.102001 2.15269 0 0 2.37088 2.25479 
124200 0.116294 0.10198 2.1437 0 0 2.36167 2.24581 
124400 0.115969 0.10196 2.13472 0 0 2.35246 2.23682 
124600 0.115645 0.10194 2.12573 0 0 2.34325 2.22784 
124800 0.11532 0.10192 2.11675 0 0 2.33403 2.21885 
125000 0.114996 0.101899 2.10776 0 0 2.32482 2.20987 
125200 0.114671 0.101879 2.09878 0 0 2.31561 2.20089 
125400 0.114346 0.101859 2.08979 0 0 2.30639 2.1919 
125600 0.114022 0.101838 2.08081 0 0 2.29718 2.18292 
125800 0.113697 0.101818 2.07183 0 0 2.28797 2.17393 
126000 0.113373 0.101798 2.06284 0 0 2.27876 2.16495 
126200 0.113048 0.101777 2.05386 0 0 2.26954 2.15596 
126400 0.112724 0.101757 2.04487 0 0 2.26033 2.14698 
126600 0.112408 0.101734 2.03637 0 0 2.25135 2.13835 
126800 0.112092 0.10171 2.02787 0 0 2.24236 2.12972 
127000 0.111776 0.101687 2.01937 0 0 2.23338 2.12108 
127200 0.111461 0.101663 2.01087 0 0 2.22439 2.11245 
127400 0.111145 0.10164 2.00237 0 0 2.21541 2.10382 
127600 0.110829 0.101616 1.99387 0 0 2.20642 2.09519 
127800 0.110513 0.101593 1.98537 0 0 2.19744 2.08656 
128000 0.110198 0.101569 1.97686 0 0 2.18845 2.07793 
128200 0.109882 0.101546 1.96836 0 0 2.17947 2.06929 
128400 0.109566 0.101522 1.95986 0 0 2.17048 2.06066 
128600 0.10925 0.101499 1.95136 0 0 2.1615 2.05203 
128800 0.108934 0.101475 1.94286 0 0 2.15252 2.0434 
129000 0.108653 0.101454 1.93536 0 0 2.14483 2.03596 
129200 0.108371 0.101432 1.92787 0 0 2.13714 2.02851 
129400 0.108089 0.10141 1.92037 0 0 2.12945 2.02107 
129600 0.107808 0.101389 1.91288 0 0 2.12176 2.01363 
129800 0.107526 0.101367 1.90538 0 0 2.11407 2.00618 
130000 0.107244 0.101345 1.89789 0 0 2.10638 1.99874 
130200 0.106962 0.101324 1.89039 0 0 2.09869 1.9913 
130400 0.106681 0.101302 1.8829 0 0 2.091 1.98385 
130600 0.106399 0.10128 1.8754 0 0 2.08331 1.97641 
130800 0.106117 0.101259 1.86791 0 0 2.07562 1.96897 
131000 0.105836 0.101237 1.86041 0 0 2.06793 1.96153 
131200 0.105554 0.101215 1.85292 0 0 2.06024 1.95408 
131400 0.105272 0.101194 1.84542 0 0 2.05254 1.94664 
131600 0.104988 0.101171 1.83802 0 0 2.04477 1.93921 
131800 0.104703 0.101149 1.83062 0 0 2.037 1.93178 
132000 0.104418 0.101126 1.82322 0 0 2.02923 1.92434 
132200 0.104134 0.101104 1.81581 0 0 2.02146 1.91691 
132400 0.103849 0.101081 1.80841 0 0 2.01369 1.90948 
132600 0.103565 0.101059 1.80101 0 0 2.00592 1.90205 
132800 0.10328 0.101036 1.79361 0 0 1.99815 1.89461 
133000 0.102996 0.101014 1.78621 0 0 1.99038 1.88718 
133200 0.102711 0.100991 1.7788 0 0 1.98261 1.87975 
133400 0.102427 0.100969 1.7714 0 0 1.97484 1.87232 
133600 0.102142 0.100946 1.764 0 0 1.96706 1.86488 
133800 0.101858 0.100924 1.7566 0 0 1.95929 1.85745 
134000 0.101588 0.100902 1.74964 0 0 1.95202 1.85047 
134200 0.101334 0.100881 1.74313 0 0 1.94524 1.84395 
134400 0.10108 0.10086 1.73662 0 0 1.93846 1.83742 
134600 0.100825 0.100839 1.7301 0 0 1.93169 1.83089 
134800 0.100571 0.100818 1.72359 0 0 1.92491 1.82436 
135000 0.100316 0.100798 1.71708 0 0 1.91813 1.81783 
135200 0.100062 0.100777 1.71057 0 0 1.91135 1.81131 
135400 0.0998077 0.100756 1.70405 0 0 1.90457 1.80478 
135600 0.0995534 0.100735 1.69754 0 0 1.89779 1.79825 
135800 0.099299 0.100714 1.69103 0 0 1.89102 1.79172 
136000 0.0990447 0.100693 1.68452 0 0 1.88424 1.7852 
136200 0.0987903 0.100672 1.67801 0 0 1.87746 1.77867 
136400 0.098536 0.100652 1.67149 0 0 1.87068 1.77214 
136600 0.0982816 0.100631 1.66498 0 0 1.8639 1.76561 
136800 0.0980259 0.100608 1.65856 0 0 1.85719 1.75916 
137000 0.0977702 0.100585 1.65213 0 0 1.85047 1.7527 
137200 0.0975145 0.100562 1.6457 0 0 1.84376 1.74625 
137400 0.0972588 0.100539 1.63927 0 0 1.83704 1.73979 
137600 0.0970031 0.100516 1.63285 0 0 1.83032 1.73334 
137800 0.0967474 0.100493 1.62642 0 0 1.82361 1.72688 
138000 0.0964917 0.10047 1.61999 0 0 1.81689 1.72042 
138200 0.096236 0.100447 1.61357 0 0 1.81017 1.71397 
138400 0.0959803 0.100424 1.60714 0 0 1.80346 1.70751 
138600 0.0957246 0.100401 1.60071 0 0 1.79674 1.70106 
138800 0.0954688 0.100378 1.59429 0 0 1.79003 1.6946 
139000 0.0952131 0.100355 1.58786 0 0 1.78331 1.68814 
139200 0.0949574 0.100332 1.58143 0 0 1.77659 1.68169 
139400 0.094719 0.100308 1.57554 0 0 1.77045 1.67578 
139600 0.0944806 0.100285 1.56965 0 0 1.76431 1.66988 
139800 0.0942423 0.100261 1.56376 0 0 1.75817 1.66398 
140000 0.0940039 0.100237 1.55787 0 0 1.75203 1.65808 
140200 0.0937655 0.100214 1.55198 0 0 1.74589 1.65217 
140400 0.0935271 0.10019 1.54609 0 0 1.73975 1.64627 
140600 0.0932887 0.100166 1.5402 0 0 1.73361 1.64037 
140800 0.0930503 0.100143 1.53431 0 0 1.72746 1.63446 
141000 0.0928119 0.100119 1.52842 0 0 1.72132 1.62856 
141200 0.0925735 0.100095 1.52253 0 0 1.71518 1.62266 
141400 0.0923351 0.100072 1.51664 0 0 1.70904 1.61675 
141600 0.0920967 0.100048 1.51075 0 0 1.7029 1.61085 
141800 0.0918583 0.100025 1.50486 0 0 1.69676 1.60495 
142000 0.0916279 0.100001 1.49922 0 0 1.69087 1.59929 
142200 0.0914056 0.0999766 1.49383 0 0 1.68522 1.59387 
142400 0.0911833 0.0999526 1.48845 0 0 1.67957 1.58845 
142600 0.090961 0.0999286 1.48307 0 0 1.67393 1.58303 
142800 0.0907386 0.0999046 1.47768 0 0 1.66828 1.57762 
143000 0.0905163 0.0998805 1.4723 0 0 1.66263 1.5722 
143200 0.090294 0.0998565 1.46692 0 0 1.65699 1.56678 
143400 0.0900717 0.0998325 1.46153 0 0 1.65134 1.56137 
143600 0.0898493 0.0998085 1.45615 0 0 1.64569 1.55595 
143800 0.089627 0.0997844 1.45076 0 0 1.64005 1.55053 
144000 0.0894047 0.0997604 1.44538 0 0 1.6344 1.54512 
144200 0.0891824 0.0997364 1.44 0 0 1.62875 1.5397 
144400 0.0889601 0.0997123 1.43461 0 0 1.62311 1.53428 
144600 0.0887377 0.0996883 1.42923 0 0 1.61746 1.52886 
144800 0.0885191 0.0996656 1.42397 0 0 1.61196 1.52359 
145000 0.0883042 0.0996443 1.41884 0 0 1.6066 1.51844 
145200 0.0880892 0.099623 1.41371 0 0 1.60125 1.5133 
145400 0.0878743 0.0996016 1.40858 0 0 1.59589 1.50816 
145600 0.0876593 0.0995803 1.40345 0 0 1.59053 1.50302 
145800 0.0874444 0.099559 1.39832 0 0 1.58518 1.49788 
146000 0.0872295 0.0995377 1.39319 0 0 1.57982 1.49274 
146200 0.0870145 0.0995163 1.38806 0 0 1.57447 1.48759 
146400 0.0867996 0.099495 1.38293 0 0 1.56911 1.48245 
146600 0.0865846 0.0994737 1.3778 0 0 1.56375 1.47731 
146800 0.0863697 0.0994524 1.37267 0 0 1.5584 1.47217 
147000 0.0861548 0.099431 1.36754 0 0 1.55304 1.46703 
147200 0.0859398 0.0994097 1.36241 0 0 1.54768 1.46189 
147400 0.0857249 0.0993884 1.35729 0 0 1.54233 1.45674 
147600 0.0855182 0.0993658 1.35239 0 0 1.53721 1.45183 
147800 0.0853198 0.0993419 1.34773 0 0 1.53233 1.44713 
148000 0.0851213 0.099318 1.34307 0 0 1.52746 1.44244 
148200 0.0849229 0.0992941 1.33841 0 0 1.52258 1.43774 
148400 0.0847245 0.0992702 1.33375 0 0 1.5177 1.43305 
148600 0.084526 0.0992463 1.32909 0 0 1.51282 1.42835 
148800 0.0843276 0.0992224 1.32443 0 0 1.50795 1.42366 
149000 0.0841292 0.0991986 1.31976 0 0 1.50307 1.41897 
149200 0.0839308 0.0991747 1.3151 0 0 1.49819 1.41427 
149400 0.0837323 0.0991508 1.31044 0 0 1.49332 1.40958 
149600 0.0835339 0.0991269 1.30578 0 0 1.48844 1.40488 
149800 0.0833355 0.099103 1.30112 0 0 1.48356 1.40019 
150000 0.083137 0.0990791 1.29646 0 0 1.47868 1.39549 
150200 0.0829245 0.0990517 1.29152 0 0 1.47352 1.39051 
150400 0.082712 0.0990243 1.28659 0 0 1.46835 1.38554 
150600 0.0825242 0.0990019 1.28227 0 0 1.4638 1.38119 
150800 0.0823365 0.0989795 1.27794 0 0 1.45926 1.37685 
151000 0.0821487 0.098957 1.27362 0 0 1.45471 1.3725 
151200 0.0819609 0.0989346 1.2693 0 0 1.45017 1.36816 
151400 0.0817732 0.0989122 1.26497 0 0 1.44563 1.36382 
151600 0.0815854 0.0988898 1.26065 0 0 1.44108 1.35947 
151800 0.0813976 0.0988673 1.25633 0 0 1.43654 1.35513 
152000 0.0812098 0.0988449 1.252 0 0 1.43199 1.35078 
152200 0.0810221 0.0988225 1.24768 0 0 1.42745 1.34644 
152400 0.0808343 0.0988001 1.24336 0 0 1.4229 1.34209 
152600 0.0806465 0.0987776 1.23903 0 0 1.41836 1.33775 
152800 0.0804588 0.0987552 1.23471 0 0 1.41381 1.33341 
153000 0.080271 0.0987328 1.23039 0 0 1.40927 1.32906 
153200 0.0800832 0.0987104 1.22606 0 0 1.40473 1.32472 
153400 0.0798954 0.0986879 1.22174 0 0 1.40018 1.32037 
153600 0.0797137 0.0986655 1.21764 0 0 1.39587 1.31624 
153800 0.079532 0.0986431 1.21353 0 0 1.39156 1.31211 
154000 0.0793503 0.0986206 1.20943 0 0 1.38725 1.30799 
154200 0.0791686 0.0985982 1.20532 0 0 1.38294 1.30386 
154400 0.0789869 0.0985758 1.20122 0 0 1.37863 1.29973 
154600 0.0788052 0.0985534 1.19711 0 0 1.37432 1.2956 
154800 0.0786235 0.0985309 1.19301 0 0 1.37001 1.29147 
155000 0.0784417 0.0985085 1.1889 0 0 1.3657 1.28734 
155200 0.07826 0.0984861 1.1848 0 0 1.36139 1.28321 
155400 0.0780783 0.0984637 1.1807 0 0 1.35708 1.27908 
155600 0.0778966 0.0984412 1.17659 0 0 1.35277 1.27495 
155800 0.0777149 0.0984188 1.17249 0 0 1.34846 1.27082 
156000 0.0775332 0.0983964 1.16838 0 0 1.34415 1.26669 
156200 0.0773515 0.098374 1.16428 0 0 1.33984 1.26256 
156400 0.0771698 0.0983515 1.16017 0 0 1.33553 1.25843 
156600 0.076994 0.0983266 1.15627 0 0 1.33143 1.2545 
156800 0.0768182 0.0983017 1.15237 0 0 1.32733 1.25058 
157000 0.0766424 0.0982767 1.14847 0 0 1.32324 1.24665 
157200 0.0764666 0.0982518 1.14457 0 0 1.31914 1.24273 
157400 0.0762908 0.0982268 1.14067 0 0 1.31504 1.2388 
157600 0.076115 0.0982019 1.13678 0 0 1.31094 1.23488 
157800 0.0759392 0.0981769 1.13288 0 0 1.30684 1.23095 
158000 0.0757634 0.098152 1.12898 0 0 1.30274 1.22703 
158200 0.0755877 0.098127 1.12508 0 0 1.29865 1.2231 
158400 0.0754119 0.0981021 1.12118 0 0 1.29455 1.21918 
158600 0.0752361 0.0980771 1.11728 0 0 1.29045 1.21525 
158800 0.0750603 0.0980522 1.11338 0 0 1.28635 1.21133 
159000 0.0748845 0.0980273 1.10948 0 0 1.28225 1.2074 
159200 0.0747087 0.0980023 1.10558 0 0 1.27815 1.20348 
159400 0.0745329 0.0979774 1.10168 0 0 1.27406 1.19955 
159600 0.0743686 0.0979546 1.09809 0 0 1.27029 1.19594 
159800 0.0742044 0.0979318 1.0945 0 0 1.26652 1.19233 
160000 0.0740401 0.097909 1.09091 0 0 1.26275 1.18872 
160200 0.0738759 0.0978862 1.08732 0 0 1.25898 1.18511 
160400 0.0737116 0.0978634 1.08373 0 0 1.25522 1.1815 
160600 0.0735474 0.0978406 1.08014 0 0 1.25145 1.17789 
160800 0.0733831 0.0978178 1.07655 0 0 1.24768 1.17428 
161000 0.0732189 0.097795 1.07296 0 0 1.24391 1.17066 
161200 0.0730546 0.0977722 1.06937 0 0 1.24014 1.16705 
161400 0.0728904 0.0977494 1.06578 0 0 1.23637 1.16344 
161600 0.0727261 0.0977266 1.06219 0 0 1.23261 1.15983 
161800 0.0725618 0.0977038 1.0586 0 0 1.22884 1.15622 
162000 0.0723976 0.097681 1.05502 0 0 1.22507 1.15261 
162200 0.0722333 0.0976582 1.05143 0 0 1.2213 1.149 
162400 0.0720691 0.0976354 1.04784 0 0 1.21753 1.14539 
162600 0.0719101 0.0976117 1.04439 0 0 1.21391 1.14192 
162800 0.0717564 0.0975873 1.04109 0 0 1.21042 1.1386 
163000 0.0716027 0.0975628 1.0378 0 0 1.20694 1.13528 
163200 0.071449 0.0975384 1.0345 0 0 1.20345 1.13196 
163400 0.0712953 0.0975139 1.0312 0 0 1.19997 1.12864 
163600 0.0711416 0.0974895 1.0279 0 0 1.19648 1.12532 
163800 0.0709879 0.097465 1.0246 0 0 1.193 1.122 
164000 0.0708342 0.0974406 1.0213 0 0 1.18951 1.11868 
164200 0.0706805 0.0974161 1.018 0 0 1.18603 1.11536 
164400 0.0705268 0.0973917 1.01471 0 0 1.18254 1.11204 
164600 0.0703731 0.0973672 1.01141 0 0 1.17906 1.10873 
164800 0.0702194 0.0973428 1.00811 0 0 1.17558 1.10541 
165000 0.0700657 0.0973183 1.00481 0 0 1.17209 1.10209 
165200 0.069912 0.0972939 1.00151 0 0 1.16861 1.09877 
165400 0.0697583 0.0972694 0.998213 0 0 1.16512 1.09545 
165600 0.0696046 0.097245 0.994914 0 0 1.16164 1.09213 
165800 0.0694553 0.0972221 0.991746 0 0 1.1583 1.08894 
166000 0.0693105 0.0972006 0.988708 0 0 1.1551 1.08588 
166200 0.0691657 0.0971792 0.98567 0 0 1.1519 1.08282 
166400 0.0690209 0.0971578 0.982632 0 0 1.1487 1.07976 
166600 0.0688761 0.0971364 0.979593 0 0 1.14551 1.0767 
166800 0.0687312 0.097115 0.976555 0 0 1.14231 1.07364 
167000 0.0685864 0.0970936 0.973517 0 0 1.13911 1.07058 
167200 0.0684416 0.0970721 0.970479 0 0 1.13592 1.06752 
167400 0.0682968 0.0970507 0.967441 0 0 1.13272 1.06446 
167600 0.068152 0.0970293 0.964403 0 0 1.12952 1.0614 
167800 0.0680072 0.0970079 0.961365 0 0 1.12633 1.05834 
168000 0.0678623 0.0969865 0.958326 0 0 1.12313 1.05528 
168200 0.0677175 0.0969651 0.955288 0 0 1.11993 1.05222 
168400 0.0675727 0.0969436 0.95225 0 0 1.11674 1.04916 
168600 0.0674279 0.0969222 0.949212 0 0 1.11354 1.0461 
168800 0.0672831 0.0969008 0.946174 0 0 1.11034 1.04304 
169000 0.0671383 0.0968794 0.943136 0 0 1.10715 1.03998 
169200 0.0669987 0.0968557 0.940247 0 0 1.10409 1.03707 
169400 0.0668591 0.096832 0.937357 0 0 1.10103 1.03416 
169600 0.0667196 0.0968083 0.934468 0 0 1.09797 1.03125 
169800 0.06658 0.0967845 0.931579 0 0 1.09492 1.02834 
170000 0.0664405 0.0967608 0.92869 0 0 1.09186 1.02543 
170200 0.0663009 0.0967371 0.9258 0 0 1.0888 1.02252 
170400 0.0661613 0.0967134 0.922911 0 0 1.08575 1.0196 
170600 0.0660218 0.0966897 0.920022 0 0 1.08269 1.01669 
170800 0.0658822 0.096666 0.917133 0 0 1.07963 1.01378 
171000 0.0657427 0.0966423 0.914243 0 0 1.07657 1.01087 
171200 0.0656031 0.0966186 0.911354 0 0 1.07352 1.00796 
171400 0.0654635 0.0965949 0.908465 0 0 1.07046 1.00505 
171600 0.065324 0.0965712 0.905576 0 0 1.0674 1.00214 
171800 0.0651844 0.0965475 0.902686 0 0 1.06435 0.999229 
172000 0.0650449 0.0965238 0.899797 0 0 1.06129 0.996318 
172200 0.0649053 0.0965 0.896908 0 0 1.05823 0.993407 
172400 0.0647679 0.0964758 0.894093 0 0 1.05526 0.99057 
172600 0.0646325 0.0964511 0.891351 0 0 1.05236 0.987807 
172800 0.0644972 0.0964263 0.888609 0 0 1.04946 0.985043 
173000 0.0643619 0.0964016 0.885868 0 0 1.04656 0.98228 
173200 0.0642265 0.0963769 0.883126 0 0 1.04366 0.979517 
173400 0.0640912 0.0963521 0.880385 0 0 1.04077 0.976754 
173600 0.0639559 0.0963274 0.877643 0 0 1.03787 0.97399 
173800 0.0638205 0.0963026 0.874901 0 0 1.03497 0.971227 
174000 0.0636852 0.0962779 0.87216 0 0 1.03207 0.968464 
174200 0.0635498 0.0962532 0.869418 0 0 1.02917 0.965701 
174400 0.0634145 0.0962284 0.866677 0 0 1.02628 0.962937 
174600 0.0632792 0.0962037 0.863935 0 0 1.02338 0.960174 
174800 0.0631438 0.0961789 0.861193 0 0 1.02048 0.957411 
175000 0.0630085 0.0961542 0.858452 0 0 1.01758 0.954648 
175200 0.0628732 0.0961295 0.85571 0 0 1.01469 0.951884 
175400 0.0627378 0.0961047 0.852969 0 0 1.01179 0.949121 
175600 0.0626025 0.09608 0.850227 0 0 1.00889 0.946358 
175800 0.0624799 0.0960576 0.84777 0 0 1.0063 0.943881 
176000 0.0623572 0.0960353 0.845314 0 0 1.0037 0.941404 
176200 0.0622346 0.0960129 0.842857 0 0 1.00111 0.938927 
176400 0.0621119 0.0959906 0.8404 0 0 0.998513 0.93645 
176600 0.0619893 0.0959682 0.837944 0 0 0.995919 0.933973 
176800 0.0618667 0.0959459 0.835487 0 0 0.993325 0.931496 
177000 0.061744 0.0959235 0.83303 0 0 0.99073 0.929018 
177200 0.0616214 0.0959012 0.830574 0 0 0.988136 0.926541 
177400 0.0614987 0.0958788 0.828117 0 0 0.985542 0.924064 
177600 0.0613761 0.0958565 0.82566 0 0 0.982948 0.921587 
177800 0.0612534 0.0958341 0.823204 0 0 0.980353 0.91911 
178000 0.0611308 0.0958117 0.820747 0 0 0.977759 0.916633 
178200 0.0610082 0.0957894 0.81829 0 0 0.975165 0.914156 
178400 0.0608855 0.095767 0.815834 0 0 0.972571 0.911679 
178600 0.0607629 0.0957447 0.813377 0 0 0.969977 0.909202 
178800 0.0606402 0.0957223 0.810921 0 0 0.967382 0.906725 
179000 0.0605176 0.0957 0.808464 0 0 0.964788 0.904248 
179200 0.0603968 0.0956771 0.80607 0 0 0.962252 0.90183 
179400 0.0602779 0.0956538 0.803739 0 0 0.959776 0.89947 
179600 0.060159 0.0956305 0.801409 0 0 0.957299 0.89711 
179800 0.0600401 0.0956072 0.799078 0 0 0.954822 0.894751 
180000 0.0599212 0.0955838 0.796747 0 0 0.952345 0.892391 
180200 0.0598023 0.0955605 0.794416 0 0 0.949868 0.890031 
180400 0.0596834 0.0955372 0.792086 0 0 0.947392 0.887672 
180600 0.0595645 0.0955139 0.789755 0 0 0.944915 0.885312 
180800 0.0594456 0.0954905 0.787424 0 0 0.942438 0.882952 
181000 0.0593267 0.0954672 0.785094 0 0 0.939961 0.880592 
181200 0.0592078 0.0954439 0.782763 0 0 0.937484 0.878233 
181400 0.0590889 0.0954205 0.780432 0 0 0.935007 0.875873 
181600 0.0589701 0.0953972 0.778101 0 0 0.93253 0.873513 
181800 0.0588512 0.0953739 0.775771 0 0 0.930054 0.871154 
182000 0.0587323 0.0953506 0.77344 0 0 0.927577 0.868794 
182200 0.0586134 0.0953273 0.771109 0 0 0.9251 0.866434 
182400 0.0584945 0.0953039 0.768778 0 0 0.922623 0.864075 
182600 0.0583756 0.0952806 0.766448 0 0 0.920146 0.861715 
182800 0.0582607 0.0952582 0.764234 0 0 0.917798 0.85948 
183000 0.0581457 0.0952359 0.762021 0 0 0.915449 0.857245 
183200 0.0580308 0.0952135 0.759808 0 0 0.913101 0.85501 
183400 0.0579159 0.0951912 0.757594 0 0 0.910752 0.852775 
183600 0.057801 0.0951688 0.755381 0 0 0.908403 0.85054 
183800 0.0576861 0.0951465 0.753168 0 0 0.906055 0.848305 
184000 0.0575712 0.0951241 0.750954 0 0 0.903706 0.84607 
184200 0.0574563 0.0951018 0.748741 0 0 0.901358 0.843836 
184400 0.0573414 0.0950794 0.746528 0 0 0.899009 0.841601 
184600 0.0572265 0.0950571 0.744314 0 0 0.896661 0.839366 
184800 0.0571115 0.0950347 0.742101 0 0 0.894312 0.837131 
185000 0.0569966 0.0950124 0.739888 0 0 0.891964 0.834896 
185200 0.0568817 0.09499 0.737674 0 0 0.889615 0.832661 
185400 0.0567668 0.0949676 0.735461 0 0 0.887267 0.830426 
185600 0.0566519 0.0949453 0.733248 0 0 0.884918 0.828191 
185800 0.056537 0.0949229 0.731034 0 0 0.882569 0.825956 
186000 0.0564221 0.0949006 0.728821 0 0 0.880221 0.823721 
186200 0.0563121 0.0948784 0.726722 0 0 0.87799 0.821601 
186400 0.0562071 0.0948563 0.724737 0 0 0.875877 0.819597 
186600 0.056102 0.0948342 0.722752 0 0 0.873765 0.817593 
186800 0.055997 0.0948122 0.720767 0 0 0.871652 0.815589 
187000 0.0558919 0.0947901 0.718782 0 0 0.869539 0.813585 
187200 0.0557869 0.094768 0.716797 0 0 0.867426 0.81158 
187400 0.0556818 0.094746 0.714812 0 0 0.865313 0.809576 
187600 0.0555768 0.0947239 0.712827 0 0 0.8632 0.807572 
187800 0.0554718 0.0947018 0.710842 0 0 0.861088 0.805568 
188000 0.0553667 0.0946798 0.708857 0 0 0.858975 0.803563 
188200 0.0552617 0.0946577 0.706872 0 0 0.856862 0.801559 
188400 0.0551566 0.0946357 0.704888 0 0 0.854749 0.799555 
188600 0.0550516 0.0946136 0.702903 0 0 0.852636 0.797551 
188800 0.0549465 0.0945915 0.700918 0 0 0.850524 0.795546 
189000 0.0548415 0.0945695 0.698933 0 0 0.848411 0.793542 
189200 0.0547365 0.0945474 0.696948 0 0 0.846298 0.791538 
189400 0.0546314 0.0945253 0.694963 0 0 0.844185 0.789534 
189600 0.0545264 0.0945033 0.692978 0 0 0.842072 0.78753 
189800 0.0544213 0.0944812 0.690993 0 0 0.83996 0.785525 
190000 0.0543197 0.0944571 0.689107 0 0 0.837946 0.783619 
190200 0.0542181 0.094433 0.68722 0 0 0.835933 0.781712 
190400 0.0541165 0.0944089 0.685334 0 0 0.83392 0.779805 
190600 0.0540149 0.0943848 0.683447 0 0 0.831907 0.777898 
190800 0.0539133 0.0943607 0.681561 0 0 0.829893 0.775991 
191000 0.0538117 0.0943366 0.679675 0 0 0.82788 0.774084 
191200 0.0537101 0.0943125 0.677788 0 0 0.825867 0.772177 
191400 0.0536084 0.0942883 0.675902 0 0 0.823854 0.77027 
191600 0.0535068 0.0942642 0.674015 0 0 0.821841 0.768364 
191800 0.0534052 0.0942401 0.672129 0 0 0.819827 0.766457 
192000 0.0533036 0.094216 0.670242 0 0 0.817814 0.76455 
192200 0.053202 0.0941919 0.668356 0 0 0.815801 0.762643 
192400 0.0531004 0.0941678 0.666469 0 0 0.813788 0.760736 
192600 0.0529988 0.0941437 0.664583 0 0 0.811775 0.758829 
192800 0.0528972 0.0941196 0.662697 0 0 0.809761 0.756922 
193000 0.0527956 0.0940955 0.66081 0 0 0.807748 0.755015 
193200 0.0526939 0.0940714 0.658924 0 0 0.805735 0.753109 
193400 0.0525923 0.0940473 0.657037 0 0 0.803722 0.751202 
193600 0.0524939 0.0940245 0.655223 0 0 0.801787 0.749363 
193800 0.0523986 0.094003 0.653481 0 0 0.799932 0.747594 
194000 0.0523034 0.0939815 0.651739 0 0 0.798077 0.745824 
194200 0.0522081 0.09396 0.649997 0 0 0.796221 0.744054 
194400 0.0521128 0.0939385 0.648255 0 0 0.794366 0.742284 
194600 0.0520176 0.093917 0.646513 0 0 0.79251 0.740515 
194800 0.0519223 0.0938956 0.644771 0 0 0.790655 0.738745 
195000 0.051827 0.0938741 0.643029 0 0 0.7888 0.736975 
195200 0.0517318 0.0938526 0.641287 0 0 0.786944 0.735205 
195400 0.0516365 0.0938311 0.639545 0 0 0.785089 0.733436 
195600 0.0515412 0.0938096 0.637803 0 0 0.783233 0.731666 
195800 0.051446 0.0937881 0.636061 0 0 0.781378 0.729896 
196000 0.0513507 0.0937667 0.634319 0 0 0.779523 0.728126 
196200 0.0512554 0.0937452 0.632577 0 0 0.777667 0.726357 
196400 0.0511602 0.0937237 0.630835 0 0 0.775812 0.724587 
196600 0.0510649 0.0937022 0.629093 0 0 0.773956 0.722817 
196800 0.0509696 0.0936807 0.627351 0 0 0.772101 0.721047 
197000 0.0508744 0.0936592 0.625609 0 0 0.770246 0.719277 
197200 0.0507791 0.0936378 0.623867 0 0 0.76839 0.717508 
197400 0.0506851 0.0936153 0.622169 0 0 0.766575 0.715785 
197600 0.0505924 0.0935919 0.620517 0 0 0.7648 0.714109 
197800 0.0504996 0.0935686 0.618864 0 0 0.763025 0.712432 
198000 0.0504069 0.0935452 0.617211 0 0 0.76125 0.710756 
198200 0.0503142 0.0935218 0.615558 0 0 0.759476 0.70908 
198400 0.0502215 0.0934984 0.613905 0 0 0.757701 0.707404 
198600 0.0501287 0.0934751 0.612252 0 0 0.755926 0.705728 
198800 0.050036 0.0934517 0.6106 0 0 0.754151 0.704051 
199000 0.0499433 0.0934283 0.608947 0 0 0.752376 0.702375 
199200 0.0498506 0.0934049 0.607294 0 0 0.750601 0.700699 
199400 0.0497578 0.0933815 0.605641 0 0 0.748826 0.699023 
199600 0.0496651 0.0933582 0.603988 0 0 0.747051 0.697347 
199800 0.0495724 0.0933348 0.602336 0 0 0.745277 0.69567 
200000 0.0494797 0.0933114 0.600683 0 0 0.743502 0.693994 
