1000 12.6967 0.00349836 5429.08 0 0 5440.61 5429.08 
1200 12.4892 0.00465103 3800.93 0 0 3812.46 3800.93 
1400 12.2799 0.00587111 2810.98 0 0 2823.24 2810.98 
1600 12.0591 0.00710557 2142.96 0 0 2155.06 2142.96 
1800 11.8235 0.00833011 1670.92 0 0 1682.74 1670.92 
2000 11.5843 0.009547 1335.95 0 0 1347.47 1335.95 
2200 11.3459 0.0107522 1082.37 0 0 1093.84 1082.37 
2400 11.107 0.0119368 893.516 0 0 904.553 893.516 
2600 10.8699 0.0130966 1784.71 0 0 1795.66 1784.71 
2800 10.6285 0.014252 2360.37 0 0 2371.03 2360.37 
3000 10.3913 0.0153738 2042.82 0 0 2053.2 2042.82 
3200 10.1685 0.0164598 2001.73 0 0 2012.06 2001.73 
3400 9.9717 0.0175543 1725.21 0 0 1735.01 1725.21 
3600 9.74649 0.0186045 1498.97 0 0 1508.7 1498.97 
3800 9.46374 0.0195474 1393.61 0 0 1403.11 1393.89 
4000 9.29629 0.0206155 1286.96 0 0 1296.18 1286.96 
4200 9.22053 0.0217903 1144.05 0 0 1153.28 1144.05 
4400 9.03809 0.0228044 1022.07 0 0 1031.01 1022.07 
4600 8.8032 0.0237139 917.395 0 0 926.328 917.395 
4800 8.55647 0.0245664 827.434 0 0 836.079 827.434 
5000 8.32229 0.0254106 749.524 0 0 757.881 749.524 
5200 8.11909 0.0262853 680.572 0 0 688.864 680.572 
5400 7.9403 0.027185 620.107 0 0 627.888 620.107 
5600 7.77593 0.0280923 566.808 0 0 574.588 566.808 
5800 7.62209 0.0290078 519.793 0 0 527.573 520.043 
6000 7.47219 0.0299118 478.07 0 0 485.563 478.07 
6200 7.32362 0.0308011 440.373 0 0 447.866 440.373 
6400 7.17411 0.0316732 406.436 0 0 413.654 406.436 
6600 7.02769 0.0325411 376.203 0 0 383.407 376.203 
6800 6.88511 0.0333863 349.03 0 0 355.922 349.03 
7000 6.7446 0.0342049 324.541 0 0 331.169 324.541 
7200 6.6072 0.0350328 302.065 0 0 308.693 302.065 
7400 6.4742 0.0358467 282.055 0 0 288.605 282.068 
7600 6.34445 0.0366427 263.69 0 0 270.073 263.719 
7800 6.22031 0.0374173 247.058 0 0 253.321 247.087 
8000 6.09763 0.0382111 231.716 0 0 237.854 231.745 
8200 5.97977 0.03898 217.623 0 0 223.639 217.652 
8400 5.86765 0.0397632 204.548 0 0 210.428 204.577 
8600 5.75616 0.0405052 192.602 0 0 198.405 192.654 
8800 5.65003 0.0412584 181.613 0 0 187.313 181.653 
9000 5.54642 0.0419937 171.46 0 0 177.059 171.517 
9200 5.44516 0.0427123 162.089 0 0 167.571 162.127 
9400 5.34599 0.0434391 153.4 0 0 158.801 153.452 
9600 5.25117 0.044136 145.315 0 0 150.627 145.373 
9800 5.15624 0.0448119 137.839 0 0 143.031 137.869 
10000 5.06599 0.0455017 130.886 0 0 135.986 130.943 
10200 4.97954 0.0461645 124.46 0 0 129.503 124.517 
10400 4.88897 0.04683 118.104 0 0 123.027 118.132 
10600 4.80664 0.0474612 112.587 0 0 117.428 112.616 
10800 4.72705 0.048065 107.318 0 0 112.104 107.374 
11000 4.64485 0.0486949 102.309 0 0 107.015 102.367 
11200 4.56499 0.0493261 97.5366 0 0 102.16 97.5942 
11400 4.48848 0.0499107 93.1502 0 0 97.6941 93.2079 
11600 4.41498 0.050487 89.1378 0 0 93.6057 89.1955 
11800 4.3419 0.0510791 85.2322 0 0 89.6228 85.2898 
12000 4.27041 0.0516565 81.5755 0 0 85.9028 81.6331 
12200 4.20061 0.0522085 78.1812 0 0 82.4448 78.2388 
12400 4.13129 0.0527566 74.8844 0 0 79.056 74.9421 
12600 4.06674 0.0532868 71.9336 0 0 76.059 71.9912 
12800 3.99977 0.053837 69.0018 0 0 73.0577 69.0594 
13000 3.93441 0.0543899 66.2509 0 0 70.2369 66.3086 
13200 3.87198 0.0549237 63.6829 0 0 67.6108 63.7405 
13400 3.81246 0.0554262 61.2645 0 0 65.1375 61.3221 
13600 3.7524 0.0559412 146.723 0 0 150.535 146.781 
13800 3.69431 0.0564371 141.114 0 0 144.863 141.171 
14000 3.63774 0.0569388 135.735 0 0 139.42 135.792 
14200 3.58223 0.0574452 130.57 0 0 134.195 130.628 
14400 3.52666 0.0579186 125.774 0 0 129.357 125.832 
14600 3.47417 0.0583921 121.163 0 0 124.706 121.221 
14800 3.42279 0.0588641 116.735 0 0 120.228 116.792 
15000 3.37156 0.0593338 112.53 0 0 115.959 112.587 
15200 3.32287 0.0597739 108.66 0 0 112.054 108.718 
15400 3.27503 0.0602242 104.899 0 0 108.244 104.956 
15600 3.227 0.060666 101.326 0 0 104.614 101.383 
15800 3.18191 0.0611027 136.558 0 0 139.802 136.615 
16000 3.13685 0.061522 132.58 0 0 135.786 132.638 
16200 3.09037 0.0619496 128.676 0 0 131.826 128.734 
16400 3.04673 0.0623787 144.421 0 0 147.531 144.478 
16600 3.00166 0.062797 139.908 0 0 142.981 139.971 
16800 2.95975 0.0631987 135.786 0 0 138.824 135.867 
17000 2.91885 0.0636004 131.801 0 0 134.793 131.876 
17200 2.87851 0.0640021 127.889 0 0 130.828 127.947 
17400 2.83816 0.0644038 124.151 0 0 127.056 124.227 
17600 2.7988 0.0647916 120.552 0 0 123.422 120.633 
17800 2.76126 0.0651539 117.209 0 0 120.047 117.274 
18000 2.72411 0.0655261 113.956 0 0 116.76 114.023 
18200 2.68722 0.0659048 110.761 0 0 113.532 110.845 
18400 2.6509 0.0662695 107.706 0 0 110.431 107.793 
18600 2.61493 0.0666314 104.707 0 0 107.384 104.792 
18800 2.58128 0.0669897 101.981 0 0 104.627 102.05 
19000 2.54779 0.0673479 99.2863 0 0 101.901 99.3439 
19200 2.51477 0.0677062 96.685 0 0 99.2684 96.7426 
19400 2.482 0.0680582 94.1335 0 0 96.6857 94.1912 
19600 2.4496 0.0684009 91.6568 0 0 94.1779 91.7145 
19800 2.41845 0.0687392 89.3051 0 0 91.7917 89.3627 
20000 2.38833 0.0690738 87.0555 0 0 89.5049 87.1131 
20200 2.35879 0.069413 84.8499 0 0 87.2816 84.9075 
20400 2.32923 0.0697381 82.6628 0 0 85.0649 82.7204 
20600 2.30062 0.0700673 80.5768 0 0 82.9498 80.6344 
20800 2.27253 0.0703987 78.5452 0 0 80.8894 78.6028 
21000 2.24524 0.0707157 76.6098 0 0 78.9257 76.6674 
21200 2.21839 0.0710249 74.7261 0 0 77.0139 74.7838 
21400 2.19226 0.071338 72.927 0 0 75.1871 72.9847 
21600 2.1666 0.0716536 71.1843 0 0 73.4169 71.2419 
21800 2.14114 0.0719624 69.4827 0 0 71.6879 69.5404 
22000 2.11589 0.0722643 67.8223 0 0 70.0001 67.88 
22200 2.09115 0.0725687 66.2096 0 0 68.3655 66.2672 
22400 2.06715 0.072877 64.6682 0 0 66.8107 64.7258 
22600 2.04343 0.0731802 63.1553 0 0 65.2811 63.2129 
22800 2.02051 0.0734684 61.7275 0 0 63.8272 61.7851 
23000 1.99763 0.0737562 60.3046 0 0 62.3781 60.3622 
23200 1.9756 0.074038 58.9726 0 0 61.0205 59.0302 
23400 1.95357 0.0743198 57.6406 0 0 59.6629 57.6982 
23600 1.93233 0.0745966 56.3819 0 0 58.3891 56.4496 
23800 1.91128 0.0748723 55.1415 0 0 57.1362 55.2217 
24000 1.89064 0.0751511 53.945 0 0 55.9211 54.0315 
24200 1.87041 0.0754331 52.7923 0 0 54.7439 52.8788 
24400 1.85033 0.0757125 51.6523 0 0 53.5812 51.7387 
24600 1.83111 0.0759766 50.5837 0 0 52.5006 50.6701 
24800 1.8119 0.0762408 49.515 0 0 51.4199 49.6015 
25000 1.79287 0.0765049 48.4914 0 0 50.3663 48.5689 
25200 1.7739 0.0767691 47.4828 0 0 49.3217 47.5483 
25400 1.75536 0.0770296 46.5005 0 0 48.3119 46.5622 
25600 1.73761 0.0772831 45.5668 0 0 47.3667 45.64 
25800 1.71985 0.0775367 44.6332 0 0 46.4215 44.7179 
26000 1.7025 0.0777805 43.7387 0 0 45.5155 43.8251 
26200 1.68521 0.0780226 42.8511 0 0 44.6164 42.9376 
26400 1.66826 0.0782653 41.9949 0 0 43.745 42.0775 
26600 1.65197 0.0785091 41.1969 0 0 42.9248 41.2684 
26800 1.63568 0.0787529 40.3989 0 0 42.1046 40.4593 
27000 1.61964 0.0789968 39.6258 0 0 41.3177 39.6835 
27200 1.60368 0.0792406 38.8611 0 0 40.5419 38.9187 
27400 1.58787 0.0794815 38.1054 0 0 39.7736 38.1646 
27600 1.57293 0.0797056 37.401 0 0 39.0478 37.4709 
27800 1.55798 0.0799297 36.6966 0 0 38.322 36.7771 
28000 1.54314 0.0801539 36.0066 0 0 37.6203 36.093 
28200 1.52841 0.080378 35.3342 0 0 36.9479 35.4206 
28400 1.51368 0.0806021 34.6618 0 0 36.2755 34.7482 
28600 1.49966 0.0808203 34.0383 0 0 35.6366 34.1247 
28800 1.48587 0.0810364 33.4311 0 0 35.0088 33.5175 
29000 1.47207 0.0812525 32.8239 0 0 34.381 32.9103 
29200 1.4588 0.081465 32.2556 0 0 33.7925 32.342 
29400 1.44556 0.0816774 31.6894 0 0 33.206 31.7758 
29600 1.43233 0.0818891 31.1249 0 0 32.6233 31.2113 
29800 1.41929 0.0820949 30.576 0 0 32.0744 30.6624 
30000 1.40626 0.0823007 30.0271 0 0 31.5256 30.1135 
30200 1.39341 0.0824961 29.4967 0 0 30.9639 29.5829 
30400 1.3812 0.0827012 28.9887 0 0 30.4461 29.0739 
30600 1.36899 0.0829064 28.4807 0 0 29.9284 28.565 
30800 1.35692 0.0831076 27.9834 0 0 29.4211 28.067 
31000 1.34521 0.0832997 27.5108 0 0 28.9379 27.5944 
31200 1.33349 0.0834918 27.0382 0 0 28.4547 27.1218 
31400 1.32194 0.0836821 26.5772 0 0 27.983 26.6607 
31600 1.31078 0.083868 26.1431 0 0 27.5377 26.2266 
31800 1.29963 0.0840539 25.7089 0 0 27.0924 25.7925 
32000 1.28853 0.0842398 25.2791 0 0 26.6514 25.3627 
32200 1.27765 0.0844257 24.8664 0 0 26.2275 24.9499 
32400 1.26678 0.0846116 24.4536 0 0 25.8037 24.5372 
32600 1.25595 0.0847961 24.0442 0 0 25.3833 24.1278 
32800 1.2456 0.0849672 23.6642 0 0 24.9942 23.7487 
33000 1.23524 0.0851383 23.2841 0 0 24.6052 23.3696 
33200 1.22488 0.0853094 22.9041 0 0 24.2162 22.9905 
33400 1.21491 0.0854781 22.5469 0 0 23.8493 22.6334 
33600 1.20498 0.0856466 22.1922 0 0 23.4849 22.2787 
33800 1.19505 0.085815 21.8376 0 0 23.1205 21.924 
34000 1.18533 0.0859818 21.4978 0 0 22.771 21.5842 
34200 1.17572 0.0861478 21.1659 0 0 22.4295 21.2524 
34400 1.16612 0.0863137 20.8341 0 0 22.0881 20.9205 
34600 1.1567 0.0864779 20.5116 0 0 21.7558 20.5981 
34800 1.14763 0.0866389 20.2065 0 0 21.4405 20.2929 
35000 1.13856 0.0868 19.9014 0 0 21.1252 19.9878 
35200 1.12949 0.086961 19.5963 0 0 20.81 19.6827 
35400 1.12059 0.087114 19.3048 0 0 20.5108 19.3913 
35600 1.11169 0.0872665 19.0141 0 0 20.2124 19.1006 
35800 1.10279 0.0874191 18.7234 0 0 19.9141 18.8099 
36000 1.09419 0.0875681 18.4475 0 0 19.6298 18.5339 
36200 1.08582 0.0877142 18.1837 0 0 19.3571 18.2701 
36400 1.07746 0.0878603 17.9199 0 0 19.0843 18.0063 
36600 1.0691 0.0880065 17.656 0 0 18.8116 17.7425 
36800 1.0609 0.0881526 17.4052 0 0 18.5526 17.4917 
37000 1.05271 0.0882987 17.1544 0 0 18.2937 17.2408 
37200 1.04451 0.0884448 16.9036 0 0 18.0348 16.99 
37400 1.03648 0.0885855 16.6612 0 0 17.7847 16.748 
37600 1.02866 0.0887198 16.429 0 0 17.5455 16.5166 
37800 1.02085 0.088854 16.1969 0 0 17.3063 16.2853 
38000 1.01303 0.0889882 15.9648 0 0 17.067 16.054 
38200 1.00557 0.0891195 15.7475 0 0 16.8421 15.8368 
38400 0.99819 0.0892502 15.5339 0 0 16.6208 15.6232 
38600 0.990813 0.0893808 15.3202 0 0 16.3995 15.4096 
38800 0.98344 0.0895111 15.1071 0 0 16.1787 15.1964 
39000 0.97614 0.089634 14.9035 0 0 15.9682 14.9928 
39200 0.968839 0.089757 14.6998 0 0 15.7576 14.7892 
39400 0.961539 0.0898799 14.4962 0 0 15.5471 14.5855 
39600 0.954362 0.0900036 14.2973 0 0 15.3414 14.3866 
39800 0.947471 0.0901289 14.1093 0 0 15.1472 14.1987 
40000 0.94058 0.0902542 13.9214 0 0 14.953 14.0107 
40200 0.933736 0.0903802 13.7377 0 0 14.7621 13.827 
40400 0.927003 0.0904996 13.5571 0 0 14.5746 13.6465 
40600 0.920437 0.0906091 13.3813 0 0 14.3922 13.4706 
40800 0.913871 0.0907185 13.2055 0 0 14.2098 13.2948 
41000 0.907305 0.0908279 13.0297 0 0 14.0275 13.119 
41200 0.900809 0.09094 12.8587 0 0 13.85 12.9481 
41400 0.894397 0.0910553 12.6938 0 0 13.6785 12.7831 
41600 0.887985 0.0911705 12.5288 0 0 13.5071 12.6181 
41800 0.881574 0.0912858 12.3638 0 0 13.3356 12.4531 
42000 0.875296 0.0913966 12.2041 0 0 13.1698 12.2938 
42200 0.869181 0.0915021 12.0509 0 0 13.011 12.1412 
42400 0.863066 0.0916075 11.8977 0 0 12.8521 11.9887 
42600 0.856951 0.0917129 11.7445 0 0 12.6933 11.8362 
42800 0.850911 0.0918179 11.5948 0 0 12.538 11.687 
43000 0.845009 0.0919221 11.4518 0 0 12.3894 11.544 
43200 0.839106 0.0920262 11.3087 0 0 12.2408 11.4009 
43400 0.833204 0.0921304 11.1657 0 0 12.0922 11.2579 
43600 0.82737 0.0922325 11.025 0 0 11.946 11.1173 
43800 0.821808 0.0923263 10.8936 0 0 11.8093 10.9866 
44000 0.816245 0.0924201 10.7623 0 0 11.6726 10.856 
44200 0.810683 0.0925139 10.6309 0 0 11.5359 10.7253 
44400 0.805121 0.0926078 10.4996 0 0 11.3992 10.5946 
44600 0.799619 0.0927016 10.3748 0 0 11.2685 10.4693 
44800 0.794123 0.0927954 10.2509 0 0 11.1385 10.3447 
45000 0.788628 0.0928892 10.1269 0 0 11.0085 10.22 
45200 0.783133 0.092983 10.0029 0 0 10.8785 10.0954 
45400 0.777865 0.0930711 9.88493 0 0 10.755 9.97715 
45600 0.772749 0.0931553 9.77096 0 0 10.6358 9.86317 
45800 0.767634 0.0932394 9.65699 0 0 10.5167 9.7492 
46000 0.762518 0.0933236 9.54302 0 0 10.3975 9.63523 
46200 0.75743 0.0934077 9.43 0 0 10.2794 9.52231 
46400 0.752499 0.0934909 9.32242 0 0 10.1674 9.41537 
46600 0.747568 0.0935742 9.21484 0 0 10.0553 9.30843 
46800 0.742637 0.0936574 9.10725 0 0 9.94323 9.20149 
47000 0.737706 0.0937407 8.99967 0 0 9.83116 9.09454 
47200 0.732886 0.0938227 8.89768 0 0 9.72435 8.99237 
47400 0.728125 0.0939042 8.7987 0 0 9.62036 8.89276 
47600 0.723364 0.0939856 8.69972 0 0 9.51637 8.79316 
47800 0.718603 0.0940671 8.60074 0 0 9.41238 8.69355 
48000 0.713856 0.0941481 8.50208 0 0 9.30874 8.59433 
48200 0.70938 0.0942217 8.4095 0 0 9.21187 8.50236 
48400 0.704904 0.0942952 8.31692 0 0 9.11499 8.41039 
48600 0.700429 0.0943688 8.22434 0 0 9.01812 8.31842 
48800 0.695953 0.0944424 8.13176 0 0 8.92125 8.22645 
49000 0.691531 0.0945154 8.04153 0 0 8.82676 8.13663 
49200 0.687208 0.0945875 7.95568 0 0 8.73671 8.05078 
49400 0.682886 0.0946595 7.86983 0 0 8.64666 7.96493 
49600 0.678563 0.0947316 7.78398 0 0 8.5566 7.87908 
49800 0.674241 0.0948036 7.69813 0 0 8.46655 7.79323 
50000 0.66999 0.0948648 7.61339 0 0 8.37704 7.70849 
50200 0.665835 0.0949319 7.53297 0 0 8.2926 7.62807 
50400 0.66168 0.0949989 7.45256 0 0 8.20816 7.54765 
50600 0.657525 0.0950659 7.37214 0 0 8.12372 7.46723 
50800 0.65337 0.0951329 7.29172 0 0 8.03928 7.38681 
51000 0.64938 0.0951974 7.21515 0 0 7.95908 7.31024 
51200 0.645461 0.0952608 7.14022 0 0 7.8807 7.23532 
51400 0.641542 0.0953242 7.0653 0 0 7.80232 7.16039 
51600 0.637623 0.0953876 6.99037 0 0 7.72393 7.08547 
51800 0.633704 0.095451 6.91545 0 0 7.64555 7.01055 
52000 0.629892 0.0955139 6.84384 0 0 7.57011 6.93894 
52200 0.626126 0.0955767 6.77365 0 0 7.49593 6.86875 
52400 0.62236 0.0956395 6.70347 0 0 7.42175 6.79856 
52600 0.618594 0.0957022 6.63328 0 0 7.34757 6.72838 
52800 0.614827 0.095765 6.56309 0 0 7.27338 6.65819 
53000 0.611204 0.095823 6.49674 0 0 7.20311 6.59184 
53200 0.607657 0.0958784 6.43246 0 0 7.13495 6.52755 
53400 0.604111 0.0959338 6.36818 0 0 7.06679 6.46327 
53600 0.600564 0.0959892 6.30389 0 0 6.99863 6.39899 
53800 0.597017 0.0960447 6.23961 0 0 6.93046 6.33471 
54000 0.593535 0.0960974 6.17683 0 0 6.86432 6.27193 
54200 0.590132 0.0961468 6.11591 0 0 6.80065 6.211 
54400 0.586729 0.0961962 6.05498 0 0 6.73698 6.15008 
54600 0.583326 0.0962456 5.99405 0 0 6.67331 6.08915 
54800 0.579923 0.096295 5.93313 0 0 6.60964 6.02822 
55000 0.576543 0.0963453 5.87308 0 0 6.54674 5.96828 
55200 0.573257 0.0963991 5.81652 0 0 6.48695 5.91226 
55400 0.569972 0.096453 5.75996 0 0 6.42717 5.85624 
55600 0.566686 0.0965069 5.70341 0 0 6.36738 5.80023 
55800 0.5634 0.0965607 5.64685 0 0 6.30759 5.74421 
56000 0.560115 0.0966146 5.59029 0 0 6.2478 5.68819 
56200 0.556994 0.0966583 5.53772 0 0 6.19207 5.63525 
56400 0.553903 0.0967002 5.48585 0 0 6.13706 5.58286 
56600 0.550812 0.0967421 5.43398 0 0 6.08204 5.53046 
56800 0.547721 0.096784 5.38211 0 0 6.02703 5.47807 
57000 0.544629 0.0968259 5.33024 0 0 5.97202 5.42568 
57200 0.541593 0.0968694 5.27941 0 0 5.91807 5.37469 
57400 0.53866 0.0969157 5.23053 0 0 5.86609 5.32632 
57600 0.535727 0.096962 5.18164 0 0 5.81412 5.27795 
57800 0.532794 0.0970083 5.13276 0 0 5.76215 5.22958 
58000 0.529861 0.0970547 5.08387 0 0 5.71018 5.18121 
58200 0.526928 0.097101 5.03499 0 0 5.6582 5.13283 
58400 0.524071 0.0971429 4.98902 0 0 5.60919 5.08662 
58600 0.52124 0.0971833 4.94402 0 0 5.56116 5.04112 
58800 0.518409 0.0972238 4.89903 0 0 5.51313 4.99562 
59000 0.515578 0.0972642 4.85403 0 0 5.4651 4.95012 
59200 0.512747 0.0973047 4.80904 0 0 5.41707 4.90462 
59400 0.50992 0.097345 4.76412 0 0 5.36918 4.85927 
59600 0.50718 0.0973828 4.72066 0 0 5.32383 4.81675 
59800 0.50444 0.0974206 4.6772 0 0 5.27848 4.77423 
60000 0.5017 0.0974583 4.63374 0 0 5.23313 4.73172 
60200 0.49908 0.0975003 4.59287 0 0 5.18912 4.6898 
60400 0.496461 0.0975422 4.552 0 0 5.14511 4.64788 
60600 0.493861 0.0975822 4.51134 0 0 5.1016 4.60656 
60800 0.491321 0.0976164 4.47129 0 0 5.05959 4.567 
61000 0.488781 0.0976506 4.43124 0 0 5.01759 4.52743 
61200 0.486242 0.0976847 4.39119 0 0 4.97558 4.48787 
61400 0.483702 0.0977189 4.35114 0 0 4.93358 4.44831 
61600 0.481162 0.0977531 4.31109 0 0 4.89158 4.40875 
61800 0.478661 0.097787 4.27239 0 0 4.8506 4.37036 
62000 0.476232 0.0978203 4.23619 0 0 4.81155 4.33416 
62200 0.473803 0.0978537 4.19999 0 0 4.77249 4.29796 
62400 0.471373 0.097887 4.16379 0 0 4.73343 4.26176 
62600 0.468944 0.0979204 4.12759 0 0 4.69437 4.22556 
62800 0.466515 0.0979537 4.09139 0 0 4.65531 4.18936 
63000 0.464112 0.0979855 4.05579 0 0 4.61701 4.15376 
63200 0.461769 0.0980136 4.02158 0 0 4.58046 4.11956 
63400 0.459426 0.0980417 3.98738 0 0 4.54391 4.08535 
63600 0.457083 0.0980698 3.95317 0 0 4.50737 4.05115 
63800 0.45474 0.0980979 3.91896 0 0 4.47082 4.01694 
64000 0.452398 0.0981261 3.88476 0 0 4.43427 3.98274 
64200 0.450081 0.0981541 3.85091 0 0 4.39809 3.94889 
64400 0.447914 0.0981818 3.8191 0 0 4.36397 3.91708 
64600 0.445747 0.0982094 3.78729 0 0 4.32985 3.88526 
64800 0.44358 0.0982371 3.75547 0 0 4.29573 3.85345 
65000 0.441413 0.0982648 3.72366 0 0 4.26161 3.82164 
65200 0.439246 0.0982924 3.69184 0 0 4.22749 3.78982 
65400 0.437079 0.0983201 3.66003 0 0 4.19337 3.75801 
65600 0.434958 0.0983431 3.6301 0 0 4.16159 3.72808 
65800 0.432842 0.0983656 3.60039 0 0 4.13007 3.69836 
66000 0.430725 0.0983881 3.57067 0 0 4.09856 3.66865 
66200 0.428609 0.0984107 3.54095 0 0 4.06704 3.63893 
66400 0.426493 0.0984332 3.51123 0 0 4.03552 3.60921 
66600 0.424377 0.0984557 3.48152 0 0 4.004 3.57949 
66800 0.422329 0.0984779 3.45302 0 0 3.97372 3.551 
67000 0.420349 0.0984999 3.42574 0 0 3.94469 3.52372 
67200 0.418369 0.0985219 3.39847 0 0 3.91565 3.49644 
67400 0.416389 0.0985439 3.37119 0 0 3.88661 3.46917 
67600 0.414409 0.0985659 3.34391 0 0 3.85758 3.44189 
67800 0.41243 0.0985879 3.31664 0 0 3.82854 3.41461 
68000 0.41045 0.0986099 3.28936 0 0 3.7995 3.38734 
68200 0.40854 0.0986316 3.26371 0 0 3.7717 3.36168 
68400 0.406633 0.0986533 3.23814 0 0 3.74397 3.33612 
68600 0.404726 0.0986749 3.21257 0 0 3.71624 3.31055 
68800 0.40282 0.0986966 3.18701 0 0 3.6885 3.28498 
69000 0.400913 0.0987183 3.16144 0 0 3.66077 3.25942 
69200 0.399006 0.0987399 3.13587 0 0 3.63304 3.23385 
69400 0.397134 0.0987602 3.1108 0 0 3.60594 3.20878 
69600 0.395341 0.0987773 3.0869 0 0 3.58032 3.18487 
69800 0.393548 0.0987944 3.06299 0 0 3.55471 3.16097 
70000 0.391755 0.0988115 3.03908 0 0 3.52909 3.13706 
70200 0.389961 0.0988285 3.01517 0 0 3.50348 3.11315 
70400 0.388168 0.0988456 2.99127 0 0 3.47787 3.08924 
70600 0.386375 0.0988627 2.96736 0 0 3.45225 3.06534 
70800 0.384627 0.0988796 2.94445 0 0 3.42763 3.0424 
71000 0.382914 0.0988963 2.92236 0 0 3.40383 3.02027 
71200 0.381202 0.098913 2.90026 0 0 3.38002 2.99814 
71400 0.37949 0.0989297 2.87817 0 0 3.35622 2.976 
71600 0.377778 0.0989464 2.85608 0 0 3.33241 2.95387 
71800 0.376065 0.0989631 2.83399 0 0 3.3086 2.93173 
72000 0.374353 0.0989798 2.81189 0 0 3.2848 2.9096 
72200 0.372664 0.0989963 2.7908 0 0 3.26212 2.88862 
72400 0.370988 0.0990126 2.77024 0 0 3.24005 2.86826 
72600 0.369313 0.099029 2.74968 0 0 3.21798 2.84791 
72800 0.367637 0.0990453 2.72912 0 0 3.1959 2.82755 
73000 0.365961 0.0990617 2.70856 0 0 3.17383 2.8072 
73200 0.364285 0.099078 2.688 0 0 3.15176 2.78684 
73400 0.362609 0.0990944 2.66744 0 0 3.12969 2.76648 
73600 0.361026 0.0991081 2.64778 0 0 3.10837 2.74691 
73800 0.359505 0.0991201 2.62873 0 0 3.08756 2.72786 
74000 0.357984 0.0991321 2.60968 0 0 3.06675 2.70881 
74200 0.356464 0.0991441 2.59063 0 0 3.04593 2.68976 
74400 0.354943 0.0991561 2.57158 0 0 3.02512 2.67071 
74600 0.353422 0.0991682 2.55253 0 0 3.00431 2.65166 
74800 0.351901 0.0991802 2.53348 0 0 2.9835 2.6326 
75000 0.350388 0.0991905 2.51489 0 0 2.96334 2.61404 
75200 0.348888 0.0991984 2.49701 0 0 2.94415 2.59619 
75400 0.347388 0.0992063 2.47913 0 0 2.92497 2.57835 
75600 0.345888 0.0992142 2.46125 0 0 2.90578 2.56051 
75800 0.344388 0.0992221 2.44336 0 0 2.8866 2.54267 
76000 0.342888 0.09923 2.42548 0 0 2.86741 2.52482 
76200 0.341388 0.0992379 2.4076 0 0 2.84823 2.50698 
76400 0.339896 0.0992461 2.38986 0 0 2.82917 2.48927 
76600 0.338474 0.0992577 2.37342 0 0 2.81127 2.47279 
76800 0.337053 0.0992692 2.35697 0 0 2.79336 2.45631 
77000 0.335631 0.0992807 2.34053 0 0 2.77546 2.43982 
77200 0.334209 0.0992923 2.32408 0 0 2.75755 2.42334 
77400 0.332788 0.0993038 2.30764 0 0 2.73965 2.40686 
77600 0.331366 0.0993153 2.29119 0 0 2.72174 2.39037 
77800 0.329944 0.0993268 2.27475 0 0 2.70384 2.37389 
78000 0.32858 0.0993337 2.25891 0 0 2.68662 2.35806 
78200 0.327252 0.0993375 2.24348 0 0 2.66986 2.34267 
78400 0.325925 0.0993413 2.22805 0 0 2.6531 2.32727 
78600 0.324598 0.0993451 2.21261 0 0 2.63634 2.31188 
78800 0.323271 0.0993489 2.19718 0 0 2.61958 2.29649 
79000 0.321944 0.0993527 2.18175 0 0 2.60282 2.28109 
79200 0.320617 0.0993565 2.16632 0 0 2.58606 2.2657 
79400 0.31929 0.0993603 2.15088 0 0 2.5693 2.2503 
79600 0.317945 0.0993699 2.13628 0 0 2.55345 2.2357 
79800 0.3166 0.0993795 2.12168 0 0 2.53761 2.2211 
80000 0.315256 0.0993891 2.10708 0 0 2.52176 2.2065 
80200 0.313982 0.0993951 2.09289 0 0 2.50629 2.1923 
80400 0.312708 0.0994012 2.07869 0 0 2.49082 2.17811 
80600 0.311434 0.0994073 2.06449 0 0 2.47535 2.16391 
80800 0.31016 0.0994133 2.0503 0 0 2.45988 2.14972 
81000 0.308896 0.0994188 2.03633 0 0 2.44464 2.13574 
81200 0.307664 0.0994224 2.02302 0 0 2.4301 2.12244 
81400 0.306431 0.099426 2.00972 0 0 2.41557 2.10914 
81600 0.305199 0.0994297 1.99642 0 0 2.40103 2.09584 
81800 0.303966 0.0994333 1.98311 0 0 2.3865 2.08253 
82000 0.302734 0.0994369 1.96981 0 0 2.37196 2.06923 
82200 0.301501 0.0994405 1.95651 0 0 2.35743 2.05593 
82400 0.300269 0.0994442 1.94321 0 0 2.34289 2.04262 
82600 0.299063 0.0994467 1.93016 0 0 2.32864 2.02957 
82800 0.297917 0.0994467 1.9177 0 0 2.31503 2.01712 
83000 0.296772 0.0994467 1.90524 0 0 2.30143 2.00466 
83200 0.295626 0.0994467 1.89278 0 0 2.28783 1.9922 
83400 0.294481 0.0994467 1.88033 0 0 2.27423 1.97975 
83600 0.293335 0.0994467 1.86787 0 0 2.26062 1.96729 
83800 0.29219 0.0994467 1.85541 0 0 2.24702 1.95483 
84000 0.291044 0.0994467 1.84295 0 0 2.23342 1.94237 
84200 0.289907 0.0994467 1.83073 0 0 2.22005 1.93015 
84400 0.288797 0.0994467 1.8192 0 0 2.20741 1.91862 
84600 0.287686 0.0994467 1.80768 0 0 2.19476 1.90709 
84800 0.286575 0.0994467 1.79615 0 0 2.18212 1.89557 
85000 0.285464 0.0994467 1.78462 0 0 2.16948 1.88404 
85200 0.284353 0.0994467 1.7731 0 0 2.15683 1.87251 
85400 0.283243 0.0994467 1.76157 0 0 2.14419 1.86099 
85600 0.282132 0.0994467 1.75004 0 0 2.13154 1.84946 
85800 0.281021 0.0994467 1.73852 0 0 2.1189 1.83793 
86000 0.279962 0.0994467 1.72771 0 0 2.10706 1.82713 
86200 0.278902 0.0994467 1.71691 0 0 2.09522 1.81633 
86400 0.277843 0.0994467 1.70611 0 0 2.08339 1.80553 
86600 0.276783 0.0994467 1.69531 0 0 2.07155 1.79473 
86800 0.275724 0.0994467 1.68451 0 0 2.05971 1.78392 
87000 0.274664 0.0994467 1.6737 0 0 2.04787 1.77312 
87200 0.273605 0.0994467 1.6629 0 0 2.03604 1.76232 
87400 0.272545 0.0994467 1.6521 0 0 2.0242 1.75152 
87600 0.271522 0.0994467 1.64181 0 0 2.01289 1.74123 
87800 0.270517 0.0994467 1.6318 0 0 2.00187 1.73122 
88000 0.269513 0.0994467 1.62179 0 0 1.99085 1.72121 
88200 0.268509 0.0994467 1.61178 0 0 1.97983 1.7112 
88400 0.267504 0.0994467 1.60177 0 0 1.96881 1.70119 
88600 0.2665 0.0994467 1.59176 0 0 1.95779 1.69118 
88800 0.265495 0.0994467 1.58175 0 0 1.94677 1.68117 
89000 0.264491 0.0994467 1.57174 0 0 1.93574 1.67116 
89200 0.263492 0.0994463 1.5618 0 0 1.9248 1.66122 
89400 0.26254 0.099442 1.5525 0 0 1.91451 1.65191 
89600 0.261588 0.0994377 1.54319 0 0 1.90422 1.64261 
89800 0.260636 0.0994335 1.53388 0 0 1.89393 1.6333 
90000 0.259684 0.0994292 1.52458 0 0 1.88364 1.62399 
90200 0.258732 0.0994249 1.51527 0 0 1.87335 1.61469 
90400 0.25778 0.0994207 1.50596 0 0 1.86306 1.60538 
90600 0.256837 0.0994179 7.0087 0 0 7.36553 7.10955 
90800 0.255898 0.0994179 6.96825 0 0 7.32364 7.06911 
91000 0.254971 0.0994156 6.92859 0 0 7.2827 7.02934 
91200 0.254064 0.0994092 6.89038 0 0 7.24352 6.99081 
91400 0.253157 0.0994027 6.85218 0 0 7.20434 6.95227 
91600 0.252251 0.0993962 6.81397 0 0 7.16516 6.91374 
91800 0.251344 0.0993897 6.77576 0 0 7.12599 6.87521 
92000 0.250438 0.0993832 6.73756 0 0 7.08681 6.83668 
92200 0.249531 0.0993768 6.69935 0 0 7.04763 6.79815 
92400 0.248624 0.0993703 6.66114 0 0 7.00845 6.75962 
92600 0.247718 0.0993638 6.62294 0 0 6.96927 6.72109 
92800 0.246831 0.0993588 6.58573 0 0 6.93125 6.68385 
93000 0.245968 0.0993556 6.54975 0 0 6.89463 6.64819 
93200 0.245105 0.0993524 6.51377 0 0 6.85801 6.61253 
93400 0.244242 0.0993493 6.47779 0 0 6.82139 6.57687 
93600 0.243379 0.0993461 6.44181 0 0 6.78478 6.5412 
93800 0.242516 0.0993429 6.40583 0 0 6.74816 6.50554 
94000 0.241653 0.0993397 6.36985 0 0 6.71154 6.46988 
94200 0.24079 0.0993365 6.33386 0 0 6.67492 6.43421 
94400 0.239928 0.0993333 6.29788 0 0 6.6383 6.39855 
94600 0.239082 0.099329 6.26296 0 0 6.60262 6.36382 
94800 0.238263 0.0993227 6.22963 0 0 6.56836 6.33049 
95000 0.237443 0.0993165 6.19629 0 0 6.53409 6.29715 
95200 0.236624 0.0993103 6.16296 0 0 6.49982 6.26382 
95400 0.235805 0.099304 6.12963 0 0 6.46555 6.23048 
95600 0.234985 0.0992978 6.09629 0 0 6.43128 6.19715 
95800 0.234166 0.0992916 6.06296 0 0 6.39701 6.16382 
96000 0.233347 0.0992853 6.02962 0 0 6.36275 6.13048 
96200 0.232527 0.0992791 5.99629 0 0 6.32848 6.09715 
96400 0.231713 0.0992729 5.96326 0 0 6.29457 6.06412 
96600 0.230928 0.0992668 5.932 0 0 6.26268 6.03285 
96800 0.230144 0.0992606 5.90073 0 0 6.2308 6.00159 
97000 0.229359 0.0992545 5.86946 0 0 6.19892 5.97032 
97200 0.228574 0.0992484 5.83819 0 0 6.16704 5.93905 
97400 0.227789 0.0992422 5.80692 0 0 6.13515 5.90778 
97600 0.227004 0.0992361 5.77565 0 0 6.10327 5.87651 
97800 0.22622 0.09923 5.74438 0 0 6.07139 5.84524 
98000 0.225435 0.0992238 5.71311 0 0 6.03951 5.81397 
98200 0.22465 0.0992177 5.68184 0 0 6.00762 5.7827 
98400 0.223893 0.0992088 5.65229 0 0 5.97718 5.7529 
98600 0.223146 0.0991989 5.62331 0 0 5.94721 5.72359 
98800 0.222398 0.099189 5.59433 0 0 5.91724 5.69428 
99000 0.22165 0.0991791 5.56534 0 0 5.88727 5.66497 
99200 0.220903 0.0991692 5.53636 0 0 5.8573 5.63566 
99400 0.220155 0.0991594 5.50738 0 0 5.82733 5.60635 
99600 0.219408 0.0991495 5.4784 0 0 5.79736 5.57703 
99800 0.21866 0.0991396 5.44942 0 0 5.76739 5.54772 
100000 0.217912 0.0991297 5.42044 0 0 5.73742 5.51841 
100200 0.217279 0.0991297 5.39738 0 0 5.71149 5.49536 
100400 0.216547 0.0991206 5.36948 0 0 5.68297 5.46745 
100600 0.215816 0.0991115 5.34157 0 0 5.65446 5.43955 
100800 0.215085 0.0991024 5.31366 0 0 5.62595 5.41164 
101000 0.214354 0.0990933 5.28576 0 0 5.59743 5.38373 
101200 0.213623 0.0990842 5.25785 0 0 5.56892 5.35583 
101400 0.212892 0.0990751 5.22994 0 0 5.54041 5.32792 
101600 0.212161 0.099066 5.20204 0 0 5.51189 5.30001 
101800 0.21143 0.0990569 5.17413 0 0 5.48338 5.27211 
102000 0.210699 0.0990478 5.14622 0 0 5.45487 5.2442 
102200 0.209995 0.0990375 5.11959 0 0 5.42764 5.21757 
102400 0.209318 0.099026 5.09423 0 0 5.40171 5.19221 
102600 0.208641 0.0990145 5.06887 0 0 5.37577 5.16685 
102800 0.207963 0.0990029 5.04351 0 0 5.34983 5.14149 
103000 0.207286 0.0989914 5.01815 0 0 5.3239 5.11613 
103200 0.206609 0.0989799 4.99279 0 0 5.29796 5.09077 
103400 0.205932 0.0989684 4.96744 0 0 5.27203 5.06541 
103600 0.205255 0.0989568 4.94208 0 0 5.24609 5.04005 
103800 0.204578 0.0989453 4.91672 0 0 5.22016 5.0147 
104000 0.2039 0.0989338 4.89136 0 0 5.19422 4.98934 
104200 0.203248 0.0989225 4.86729 0 0 5.16959 4.96527 
104400 0.202619 0.0989115 4.84451 0 0 5.14627 4.94249 
104600 0.201991 0.0989006 4.82173 0 0 5.12294 4.91971 
104800 0.201362 0.0988896 4.79895 0 0 5.09961 4.89693 
105000 0.200734 0.0988786 4.77618 0 0 5.07628 4.87415 
105200 0.200105 0.0988676 4.7534 0 0 5.05295 4.85137 
105400 0.199477 0.0988567 4.73062 0 0 5.02963 4.82859 
105600 0.198848 0.0988457 4.70784 0 0 5.0063 4.80582 
105800 0.19822 0.0988347 4.68506 0 0 4.98297 4.78304 
106000 0.197591 0.0988237 4.66228 0 0 4.95964 4.76026 
106200 0.196963 0.0988127 4.6395 0 0 4.93632 4.73748 
106400 0.196323 0.0988012 4.61674 0 0 4.91268 4.71471 
106600 0.195683 0.0987897 4.59397 0 0 4.88906 4.69195 
106800 0.195043 0.0987782 4.57121 0 0 4.86543 4.66918 
107000 0.194404 0.0987666 4.54844 0 0 4.84179 4.64642 
107200 0.193764 0.0987551 4.52568 0 0 4.81817 4.62365 
107400 0.193124 0.0987436 4.50291 0 0 4.79454 4.60089 
107600 0.192485 0.0987321 4.48014 0 0 4.77091 4.57812 
107800 0.191845 0.0987205 4.45738 0 0 4.74728 4.55536 
108000 0.191205 0.098709 4.43461 0 0 4.72365 4.53259 
108200 0.190565 0.0986975 4.41185 0 0 4.70002 4.50983 
108400 0.190002 0.0986844 4.3922 0 0 4.67985 4.49018 
108600 0.189439 0.0986713 4.37255 0 0 4.65967 4.47053 
108800 0.188876 0.0986582 4.35291 0 0 4.6395 4.45088 
109000 0.188312 0.0986451 4.33326 0 0 4.61933 4.43123 
109200 0.187749 0.098632 4.31361 0 0 4.59916 4.41159 
109400 0.187186 0.0986189 4.29396 0 0 4.57899 4.39194 
109600 0.186623 0.0986058 4.27431 0 0 4.55881 4.37229 
109800 0.186059 0.0985927 4.25467 0 0 4.53864 4.35264 
110000 0.185496 0.0985796 4.23502 0 0 4.51847 4.333 
110200 0.184933 0.0985665 4.21537 0 0 4.4983 4.31335 
110400 0.18437 0.0985534 4.19572 0 0 4.47813 4.2937 
110600 0.183793 0.0985397 4.17596 0 0 4.45782 4.27394 
110800 0.183217 0.0985259 4.1562 0 0 4.43751 4.25418 
111000 0.182641 0.0985122 4.13644 0 0 4.4172 4.23442 
111200 0.182064 0.0984985 4.11668 0 0 4.39689 4.21466 
111400 0.181488 0.0984848 4.09692 0 0 4.37658 4.1949 
111600 0.180912 0.0984711 4.07716 0 0 4.35627 4.17514 
111800 0.180335 0.0984573 4.0574 0 0 4.33596 4.15538 
112000 0.179759 0.0984436 4.03764 0 0 4.31566 4.13562 
112200 0.179183 0.0984299 4.01788 0 0 4.29535 4.11586 
112400 0.178606 0.0984162 3.99812 0 0 4.27504 4.0961 
112600 0.178052 0.0984028 3.97934 0 0 4.25571 4.07731 
112800 0.177521 0.0983897 3.96152 0 0 4.23738 4.0595 
113000 0.176989 0.0983766 3.94371 0 0 4.21904 4.04168 
113200 0.176457 0.0983635 3.92589 0 0 4.2007 4.02387 
113400 0.175925 0.0983504 3.90808 0 0 4.18236 4.00606 
113600 0.175393 0.0983373 3.89027 0 0 4.16402 3.98824 
113800 0.174862 0.0983242 3.87245 0 0 4.14569 3.97043 
114000 0.17433 0.0983111 3.85464 0 0 4.12735 3.95261 
114200 0.173798 0.098298 3.83682 0 0 4.10901 3.9348 
114400 0.173266 0.0982849 3.81901 0 0 4.09067 3.91699 
114600 0.172734 0.0982718 3.8012 0 0 4.07234 3.89917 
114800 0.172222 0.0982577 3.78414 0 0 4.05477 3.88212 
115000 0.171728 0.0982427 3.76786 0 0 4.03798 3.86583 
115200 0.171234 0.0982276 3.75157 0 0 4.02119 3.84955 
115400 0.170741 0.0982126 3.73528 0 0 4.0044 3.83326 
115600 0.170247 0.0981976 3.71899 0 0 3.98762 3.81697 
115800 0.169753 0.0981825 3.70271 0 0 3.97083 3.80068 
116000 0.16926 0.0981675 3.68642 0 0 3.95404 3.78439 
116200 0.168766 0.0981525 3.67013 0 0 3.93725 3.76811 
116400 0.168272 0.0981374 3.65384 0 0 3.92046 3.75182 
116600 0.167779 0.0981224 3.63755 0 0 3.90367 3.73553 
116800 0.167285 0.0981074 3.62127 0 0 3.88688 3.71924 
117000 0.166792 0.0980923 3.60498 0 0 3.87009 3.70296 
117200 0.166291 0.0980766 3.589 0 0 3.85333 3.68698 
117400 0.165791 0.0980609 3.57302 0 0 3.83656 3.671 
117600 0.16529 0.0980452 3.55704 0 0 3.8198 3.65502 
117800 0.16479 0.0980294 3.54106 0 0 3.80303 3.63904 
118000 0.16429 0.0980137 3.52508 0 0 3.78626 3.62306 
118200 0.163789 0.097998 3.5091 0 0 3.7695 3.60707 
118400 0.163289 0.0979823 3.49312 0 0 3.75273 3.5911 
118600 0.162789 0.0979666 3.47714 0 0 3.73596 3.57511 
118800 0.162288 0.0979509 3.46116 0 0 3.7192 3.55914 
119000 0.161788 0.0979351 3.44518 0 0 3.70243 3.54315 
119200 0.161288 0.0979194 3.4292 0 0 3.68567 3.52717 
119400 0.160841 0.0979026 3.41503 0 0 3.67126 3.51301 
119600 0.160394 0.0978858 3.40086 0 0 3.65685 3.49884 
119800 0.159948 0.097869 3.38669 0 0 3.64244 3.48467 
120000 0.159501 0.0978522 3.37252 0 0 3.62803 3.4705 
120200 0.159054 0.0978354 3.35836 0 0 3.61362 3.45633 
120400 0.158608 0.0978186 3.34419 0 0 3.59922 3.44216 
120600 0.158161 0.0978018 3.33002 0 0 3.58481 3.428 
120800 0.157714 0.0977849 3.31585 0 0 3.5704 3.41383 
121000 0.157268 0.0977681 3.30168 0 0 3.55599 3.39966 
121200 0.156821 0.0977513 3.28751 0 0 3.54158 3.38549 
121400 0.156374 0.0977345 3.27335 0 0 3.52717 3.37132 
121600 0.155928 0.0977177 3.25918 0 0 3.51277 3.35715 
121800 0.155495 0.0977009 3.24573 0 0 3.49884 3.34371 
122000 0.155063 0.0976841 3.23228 0 0 3.48491 3.33026 
122200 0.154631 0.0976673 3.21883 0 0 3.47098 3.31681 
122400 0.154199 0.0976505 3.20539 0 0 3.45705 3.30336 
122600 0.153766 0.0976337 3.19194 0 0 3.44313 3.28992 
122800 0.153334 0.0976168 3.17849 0 0 3.4292 3.27647 
123000 0.152902 0.0976 3.16504 0 0 3.41527 3.26302 
123200 0.15247 0.0975832 3.1516 0 0 3.40134 3.24957 
123400 0.152037 0.0975664 3.13815 0 0 3.38741 3.23612 
123600 0.151605 0.0975496 3.1247 0 0 3.37348 3.22268 
123800 0.151173 0.0975328 3.11125 0 0 3.35956 3.20923 
124000 0.150741 0.097516 3.0978 0 0 3.34563 3.19578 
124200 0.150323 0.0974992 3.08508 0 0 3.33266 3.18305 
124400 0.149905 0.0974824 3.07235 0 0 3.31969 3.17033 
124600 0.149487 0.0974656 3.05962 0 0 3.30673 3.1576 
124800 0.149069 0.0974487 3.04689 0 0 3.29376 3.14487 
125000 0.148651 0.0974319 3.03417 0 0 3.28079 3.13214 
125200 0.148234 0.0974151 3.02144 0 0 3.26782 3.11942 
125400 0.147816 0.0973983 3.00871 0 0 3.25486 3.10669 
125600 0.147398 0.0973815 2.99598 0 0 3.24189 3.09396 
125800 0.14698 0.0973647 2.98326 0 0 3.22892 3.08123 
126000 0.146562 0.0973479 2.97053 0 0 3.21595 3.06851 
126200 0.146144 0.0973311 2.9578 0 0 3.20299 3.05578 
126400 0.145726 0.0973143 2.94508 0 0 3.19002 3.04305 
126600 0.145321 0.0972951 2.93302 0 0 3.17729 3.0308 
126800 0.144915 0.0972758 2.92097 0 0 3.16456 3.01856 
127000 0.144509 0.0972566 2.90891 0 0 3.15184 3.00631 
127200 0.144103 0.0972374 2.89686 0 0 3.13911 2.99406 
127400 0.143697 0.0972182 2.8848 0 0 3.12638 2.98182 
127600 0.143291 0.097199 2.87275 0 0 3.11365 2.96957 
127800 0.142886 0.0971798 2.86069 0 0 3.10093 2.95732 
128000 0.14248 0.0971606 2.84864 0 0 3.0882 2.94508 
128200 0.142074 0.0971414 2.83658 0 0 3.07547 2.93283 
128400 0.141668 0.0971222 2.82452 0 0 3.06274 2.92058 
128600 0.141262 0.0971029 2.81247 0 0 3.05002 2.90833 
128800 0.140856 0.0970837 2.80041 0 0 3.03729 2.89609 
129000 0.140493 0.097066 2.78977 0 0 3.02643 2.88554 
129200 0.140129 0.0970483 2.77913 0 0 3.01556 2.87498 
129400 0.139766 0.0970305 2.76849 0 0 3.0047 2.86443 
129600 0.139402 0.0970128 2.75785 0 0 2.99384 2.85388 
129800 0.139039 0.0969951 2.74721 0 0 2.98298 2.84333 
130000 0.138675 0.0969773 2.73657 0 0 2.97212 2.83278 
130200 0.138312 0.0969596 2.72593 0 0 2.96126 2.82223 
130400 0.137948 0.0969419 2.71529 0 0 2.95039 2.81168 
130600 0.137585 0.0969241 2.70465 0 0 2.93953 2.80112 
130800 0.137221 0.0969064 2.69401 0 0 2.92867 2.79057 
131000 0.136858 0.0968887 2.68337 0 0 2.91781 2.78002 
131200 0.136494 0.0968709 2.67273 0 0 2.90695 2.76947 
131400 0.13613 0.0968532 2.66209 0 0 2.89609 2.75892 
131600 0.135764 0.0968348 2.65158 0 0 2.88509 2.74838 
131800 0.135397 0.0968163 2.64107 0 0 2.87409 2.73785 
132000 0.135031 0.0967979 2.63056 0 0 2.8631 2.72731 
132200 0.134664 0.0967794 2.62004 0 0 2.8521 2.71678 
132400 0.134298 0.096761 2.60953 0 0 2.8411 2.70624 
132600 0.133931 0.0967425 2.59902 0 0 2.83011 2.69571 
132800 0.133565 0.0967241 2.58851 0 0 2.81911 2.68517 
133000 0.133198 0.0967057 2.578 0 0 2.80811 2.67464 
133200 0.132832 0.0966872 2.56748 0 0 2.79712 2.6641 
133400 0.132465 0.0966688 2.55697 0 0 2.78612 2.65356 
133600 0.132098 0.0966503 2.54646 0 0 2.77513 2.64303 
133800 0.131732 0.0966319 2.53595 0 0 2.76413 2.63249 
134000 0.131385 0.0966141 2.52605 0 0 2.75383 2.62258 
134200 0.131059 0.096597 2.51676 0 0 2.74422 2.6133 
134400 0.130732 0.09658 2.50748 0 0 2.73462 2.60401 
134600 0.130406 0.0965629 2.49819 0 0 2.72501 2.59473 
134800 0.130079 0.0965458 2.48891 0 0 2.71541 2.58544 
135000 0.129752 0.0965287 2.47962 0 0 2.7058 2.57616 
135200 0.129426 0.0965117 2.47033 0 0 2.69619 2.56687 
135400 0.129099 0.0964946 2.46105 0 0 2.68659 2.55759 
135600 0.128773 0.0964775 2.45176 0 0 2.67698 2.5483 
135800 0.128446 0.0964604 2.44248 0 0 2.66738 2.53901 
136000 0.128119 0.0964434 2.43319 0 0 2.65777 2.52973 
136200 0.127793 0.0964263 2.42391 0 0 2.64817 2.52044 
136400 0.127466 0.0964092 2.41462 0 0 2.63856 2.51116 
136600 0.12714 0.0963921 2.40534 0 0 2.62895 2.50187 
136800 0.126809 0.0963722 2.39618 0 0 2.61945 2.4927 
137000 0.126479 0.0963522 2.38703 0 0 2.60994 2.48352 
137200 0.126149 0.0963323 2.37787 0 0 2.60043 2.47434 
137400 0.125818 0.0963123 2.36872 0 0 2.59092 2.46516 
137600 0.125488 0.0962924 2.35956 0 0 2.58141 2.45599 
137800 0.125158 0.0962724 2.35041 0 0 2.5719 2.44681 
138000 0.124828 0.0962525 2.34125 0 0 2.56239 2.43763 
138200 0.124497 0.0962325 2.3321 0 0 2.55288 2.42846 
138400 0.124167 0.0962126 2.32294 0 0 2.54337 2.41928 
138600 0.123837 0.0961926 2.31379 0 0 2.53386 2.4101 
138800 0.123507 0.0961727 2.30463 0 0 2.52435 2.40093 
139000 0.123176 0.0961527 2.29548 0 0 2.51484 2.39175 
139200 0.122846 0.0961328 2.28632 0 0 2.50533 2.38257 
139400 0.122539 0.0961136 2.27793 0 0 2.49662 2.37416 
139600 0.122231 0.0960944 2.26955 0 0 2.48791 2.36575 
139800 0.121924 0.0960751 2.26116 0 0 2.4792 2.35734 
140000 0.121616 0.0960559 2.25277 0 0 2.47049 2.34893 
140200 0.121309 0.0960367 2.24438 0 0 2.46179 2.34052 
140400 0.121002 0.0960175 2.23599 0 0 2.45308 2.33211 
140600 0.120694 0.0959983 2.2276 0 0 2.44437 2.3237 
140800 0.120387 0.0959791 2.21921 0 0 2.43566 2.31529 
141000 0.12008 0.0959599 2.21082 0 0 2.42695 2.30688 
141200 0.119772 0.0959407 2.20243 0 0 2.41824 2.29847 
141400 0.119465 0.0959215 2.19405 0 0 2.40953 2.29006 
141600 0.119157 0.0959022 2.18566 0 0 2.40082 2.28165 
141800 0.11885 0.095883 2.17727 0 0 2.39211 2.27324 
142000 0.118553 0.0958631 2.16923 0 0 2.38375 2.26517 
142200 0.118267 0.0958425 2.16156 0 0 2.37575 2.25746 
142400 0.117981 0.095822 2.15388 0 0 2.36774 2.24974 
142600 0.117695 0.0958014 2.1462 0 0 2.35973 2.24202 
142800 0.117409 0.0957808 2.13852 0 0 2.35173 2.2343 
143000 0.117123 0.0957602 2.13085 0 0 2.34372 2.22658 
143200 0.116837 0.0957396 2.12317 0 0 2.33571 2.21886 
143400 0.11655 0.095719 2.11549 0 0 2.32771 2.21114 
143600 0.116264 0.0956985 2.10781 0 0 2.3197 2.20342 
143800 0.115978 0.0956779 2.10014 0 0 2.31169 2.1957 
144000 0.115692 0.0956573 2.09246 0 0 2.30369 2.18799 
144200 0.115406 0.0956367 2.08478 0 0 2.29568 2.18027 
144400 0.11512 0.0956161 2.0771 0 0 2.28767 2.17255 
144600 0.114834 0.0955956 2.06943 0 0 2.27966 2.16483 
144800 0.114552 0.095576 2.06192 0 0 2.27185 2.15731 
145000 0.114274 0.0955575 2.0546 0 0 2.26424 2.14998 
145200 0.113996 0.0955389 2.04727 0 0 2.25662 2.14265 
145400 0.113718 0.0955204 2.03994 0 0 2.24901 2.13532 
145600 0.11344 0.0955019 2.03261 0 0 2.24139 2.128 
145800 0.113162 0.0954834 2.02528 0 0 2.23377 2.12067 
146000 0.112885 0.0954648 2.01796 0 0 2.22616 2.11334 
146200 0.112607 0.0954463 2.01063 0 0 2.21854 2.10601 
146400 0.112329 0.0954278 2.0033 0 0 2.21093 2.09869 
146600 0.112051 0.0954093 1.99597 0 0 2.20331 2.09136 
146800 0.111773 0.0953908 1.98865 0 0 2.19569 2.08403 
147000 0.111495 0.0953722 1.98132 0 0 2.18808 2.0767 
147200 0.111217 0.0953537 1.97399 0 0 2.18046 2.06937 
147400 0.110939 0.0953352 1.96666 0 0 2.17285 2.06205 
147600 0.110673 0.0953155 1.95967 0 0 2.16557 2.05504 
147800 0.110417 0.0952948 1.95301 0 0 2.15863 2.04835 
148000 0.110161 0.095274 1.94634 0 0 2.15169 2.04167 
148200 0.109905 0.0952533 1.93968 0 0 2.14475 2.03498 
148400 0.109649 0.0952325 1.93302 0 0 2.13781 2.0283 
148600 0.109393 0.0952118 1.92636 0 0 2.13087 2.02161 
148800 0.109137 0.095191 1.91969 0 0 2.12393 2.01493 
149000 0.108881 0.0951703 1.91303 0 0 2.117 2.00824 
149200 0.108625 0.0951495 1.90637 0 0 2.11006 2.00156 
149400 0.10837 0.0951288 1.89971 0 0 2.10312 1.99487 
149600 0.108114 0.095108 1.89304 0 0 2.09618 1.98818 
149800 0.107858 0.0950873 1.88638 0 0 2.08924 1.9815 
150000 0.107602 0.0950666 1.87972 0 0 2.0823 1.97481 
150200 0.107328 0.0950377 1.87266 0 0 2.07495 1.96761 
150400 0.107054 0.0950089 1.8656 0 0 2.0676 1.96041 
150600 0.106812 0.0949897 1.85941 0 0 2.06115 1.95422 
150800 0.10657 0.0949705 1.85323 0 0 2.05469 1.94803 
151000 0.106328 0.0949513 1.84704 0 0 2.04824 1.94185 
151200 0.106086 0.0949321 1.84085 0 0 2.04178 1.93566 
151400 0.105844 0.0949129 1.83467 0 0 2.03533 1.92948 
151600 0.105602 0.0948937 1.82848 0 0 2.02887 1.92329 
151800 0.10536 0.0948744 1.8223 0 0 2.02242 1.9171 
152000 0.105118 0.0948552 1.81611 0 0 2.01596 1.91092 
152200 0.104876 0.094836 1.80992 0 0 2.00951 1.90473 
152400 0.104634 0.0948168 1.80374 0 0 2.00305 1.89855 
152600 0.104392 0.0947976 1.79755 0 0 1.9966 1.89236 
152800 0.10415 0.0947784 1.79137 0 0 1.99014 1.88617 
153000 0.103908 0.0947592 1.78518 0 0 1.98369 1.87999 
153200 0.103665 0.09474 1.77899 0 0 1.97723 1.8738 
153400 0.103423 0.0947208 1.77281 0 0 1.97078 1.86762 
153600 0.103189 0.0947016 1.76693 0 0 1.96465 1.8617 
153800 0.102955 0.0946823 1.76105 0 0 1.95852 1.85578 
154000 0.10272 0.0946631 1.75517 0 0 1.95239 1.84986 
154200 0.102486 0.0946439 1.74929 0 0 1.94627 1.84395 
154400 0.102252 0.0946247 1.74342 0 0 1.94014 1.83803 
154600 0.102017 0.0946055 1.73754 0 0 1.93401 1.83211 
154800 0.101783 0.0945863 1.73166 0 0 1.92788 1.8262 
155000 0.101548 0.0945671 1.72578 0 0 1.92175 1.82028 
155200 0.101314 0.0945479 1.7199 0 0 1.91562 1.81436 
155400 0.10108 0.0945286 1.71402 0 0 1.9095 1.80844 
155600 0.100845 0.0945094 1.70814 0 0 1.90337 1.80253 
155800 0.100611 0.0944902 1.70226 0 0 1.89724 1.79661 
156000 0.100377 0.094471 1.69639 0 0 1.89111 1.79069 
156200 0.100142 0.0944518 1.69051 0 0 1.88498 1.78478 
156400 0.0999078 0.0944326 1.68463 0 0 1.87885 1.77886 
156600 0.0996811 0.0944114 1.67904 0 0 1.87301 1.77325 
156800 0.0994544 0.0943903 1.67345 0 0 1.86717 1.76764 
157000 0.0992277 0.0943692 1.66786 0 0 1.86133 1.76203 
157200 0.099001 0.0943481 1.66227 0 0 1.85549 1.75642 
157400 0.0987743 0.0943269 1.65668 0 0 1.84965 1.75081 
157600 0.0985476 0.0943058 1.65109 0 0 1.84381 1.7452 
157800 0.0983209 0.0942847 1.6455 0 0 1.83797 1.73959 
158000 0.0980942 0.0942635 1.63991 0 0 1.83213 1.73398 
158200 0.0978676 0.0942424 1.63431 0 0 1.82629 1.72837 
158400 0.0976409 0.0942213 1.62872 0 0 1.82045 1.72276 
158600 0.0974142 0.0942001 1.62313 0 0 1.81461 1.71715 
158800 0.0971875 0.094179 1.61754 0 0 1.80877 1.71154 
159000 0.0969608 0.0941579 1.61195 0 0 1.80293 1.70593 
159200 0.0967341 0.0941367 1.60636 0 0 1.79709 1.70032 
159400 0.0965074 0.0941156 1.60077 0 0 1.79125 1.69471 
159600 0.0962955 0.0940952 1.59562 0 0 1.78588 1.68955 
159800 0.0960835 0.0940747 1.59047 0 0 1.78051 1.68438 
160000 0.0958716 0.0940543 1.58532 0 0 1.77513 1.67921 
160200 0.0956596 0.0940338 1.58017 0 0 1.76976 1.67404 
160400 0.0954477 0.0940133 1.57502 0 0 1.76439 1.66887 
160600 0.0952357 0.0939929 1.56987 0 0 1.75901 1.6637 
160800 0.0950238 0.0939724 1.56472 0 0 1.75364 1.65854 
161000 0.0948118 0.093952 1.55957 0 0 1.74827 1.65337 
161200 0.0945999 0.0939316 1.55442 0 0 1.74289 1.6482 
161400 0.094388 0.0939111 1.54927 0 0 1.73752 1.64303 
161600 0.094176 0.0938907 1.54412 0 0 1.73215 1.63786 
161800 0.0939641 0.0938702 1.53897 0 0 1.72678 1.63269 
162000 0.0937521 0.0938497 1.53382 0 0 1.7214 1.62753 
162200 0.0935402 0.0938293 1.52867 0 0 1.71603 1.62236 
162400 0.0933283 0.0938088 1.52352 0 0 1.71066 1.61719 
162600 0.0931232 0.0937878 1.51858 0 0 1.70549 1.61223 
162800 0.0929251 0.0937662 1.51384 0 0 1.70051 1.60747 
163000 0.092727 0.0937446 1.50911 0 0 1.69554 1.60272 
163200 0.0925289 0.093723 1.50437 0 0 1.69057 1.59796 
163400 0.0923308 0.0937014 1.49963 0 0 1.6856 1.59321 
163600 0.0921327 0.0936798 1.4949 0 0 1.68063 1.58845 
163800 0.0919345 0.0936581 1.49016 0 0 1.67566 1.5837 
164000 0.0917364 0.0936365 1.48542 0 0 1.67069 1.57894 
164200 0.0915383 0.0936149 1.48069 0 0 1.66572 1.57419 
164400 0.0913402 0.0935933 1.47595 0 0 1.66075 1.56943 
164600 0.0911421 0.0935717 1.47121 0 0 1.65578 1.56468 
164800 0.090944 0.0935501 1.46648 0 0 1.65081 1.55992 
165000 0.0907458 0.0935285 1.46174 0 0 1.64583 1.55517 
165200 0.0905477 0.0935069 1.457 0 0 1.64086 1.55041 
165400 0.0903496 0.0934852 1.45227 0 0 1.63589 1.54566 
165600 0.0901515 0.0934636 1.44753 0 0 1.63092 1.54091 
165800 0.089959 0.0934432 1.44298 0 0 1.62616 1.53634 
166000 0.0897721 0.093424 1.43861 0 0 1.6216 1.53195 
166200 0.0895853 0.0934048 1.43425 0 0 1.61704 1.52757 
166400 0.0893984 0.0933856 1.42988 0 0 1.61248 1.52319 
166600 0.0892115 0.0933664 1.42551 0 0 1.60792 1.5188 
166800 0.0890246 0.0933472 1.42115 0 0 1.60337 1.51442 
167000 0.0888378 0.0933279 1.41678 0 0 1.59881 1.51003 
167200 0.0886509 0.0933087 1.41242 0 0 1.59425 1.50565 
167400 0.088464 0.0932895 1.40805 0 0 1.58969 1.50127 
167600 0.0882772 0.0932703 1.40368 0 0 1.58513 1.49688 
167800 0.0880903 0.0932511 1.39932 0 0 1.58057 1.4925 
168000 0.0879034 0.0932319 1.39495 0 0 1.57602 1.48812 
168200 0.0877165 0.0932127 1.39058 0 0 1.57146 1.48373 
168400 0.0875297 0.0931935 1.38622 0 0 1.5669 1.47935 
168600 0.0873428 0.0931742 1.38185 0 0 1.56234 1.47497 
168800 0.0871559 0.093155 1.37749 0 0 1.55778 1.47058 
169000 0.086969 0.0931358 1.37312 0 0 1.55322 1.4662 
169200 0.0867892 0.0931149 1.36896 0 0 1.54886 1.46202 
169400 0.0866093 0.0930939 1.36481 0 0 1.54449 1.45785 
169600 0.0864294 0.093073 1.36065 0 0 1.54013 1.45368 
169800 0.0862495 0.093052 1.35649 0 0 1.53576 1.4495 
170000 0.0860696 0.093031 1.35234 0 0 1.53139 1.44533 
170200 0.0858897 0.0930101 1.34818 0 0 1.52703 1.44115 
170400 0.0857098 0.0929891 1.34402 0 0 1.52266 1.43698 
170600 0.08553 0.0929682 1.33987 0 0 1.5183 1.43281 
170800 0.0853501 0.0929472 1.33571 0 0 1.51393 1.42863 
171000 0.0851702 0.0929263 1.33155 0 0 1.50956 1.42446 
171200 0.0849903 0.0929053 1.3274 0 0 1.5052 1.42028 
171400 0.0848104 0.0928843 1.32324 0 0 1.50083 1.41611 
171600 0.0846305 0.0928634 1.31908 0 0 1.49646 1.41193 
171800 0.0844506 0.0928424 1.31493 0 0 1.4921 1.40776 
172000 0.0842707 0.0928215 1.31077 0 0 1.48773 1.40359 
172200 0.0840909 0.0928005 1.30661 0 0 1.48337 1.39941 
172400 0.0839136 0.0927787 1.30256 0 0 1.47911 1.39534 
172600 0.0837389 0.092756 1.29862 0 0 1.47497 1.39138 
172800 0.0835643 0.0927333 1.29467 0 0 1.47083 1.38741 
173000 0.0833897 0.0927106 1.29072 0 0 1.4667 1.38345 
173200 0.083215 0.0926879 1.28677 0 0 1.46256 1.37949 
173400 0.0830404 0.0926652 1.28283 0 0 1.45842 1.37552 
173600 0.0828657 0.0926425 1.27888 0 0 1.45428 1.37156 
173800 0.0826911 0.0926197 1.27493 0 0 1.45014 1.36759 
174000 0.0825164 0.092597 1.27099 0 0 1.446 1.36363 
174200 0.0823418 0.0925743 1.26704 0 0 1.44186 1.35966 
174400 0.0821671 0.0925516 1.26309 0 0 1.43772 1.3557 
174600 0.0819925 0.0925289 1.25914 0 0 1.43358 1.35173 
174800 0.0818178 0.0925062 1.2552 0 0 1.42944 1.34777 
175000 0.0816432 0.0924835 1.25125 0 0 1.4253 1.34381 
175200 0.0814685 0.0924608 1.2473 0 0 1.42116 1.33984 
175400 0.0812939 0.0924381 1.24336 0 0 1.41703 1.33588 
175600 0.0811192 0.0924154 1.23941 0 0 1.41289 1.33191 
175800 0.0809612 0.0923957 1.23587 0 0 1.40918 1.32835 
176000 0.0808031 0.0923759 1.23233 0 0 1.40548 1.3248 
176200 0.080645 0.0923561 1.22879 0 0 1.40177 1.32124 
176400 0.0804869 0.0923364 1.22525 0 0 1.39807 1.31768 
176600 0.0803288 0.0923166 1.22171 0 0 1.39436 1.31413 
176800 0.0801708 0.0922969 1.21817 0 0 1.39066 1.31057 
177000 0.0800127 0.0922771 1.21463 0 0 1.38695 1.30701 
177200 0.0798546 0.0922573 1.21109 0 0 1.38325 1.30346 
177400 0.0796965 0.0922376 1.20755 0 0 1.37954 1.2999 
177600 0.0795384 0.0922178 1.20401 0 0 1.37584 1.29634 
177800 0.0793803 0.0921981 1.20047 0 0 1.37213 1.29279 
178000 0.0792223 0.0921783 1.19693 0 0 1.36843 1.28923 
178200 0.0790642 0.0921585 1.19339 0 0 1.36472 1.28567 
178400 0.0789061 0.0921388 1.18984 0 0 1.36102 1.28212 
178600 0.078748 0.092119 1.1863 0 0 1.35731 1.27856 
178800 0.0785899 0.0920992 1.18276 0 0 1.35361 1.275 
179000 0.0784319 0.0920795 1.17922 0 0 1.3499 1.27145 
179200 0.0782763 0.0920589 1.17577 0 0 1.34628 1.26797 
179400 0.0781231 0.0920375 1.17241 0 0 1.34274 1.26458 
179600 0.07797 0.0920161 1.16906 0 0 1.3392 1.26119 
179800 0.0778168 0.0919947 1.1657 0 0 1.33566 1.25779 
180000 0.0776637 0.0919733 1.16234 0 0 1.33212 1.2544 
180200 0.0775106 0.0919519 1.15898 0 0 1.32858 1.25101 
180400 0.0773574 0.0919305 1.15562 0 0 1.32504 1.24762 
180600 0.0772043 0.0919091 1.15226 0 0 1.3215 1.24423 
180800 0.0770511 0.0918877 1.1489 0 0 1.31796 1.24083 
181000 0.076898 0.0918662 1.14554 0 0 1.31442 1.23744 
181200 0.0767448 0.0918448 1.14218 0 0 1.31088 1.23405 
181400 0.0765917 0.0918234 1.13882 0 0 1.30733 1.23066 
181600 0.0764386 0.091802 1.13546 0 0 1.30379 1.22727 
181800 0.0762854 0.0917806 1.1321 0 0 1.30025 1.22387 
182000 0.0761323 0.0917592 1.12875 0 0 1.29671 1.22048 
182200 0.0759791 0.0917378 1.12539 0 0 1.29317 1.21709 
182400 0.075826 0.0917164 1.12203 0 0 1.28963 1.2137 
182600 0.0756729 0.091695 1.11867 0 0 1.28609 1.2103 
182800 0.0755247 0.0916752 1.11547 0 0 1.28273 1.20709 
183000 0.0753765 0.0916555 1.11228 0 0 1.27937 1.20388 
183200 0.0752283 0.0916357 1.10908 0 0 1.27602 1.20067 
183400 0.0750801 0.091616 1.10589 0 0 1.27266 1.19746 
183600 0.0749319 0.0915962 1.10269 0 0 1.2693 1.19425 
183800 0.0747837 0.0915764 1.0995 0 0 1.26594 1.19104 
184000 0.0746355 0.0915567 1.09631 0 0 1.26258 1.18783 
184200 0.0744873 0.0915369 1.09311 0 0 1.25922 1.18462 
184400 0.0743391 0.0915172 1.08992 0 0 1.25586 1.18141 
184600 0.0741909 0.0914974 1.08672 0 0 1.2525 1.17819 
184800 0.0740427 0.0914776 1.08353 0 0 1.24914 1.17498 
185000 0.0738945 0.0914579 1.08033 0 0 1.24578 1.17177 
185200 0.0737463 0.0914381 1.07714 0 0 1.24242 1.16856 
185400 0.0735981 0.0914184 1.07394 0 0 1.23906 1.16535 
185600 0.0734499 0.0913986 1.07075 0 0 1.2357 1.16214 
185800 0.0733017 0.0913788 1.06755 0 0 1.23235 1.15893 
186000 0.0731535 0.0913591 1.06436 0 0 1.22899 1.15572 
186200 0.0730116 0.0913391 1.06133 0 0 1.2258 1.15267 
186400 0.0728761 0.0913188 1.05846 0 0 1.22277 1.14979 
186600 0.0727406 0.0912986 1.0556 0 0 1.21975 1.14691 
186800 0.0726051 0.0912783 1.05273 0 0 1.21673 1.14403 
187000 0.0724695 0.0912581 1.04987 0 0 1.21371 1.14114 
187200 0.072334 0.0912378 1.047 0 0 1.21069 1.13826 
187400 0.0721985 0.0912176 1.04413 0 0 1.20766 1.13538 
187600 0.072063 0.0911973 1.04127 0 0 1.20464 1.1325 
187800 0.0719275 0.0911771 1.0384 0 0 1.20162 1.12962 
188000 0.0717919 0.0911568 1.03553 0 0 1.1986 1.12674 
188200 0.0716564 0.0911366 1.03267 0 0 1.19558 1.12385 
188400 0.0715209 0.0911163 1.0298 0 0 1.19256 1.12097 
188600 0.0713854 0.0910961 1.02694 0 0 1.18953 1.11809 
188800 0.0712499 0.0910758 1.02407 0 0 1.18651 1.11521 
189000 0.0711144 0.0910556 1.0212 0 0 1.18349 1.11233 
189200 0.0709788 0.0910353 1.01834 0 0 1.18047 1.10945 
189400 0.0708433 0.0910151 1.01547 0 0 1.17745 1.10656 
189600 0.0707078 0.0909948 1.01261 0 0 1.17442 1.10368 
189800 0.0705723 0.0909746 1.00974 0 0 1.1714 1.1008 
190000 0.0704415 0.0909528 1.00701 0 0 1.16852 1.09806 
190200 0.0703106 0.090931 1.00429 0 0 1.16564 1.09532 
190400 0.0701798 0.0909092 1.00156 0 0 1.16276 1.09258 
190600 0.0700489 0.0908873 0.998836 0 0 1.15988 1.08984 
190800 0.0699181 0.0908655 0.99611 0 0 1.15699 1.08709 
191000 0.0697872 0.0908437 0.993385 0 0 1.15411 1.08435 
191200 0.0696564 0.0908219 0.990659 0 0 1.15123 1.08161 
191400 0.0695255 0.0908001 0.987933 0 0 1.14835 1.07887 
191600 0.0693947 0.0907783 0.985207 0 0 1.14547 1.07613 
191800 0.0692639 0.0907565 0.982481 0 0 1.14259 1.07339 
192000 0.069133 0.0907347 0.979755 0 0 1.1397 1.07064 
192200 0.0690022 0.0907129 0.977029 0 0 1.13682 1.0679 
192400 0.0688713 0.0906911 0.974303 0 0 1.13394 1.06516 
192600 0.0687405 0.0906693 0.971577 0 0 1.13106 1.06242 
192800 0.0686096 0.0906475 0.968851 0 0 1.12818 1.05968 
193000 0.0684788 0.0906257 0.966125 0 0 1.1253 1.05694 
193200 0.0683479 0.0906039 0.963399 0 0 1.12241 1.0542 
193400 0.0682171 0.090582 0.960674 0 0 1.11953 1.05145 
193600 0.0680903 0.0905613 0.958052 0 0 1.11676 1.04881 
193800 0.0679674 0.0905416 0.955534 0 0 1.11411 1.04626 
194000 0.0678446 0.0905218 0.953016 0 0 1.11146 1.04371 
194200 0.0677217 0.0905021 0.950499 0 0 1.1088 1.04117 
194400 0.0675989 0.0904824 0.947981 0 0 1.10615 1.03862 
194600 0.067476 0.0904627 0.945463 0 0 1.10349 1.03607 
194800 0.0673532 0.090443 0.942946 0 0 1.10084 1.03352 
195000 0.0672303 0.0904233 0.940428 0 0 1.09818 1.03097 
195200 0.0671075 0.0904035 0.93791 0 0 1.09553 1.02843 
195400 0.0669846 0.0903838 0.935393 0 0 1.09288 1.02588 
195600 0.0668618 0.0903641 0.932875 0 0 1.09022 1.02333 
195800 0.0667389 0.0903444 0.930357 0 0 1.08757 1.02078 
196000 0.0666161 0.0903247 0.92784 0 0 1.08491 1.01823 
196200 0.0664932 0.090305 0.925322 0 0 1.08226 1.01569 
196400 0.0663704 0.0902852 0.922804 0 0 1.07961 1.01314 
196600 0.0662475 0.0902655 0.920287 0 0 1.07695 1.01059 
196800 0.0661247 0.0902458 0.917769 0 0 1.0743 1.00804 
197000 0.0660018 0.0902261 0.915251 0 0 1.07164 1.00549 
197200 0.065879 0.0902064 0.912734 0 0 1.06899 1.00295 
197400 0.0657578 0.0901859 0.910279 0 0 1.06639 1.00047 
197600 0.0656382 0.0901645 0.907889 0 0 1.06385 0.998053 
197800 0.0655187 0.0901432 0.905498 0 0 1.06131 0.995641 
198000 0.0653991 0.0901218 0.903107 0 0 1.05877 0.993229 
198200 0.0652796 0.0901005 0.900717 0 0 1.05623 0.990817 
198400 0.0651601 0.0900791 0.898326 0 0 1.05369 0.988405 
198600 0.0650405 0.0900578 0.895935 0 0 1.05115 0.985993 
198800 0.064921 0.0900364 0.893544 0 0 1.04861 0.983581 
199000 0.0648015 0.0900151 0.891154 0 0 1.04607 0.981169 
199200 0.0646819 0.0899937 0.888763 0 0 1.04353 0.978757 
199400 0.0645624 0.0899724 0.886372 0 0 1.04099 0.976344 
199600 0.0644429 0.089951 0.883981 0 0 1.03845 0.973932 
199800 0.0643233 0.0899297 0.881591 0 0 1.03591 0.97152 
200000 0.0642038 0.0899084 0.8792 0 0 1.03337 0.969108 
