1000 1.07957 0.013232 2403.01 0 0 2403.98 2403.01 
1200 1.03383 0.0180717 1449.38 0 0 1450.59 1449.38 
1400 0.989286 0.0233355 941.072 0 0 942.127 941.096 
1600 0.942471 0.0287826 644.328 0 0 645.356 644.493 
1800 0.894044 0.0342625 459.449 0 0 460.365 459.612 
2000 0.845894 0.0397129 337.921 0 0 338.916 337.945 
2200 0.799114 0.0450473 255.69 0 0 256.515 255.734 
2400 0.754447 0.0502197 197.95 0 0 198.751 197.998 
2600 0.712059 0.0551797 156.179 0 0 156.921 156.227 
2800 0.672087 0.0599474 125.206 0 0 125.953 125.298 
3000 0.634736 0.0644491 101.82 0 0 102.519 101.876 
3200 0.599634 0.0687056 83.8671 0 0 84.5281 83.9437 
3400 0.567034 0.0727229 69.8717 0 0 70.5043 69.9299 
3600 0.53674 0.0764758 58.7394 0 0 59.359 58.8219 
3800 0.508841 0.0800131 49.8468 0 0 50.4406 49.9317 
4000 0.482737 0.0833276 42.6247 0 0 43.1901 42.7121 
4200 0.458707 0.0864277 36.7371 0 0 37.2919 36.8264 
4400 0.436516 0.0893212 31.8669 0 0 32.3968 31.9567 
4600 0.415783 0.0920411 27.7849 0 0 28.2928 27.8771 
4800 0.396794 0.0946013 24.3722 0 0 24.8641 24.4693 
5000 0.379124 0.0970133 21.4871 0 0 21.9627 21.5841 
5200 0.362817 0.0992816 19.0425 0 0 19.5049 19.1406 
5400 0.347499 0.101427 16.9381 0 0 17.3881 17.04 
5600 0.333365 0.103454 15.1293 0 0 15.5681 15.2336 
5800 0.320153 0.105388 13.5673 0 0 13.995 13.6738 
6000 0.307832 0.107205 12.2043 0 0 12.6188 12.3116 
6200 0.296391 0.108926 11.0244 0 0 11.4301 11.1339 
6400 0.285606 0.110601 9.97753 0 0 10.3754 10.0883 
6600 0.275534 0.112157 9.0659 0 0 9.45428 9.17872 
6800 0.26606 0.113665 8.25338 0 0 8.63259 8.36571 
7000 0.25717 0.115094 7.53743 0 0 7.9112 7.65249 
7200 0.248764 0.116482 6.89492 0 0 7.26088 7.01302 
7400 0.24088 0.117771 6.33007 0 0 6.68878 6.44739 
7600 0.233366 0.119058 5.81768 0 0 6.16956 5.93674 
7800 0.226351 0.120237 5.36236 0 0 5.70904 5.48179 
8000 0.219627 0.121424 4.947 0 0 5.28793 5.06954 
8200 0.213309 0.122538 4.57822 0 0 4.91352 4.70033 
8400 0.207257 0.123651 4.24156 0 0 4.57039 4.36482 
8600 0.201529 0.124684 3.93693 0 0 4.26404 4.06124 
8800 0.19609 0.125693 3.6599 0 0 3.98298 3.78652 
9000 0.190896 0.126678 3.40895 0 0 3.72674 3.536 
9200 0.18593 0.127624 3.17894 0 0 3.49197 3.30643 
9400 0.181166 0.12854 2.96887 0 0 3.27879 3.09728 
9600 0.176597 0.129461 2.77584 0 0 3.0822 2.90532 
9800 0.17224 0.13032 2.59882 0 0 2.90132 2.72909 
10000 0.168063 0.131155 2.43674 0 0 2.73617 2.56777 
10200 0.164156 0.131956 2.2909 0 0 2.58694 2.42266 
10400 0.160119 0.132793 2.14717 0 0 2.44016 2.27994 
10600 0.156537 0.133533 2.02423 0 0 2.31444 2.15769 
10800 0.153024 0.134296 1.90844 0 0 2.19566 2.04283 
11000 0.149577 0.135036 1.79925 0 0 2.08368 1.93412 
11200 0.146175 0.135755 1.69602 0 0 1.97788 1.83177 
11400 0.142984 0.136462 1.60262 0 0 1.88204 1.73907 
11600 0.139964 0.137114 1.51749 0 0 1.79456 1.65458 
11800 0.136961 0.137777 1.43548 0 0 1.7103 1.57335 
12000 0.134075 0.138432 1.35974 0 0 1.6323 1.49831 
12200 0.131314 0.139061 1.29005 0 0 1.56035 1.42917 
12400 0.128565 0.139681 1.22265 0 0 1.49086 1.36239 
12600 0.126022 0.140224 1.16301 0 0 1.42932 1.30338 
12800 0.123457 0.140825 1.10466 0 0 1.36894 1.24543 
13000 0.120974 0.141414 1.05041 0 0 1.31267 1.19175 
13200 0.118596 0.14197 1.00011 0 0 1.2605 1.142 
13400 0.116308 0.142492 0.95298 0 0 1.21164 1.09531 
13600 0.114068 0.143015 0.908182 0 0 1.16516 1.05111 
13800 0.111914 0.143521 0.86704 0 0 1.12244 1.01055 
14000 0.109802 0.144016 0.827757 0 0 1.08157 0.971842 
14200 0.107733 0.144498 0.790237 0 0 1.04247 0.934866 
14400 0.105758 0.144966 0.755832 0 0 1.00658 0.900824 
14600 0.103808 0.145434 0.722883 0 0 0.972136 0.868239 
14800 0.101898 0.145889 0.69137 0 0 0.939132 0.837158 
15000 0.100047 0.146321 0.661622 0 0 0.907893 0.807967 
15200 0.0982593 0.146746 0.634241 0 0 0.87929 0.780902 
15400 0.0964916 0.147158 0.607782 0 0 0.851427 0.754862 
15600 0.0947931 0.147562 0.582611 0 0 0.825058 0.730192 
15800 0.0931763 0.147954 0.559653 0 0 0.800792 0.707573 
16000 0.0915701 0.14834 0.537357 0 0 0.777237 0.685655 
16200 0.0899732 0.148715 0.515879 0 0 0.754584 0.664631 
16400 0.088403 0.149091 0.495517 0 0 0.733075 0.644604 
16600 0.0868792 0.14946 0.476091 0 0 0.712487 0.625484 
16800 0.0854527 0.149813 0.458384 0 0 0.693575 0.608072 
17000 0.0840357 0.150147 0.44128 0 0 0.675456 0.591348 
17200 0.0826239 0.15047 0.4245 0 0 0.657764 0.574995 
17400 0.0812562 0.150808 0.408794 0 0 0.640984 0.559568 
17600 0.0799208 0.151135 0.393698 0 0 0.624846 0.544794 
17800 0.0786451 0.15144 0.379735 0 0 0.609898 0.531233 
18000 0.0773894 0.151729 0.366362 0 0 0.595541 0.518171 
18200 0.076147 0.152006 0.353384 0 0 0.581578 0.505442 
18400 0.0749235 0.152295 0.341006 0 0 0.568204 0.493314 
18600 0.0737134 0.152583 0.328865 0 0 0.555086 0.481422 
18800 0.0725946 0.152846 0.3179 0 0 0.543334 0.470692 
19000 0.0714777 0.153105 0.307118 0 0 0.531742 0.460153 
19200 0.0703667 0.153354 0.296887 0 0 0.520633 0.450185 
19400 0.0692699 0.153603 0.286903 0 0 0.509775 0.440473 
19600 0.0681944 0.153852 0.277289 0 0 0.499295 0.431148 
19800 0.0671593 0.154085 0.268201 0 0 0.489395 0.422293 
20000 0.0661574 0.154304 0.259543 0 0 0.479971 0.413823 
20200 0.0651743 0.154511 0.251381 0 0 0.471064 0.405922 
20400 0.0641949 0.154735 0.243317 0 0 0.462204 0.398132 
20600 0.0632441 0.154948 0.2357 0 0 0.453858 0.390753 
20800 0.0623087 0.155154 0.228324 0 0 0.44579 0.383595 
21000 0.0614089 0.155349 0.221348 0 0 0.438134 0.37675 
21200 0.0605282 0.155539 0.21459 0 0 0.430701 0.370074 
21400 0.059665 0.155725 0.20817 0 0 0.423561 0.363819 
21600 0.0588134 0.15591 0.201977 0 0 0.416616 0.357845 
21800 0.0579762 0.156084 0.195974 0 0 0.409937 0.352016 
22000 0.0571535 0.156245 0.190162 0 0 0.403524 0.346331 
22200 0.0563457 0.156406 0.184534 0 0 0.397284 0.340861 
22400 0.0555601 0.156564 0.179185 0 0 0.391302 0.335714 
22600 0.054781 0.156721 0.173948 0 0 0.385454 0.330669 
22800 0.0540211 0.156875 0.169051 0 0 0.380005 0.325926 
23000 0.0532633 0.157029 0.164174 0 0 0.374575 0.321203 
23200 0.0525472 0.157169 0.159676 0 0 0.369506 0.316846 
23400 0.0518311 0.157309 0.155179 0 0 0.364438 0.312489 
23600 0.051141 0.157439 0.15098 0 0 0.359677 0.308418 
23800 0.0504573 0.157565 0.146855 0 0 0.354992 0.30442 
24000 0.0497887 0.157685 0.142897 0 0 0.350466 0.300583 
24200 0.049135 0.157799 0.139106 0 0 0.346098 0.296907 
24400 0.0484876 0.157912 0.13536 0 0 0.341785 0.293276 
24600 0.0478749 0.158023 0.131866 0 0 0.337781 0.289899 
24800 0.0472622 0.158135 0.128372 0 0 0.333778 0.286522 
25000 0.0466525 0.158246 0.125043 0 0 0.329941 0.283296 
25200 0.0460438 0.158357 0.121769 0 0 0.326159 0.280122 
25400 0.0454491 0.15846 0.11861 0 0 0.322502 0.277059 
25600 0.0448803 0.158547 0.115665 0 0 0.319076 0.274206 
25800 0.0443116 0.158635 0.11272 0 0 0.31565 0.271352 
26000 0.043756 0.158722 0.109918 0 0 0.312388 0.268639 
26200 0.0432027 0.158809 0.10714 0 0 0.309156 0.26595 
26400 0.0426648 0.158892 0.104458 0 0 0.306023 0.263353 
26600 0.0421552 0.158967 0.101956 0 0 0.303074 0.260927 
26800 0.0416456 0.159041 0.0994539 0 0 0.300125 0.2585 
27000 0.0411395 0.159116 0.0970701 0 0 0.297308 0.256186 
27200 0.0406346 0.159191 0.0947257 0 0 0.294537 0.253908 
27400 0.0401347 0.159262 0.0924141 0 0 0.291802 0.251665 
27600 0.0396629 0.159316 0.0902886 0 0 0.289276 0.249616 
27800 0.039191 0.15937 0.0881631 0 0 0.286751 0.247567 
28000 0.0387249 0.159428 0.0861004 0 0 0.284282 0.245567 
28200 0.0382656 0.159491 0.0841142 0 0 0.281883 0.243625 
28400 0.0378064 0.159554 0.082128 0 0 0.279483 0.241684 
28600 0.0373692 0.159602 0.080275 0 0 0.277245 0.239886 
28800 0.0369393 0.159646 0.0784663 0 0 0.275061 0.238135 
29000 0.0365095 0.159689 0.0766577 0 0 0.272877 0.236385 
29200 0.0361062 0.159732 0.0749949 0 0 0.270843 0.234752 
29400 0.0357043 0.159774 0.0733397 0 0 0.268817 0.233126 
29600 0.0353023 0.159817 0.0716927 0 0 0.2668 0.23151 
29800 0.0348991 0.159863 0.0701189 0 0 0.26487 0.229985 
30000 0.0344958 0.159909 0.0685451 0 0 0.262941 0.228459 
30200 0.0341064 0.159942 0.0670477 0 0 0.261095 0.226996 
30400 0.033733 0.159975 0.0656296 0 0 0.259343 0.225606 
30600 0.0333595 0.160008 0.0642115 0 0 0.257591 0.224215 
30800 0.0329911 0.160038 0.0628269 0 0 0.255872 0.222859 
31000 0.0326344 0.160062 0.0615207 0 0 0.25423 0.221581 
31200 0.0322777 0.160087 0.0602144 0 0 0.252588 0.220303 
31400 0.0319275 0.160108 0.0589458 0 0 0.250988 0.219058 
31600 0.0315925 0.160124 0.0577655 0 0 0.249485 0.217892 
31800 0.0312574 0.16014 0.056585 0 0 0.247982 0.216726 
32000 0.0309245 0.160157 0.0554181 0 0 0.246496 0.215574 
32200 0.0305996 0.16018 0.054305 0 0 0.24508 0.214478 
32400 0.0302748 0.160204 0.0531919 0 0 0.243663 0.213382 
32600 0.0299518 0.160225 0.0520888 0 0 0.242257 0.212296 
32800 0.0296454 0.160225 0.0510749 0 0 0.240945 0.211295 
33000 0.0293391 0.160225 0.0500611 0 0 0.239633 0.210294 
33200 0.0290327 0.160225 0.0490473 0 0 0.238321 0.209293 
33400 0.0287387 0.160238 0.0481039 0 0 0.237095 0.208359 
33600 0.028446 0.160253 0.0471684 0 0 0.235878 0.207434 
33800 0.0281533 0.160268 0.0462328 0 0 0.234661 0.206508 
34000 0.0278697 0.160273 0.0453467 0 0 0.233489 0.205624 
34200 0.0275911 0.160273 0.0444871 0 0 0.232342 0.204764 
34400 0.0273124 0.160273 0.0436275 0 0 0.231195 0.203904 
34600 0.0270393 0.160271 0.0427923 0 0 0.230082 0.203067 
34800 0.0267767 0.160264 0.0420022 0 0 0.229033 0.202275 
35000 0.026514 0.160257 0.0412122 0 0 0.227984 0.201483 
35200 0.0262514 0.16025 0.0404221 0 0 0.226935 0.200691 
35400 0.0259955 0.160236 0.039687 0 0 0.225933 0.199939 
35600 0.02574 0.160221 0.0389547 0 0 0.224934 0.19919 
35800 0.0254845 0.160207 0.0382225 0 0 0.223935 0.198441 
36000 0.0252395 0.160197 0.0375268 0 0 0.222981 0.197731 
36200 0.025003 0.16019 0.036861 0 0 0.222065 0.197054 
36400 0.0247665 0.160183 0.0361953 0 0 0.221149 0.196378 
36600 0.02453 0.160176 0.0355295 0 0 0.220233 0.195701 
36800 0.0242996 0.160163 0.0349116 0 0 0.219365 0.195065 
37000 0.0240693 0.160149 0.0342937 0 0 0.218497 0.19443 
37200 0.0238389 0.160135 0.0336758 0 0 0.217629 0.193794 
37400 0.023615 0.160119 0.0330804 0 0 0.216793 0.193181 
37600 0.0233989 0.160099 0.0325127 0 0 0.215995 0.192596 
37800 0.0231829 0.160079 0.0319449 0 0 0.215197 0.192011 
38000 0.0229668 0.160059 0.0313772 0 0 0.214399 0.191426 
38200 0.02276 0.160034 0.0308464 0 0 0.213639 0.190874 
38400 0.0225555 0.160008 0.0303249 0 0 0.212889 0.190331 
38600 0.0223511 0.159983 0.0298033 0 0 0.212138 0.189787 
38800 0.0221469 0.159957 0.0292836 0 0 0.211389 0.189245 
39000 0.0219489 0.159931 0.0287989 0 0 0.210678 0.188734 
39200 0.0217509 0.159905 0.0283143 0 0 0.209966 0.188223 
39400 0.0215529 0.159879 0.0278296 0 0 0.209254 0.187712 
39600 0.0213583 0.159851 0.0273568 0 0 0.20856 0.187211 
39800 0.0211715 0.15982 0.0269116 0 0 0.207905 0.186737 
40000 0.0209848 0.159788 0.0264663 0 0 0.207251 0.186262 
40200 0.0208028 0.159758 0.0260387 0 0 0.206599 0.185792 
40400 0.0206231 0.159727 0.0256196 0 0 0.205962 0.185335 
40600 0.0204468 0.159697 0.0252136 0 0 0.205348 0.184899 
40800 0.0202705 0.159666 0.0248075 0 0 0.204734 0.184463 
41000 0.0200941 0.159635 0.0244014 0 0 0.204119 0.184027 
41200 0.019921 0.159599 0.0240089 0 0 0.203522 0.183601 
41400 0.0197518 0.159557 0.0236327 0 0 0.202946 0.183189 
41600 0.0195825 0.159514 0.0232566 0 0 0.202369 0.182776 
41800 0.0194133 0.159472 0.0228805 0 0 0.201793 0.182363 
42000 0.0192485 0.159432 0.0225192 0 0 0.201231 0.181966 
42200 0.0190893 0.159397 0.0221759 0 0 0.200687 0.181587 
42400 0.0189301 0.159361 0.0218327 0 0 0.200142 0.181209 
42600 0.0187709 0.159326 0.0214894 0 0 0.199598 0.18083 
42800 0.018614 0.159288 0.0211545 0 0 0.199064 0.180457 
43000 0.0184614 0.159248 0.0208353 0 0 0.198549 0.180094 
43200 0.0183088 0.159207 0.020516 0 0 0.198035 0.179732 
43400 0.0181562 0.159166 0.0201968 0 0 0.19752 0.179369 
43600 0.0180055 0.159124 0.0198837 0 0 0.197014 0.179013 
43800 0.0178628 0.159079 0.0195953 0 0 0.19654 0.17868 
44000 0.01772 0.159034 0.019307 0 0 0.196066 0.178347 
44200 0.0175772 0.158988 0.0190186 0 0 0.195592 0.178014 
44400 0.0174345 0.158943 0.0187302 0 0 0.195118 0.177681 
44600 0.0172957 0.158898 0.0184576 0 0 0.194664 0.177363 
44800 0.0171575 0.158853 0.0181867 0 0 0.194212 0.177047 
45000 0.0170192 0.158808 0.0179159 0 0 0.193761 0.176731 
45200 0.016881 0.158763 0.017645 0 0 0.193309 0.176415 
45400 0.0167485 0.158719 0.0173894 0 0 0.192874 0.176112 
45600 0.0166198 0.158675 0.017144 0 0 0.192448 0.175818 
45800 0.0164911 0.158631 0.0168987 0 0 0.192023 0.175523 
46000 0.0163624 0.158588 0.0166533 0 0 0.191598 0.175229 
46200 0.0162344 0.158542 0.0164106 0 0 0.191176 0.174937 
46400 0.0161104 0.158489 0.016183 0 0 0.190777 0.174662 
46600 0.0159864 0.158435 0.0159555 0 0 0.190378 0.174387 
46800 0.0158623 0.158381 0.0157279 0 0 0.189979 0.174112 
47000 0.0157383 0.158327 0.0155004 0 0 0.18958 0.173837 
47200 0.0156191 0.158277 0.0152851 0 0 0.189197 0.173573 
47400 0.0155025 0.15823 0.0150765 0 0 0.188823 0.173314 
47600 0.015386 0.158182 0.0148678 0 0 0.188448 0.173056 
47800 0.0152694 0.158135 0.0146592 0 0 0.188073 0.172797 
48000 0.0151531 0.158087 0.0144514 0 0 0.1877 0.172539 
48200 0.0150415 0.158035 0.0142592 0 0 0.187344 0.172292 
48400 0.01493 0.157984 0.0140671 0 0 0.186987 0.172044 
48600 0.0148185 0.157932 0.0138749 0 0 0.186631 0.171796 
48800 0.014707 0.15788 0.0136828 0 0 0.186275 0.171548 
49000 0.0145977 0.157829 0.0134962 0 0 0.185927 0.171307 
49200 0.0144926 0.157779 0.0133202 0 0 0.185593 0.17108 
49400 0.0143874 0.157728 0.0131442 0 0 0.185259 0.170852 
49600 0.0142823 0.157678 0.0129682 0 0 0.184926 0.170625 
49800 0.0141771 0.157627 0.0127921 0 0 0.184592 0.170397 
50000 0.014074 0.157556 0.0126195 0 0 0.184248 0.170174 
50200 0.0139735 0.157499 0.0124569 0 0 0.183932 0.169959 
50400 0.0138731 0.157443 0.0122943 0 0 0.183616 0.169745 
50600 0.0137726 0.157386 0.0121318 0 0 0.1833 0.16953 
50800 0.0136722 0.15733 0.0119692 0 0 0.182984 0.169316 
51000 0.0135758 0.157276 0.0118164 0 0 0.182678 0.169106 
51200 0.0134812 0.157222 0.0116679 0 0 0.182377 0.168897 
51400 0.0133865 0.157169 0.0115193 0 0 0.182076 0.168688 
51600 0.0132919 0.157116 0.0113708 0 0 0.181776 0.16848 
51800 0.0131973 0.157062 0.0112222 0 0 0.181475 0.168271 
52000 0.0131056 0.157002 0.0110811 0 0 0.181183 0.168074 
52200 0.0130153 0.15694 0.0109432 0 0 0.180894 0.167882 
52400 0.012925 0.156877 0.0108053 0 0 0.180606 0.167689 
52600 0.0128346 0.156815 0.0106674 0 0 0.180318 0.167497 
52800 0.0127443 0.156753 0.0105295 0 0 0.180029 0.167305 
53000 0.0126578 0.156697 0.0103994 0 0 0.179759 0.167119 
53200 0.0125733 0.156646 0.0102734 0 0 0.179497 0.166937 
53400 0.0124889 0.156595 0.0101475 0 0 0.179236 0.166755 
53600 0.0124044 0.156543 0.0100215 0 0 0.178975 0.166573 
53800 0.0123199 0.156492 0.00989558 0 0 0.178713 0.166391 
54000 0.0122367 0.156437 0.00977387 0 0 0.178451 0.16621 
54200 0.0121549 0.156377 0.00965735 0 0 0.178188 0.16603 
54400 0.012073 0.156317 0.00954082 0 0 0.177924 0.16585 
54600 0.0119912 0.156256 0.0094243 0 0 0.177661 0.165669 
54800 0.0119094 0.156196 0.00930779 0 0 0.177397 0.165489 
55000 0.0118286 0.156137 0.00919303 0 0 0.177138 0.165311 
55200 0.0117514 0.156078 0.00908536 0 0 0.176898 0.165144 
55400 0.0116743 0.156019 0.00897768 0 0 0.176658 0.164976 
55600 0.0115972 0.15596 0.00887001 0 0 0.176417 0.164808 
55800 0.0115201 0.155901 0.00876233 0 0 0.176177 0.16464 
56000 0.011443 0.155842 0.00865466 0 0 0.175936 0.164472 
56200 0.01137 0.15578 0.00855525 0 0 0.175702 0.164316 
56400 0.0112976 0.155719 0.00845731 0 0 0.175468 0.164161 
56600 0.0112253 0.155657 0.00835937 0 0 0.175234 0.164007 
56800 0.0111529 0.155595 0.00826142 0 0 0.175 0.163853 
57000 0.0110805 0.155533 0.00816348 0 0 0.174766 0.163698 
57200 0.0110092 0.15547 0.00806818 0 0 0.174537 0.163545 
57400 0.0109399 0.155405 0.00797779 0 0 0.174316 0.163393 
57600 0.0108706 0.15534 0.0078874 0 0 0.174095 0.163241 
57800 0.0108013 0.155275 0.00779701 0 0 0.173874 0.16309 
58000 0.0107319 0.15521 0.00770662 0 0 0.173653 0.162938 
58200 0.0106626 0.155145 0.00761623 0 0 0.173432 0.162786 
58400 0.0105958 0.155084 0.00753121 0 0 0.17322 0.162637 
58600 0.0105298 0.155025 0.00744799 0 0 0.173012 0.162488 
58800 0.0104638 0.154965 0.00736476 0 0 0.172803 0.162339 
59000 0.0103978 0.154906 0.00728154 0 0 0.172595 0.16219 
59200 0.0103318 0.154846 0.00719831 0 0 0.172386 0.162041 
59400 0.010266 0.154786 0.00711533 0 0 0.172177 0.161892 
59600 0.0102032 0.154723 0.00703705 0 0 0.171971 0.161757 
59800 0.0101403 0.154659 0.00695876 0 0 0.171764 0.161622 
60000 0.0100775 0.154595 0.00688047 0 0 0.171557 0.161487 
60200 0.0100166 0.154534 0.00680635 0 0 0.171354 0.161346 
60400 0.00995568 0.154472 0.00673223 0 0 0.171151 0.161204 
60600 0.00989521 0.15441 0.00665891 0 0 0.17095 0.161065 
60800 0.00983599 0.154348 0.00658796 0 0 0.170757 0.160929 
61000 0.00977676 0.154287 0.00651702 0 0 0.170564 0.160793 
61200 0.00971754 0.154225 0.00644607 0 0 0.170371 0.160657 
61400 0.00965832 0.154163 0.00637513 0 0 0.170177 0.160522 
61600 0.00959909 0.154102 0.00630418 0 0 0.169984 0.160386 
61800 0.00954108 0.154039 0.00623549 0 0 0.169795 0.160253 
62000 0.00948533 0.153975 0.006171 0 0 0.169615 0.160124 
62200 0.00942958 0.153911 0.00610651 0 0 0.169434 0.159996 
62400 0.00937383 0.153847 0.00604201 0 0 0.169254 0.159868 
62600 0.00931808 0.153782 0.00597751 0 0 0.169073 0.159739 
62800 0.00926233 0.153718 0.00591302 0 0 0.168893 0.159611 
63000 0.00920733 0.153653 0.00585 0 0 0.168713 0.159485 
63200 0.00915406 0.153586 0.00579042 0 0 0.168536 0.159362 
63400 0.00910079 0.153519 0.00573085 0 0 0.168358 0.15924 
63600 0.00904753 0.153452 0.00567127 0 0 0.16818 0.159118 
63800 0.00899426 0.153385 0.00561169 0 0 0.168003 0.158995 
64000 0.008941 0.153318 0.00555211 0 0 0.167825 0.158873 
64200 0.00888815 0.153251 0.00549323 0 0 0.167649 0.158751 
64400 0.00883768 0.153189 0.00543829 0 0 0.167478 0.158631 
64600 0.00878721 0.153127 0.00538335 0 0 0.167307 0.15851 
64800 0.00873673 0.153065 0.00532842 0 0 0.167136 0.15839 
65000 0.00868626 0.153003 0.00527348 0 0 0.166965 0.158269 
65200 0.00863579 0.152941 0.00521854 0 0 0.166795 0.158149 
65400 0.00858532 0.152879 0.0051636 0 0 0.166624 0.158029 
65600 0.00853762 0.152811 0.00511307 0 0 0.16646 0.157914 
65800 0.00849022 0.152743 0.00506302 0 0 0.166297 0.157801 
66000 0.00844283 0.152675 0.00501297 0 0 0.166134 0.157687 
66200 0.00839544 0.152606 0.00496293 0 0 0.165971 0.157573 
66400 0.00834804 0.152538 0.00491288 0 0 0.165808 0.157459 
66600 0.00830065 0.15247 0.00486283 0 0 0.165645 0.157346 
66800 0.00825432 0.152406 0.00481473 0 0 0.165486 0.157233 
67000 0.00820905 0.152347 0.00476857 0 0 0.16533 0.157122 
67200 0.00816377 0.152287 0.00472241 0 0 0.165174 0.157011 
67400 0.0081185 0.152228 0.00467625 0 0 0.165019 0.1569 
67600 0.00807323 0.152169 0.00463009 0 0 0.164863 0.156789 
67800 0.00802796 0.15211 0.00458393 0 0 0.164708 0.156678 
68000 0.00798269 0.15205 0.00453777 0 0 0.164552 0.156566 
68200 0.00793997 0.151985 0.00449483 0 0 0.164402 0.156457 
68400 0.00789739 0.151919 0.00445207 0 0 0.164252 0.156347 
68600 0.00785481 0.151854 0.0044093 0 0 0.164103 0.156238 
68800 0.00781222 0.151788 0.00436653 0 0 0.163953 0.156128 
69000 0.00776964 0.151722 0.00432377 0 0 0.163804 0.156019 
69200 0.00772706 0.151657 0.004281 0 0 0.163654 0.155909 
69400 0.007685 0.15159 0.0042393 0 0 0.163505 0.155803 
69600 0.00764416 0.151522 0.00420008 0 0 0.163358 0.155702 
69800 0.00760332 0.151454 0.00416086 0 0 0.16321 0.155601 
70000 0.00756248 0.151385 0.00412164 0 0 0.163063 0.155501 
70200 0.00752165 0.151317 0.00408242 0 0 0.162915 0.1554 
70400 0.00748081 0.151249 0.0040432 0 0 0.162768 0.155299 
70600 0.00743997 0.15118 0.00400398 0 0 0.162621 0.155199 
70800 0.00740045 0.151115 0.00396662 0 0 0.162477 0.155097 
71000 0.00736202 0.151052 0.00393079 0 0 0.162336 0.154995 
71200 0.00732358 0.150988 0.00389495 0 0 0.162196 0.154893 
71400 0.00728514 0.150925 0.00385912 0 0 0.162055 0.154791 
71600 0.0072467 0.150862 0.00382328 0 0 0.161914 0.154689 
71800 0.00720826 0.150798 0.00378744 0 0 0.161774 0.154587 
72000 0.00716983 0.150735 0.00375161 0 0 0.161633 0.154485 
72200 0.00713261 0.150668 0.00371739 0 0 0.161497 0.154385 
72400 0.00709606 0.150599 0.00368404 0 0 0.161362 0.154285 
72600 0.00705951 0.15053 0.00365068 0 0 0.161228 0.154185 
72800 0.00702295 0.150462 0.00361733 0 0 0.161094 0.154085 
73000 0.0069864 0.150393 0.00358398 0 0 0.16096 0.153986 
73200 0.00694985 0.150324 0.00355063 0 0 0.160825 0.153886 
73400 0.00691329 0.150255 0.00351727 0 0 0.160691 0.153786 
73600 0.00687805 0.150189 0.00348576 0 0 0.160561 0.153689 
73800 0.00684367 0.150125 0.00345546 0 0 0.160433 0.153595 
74000 0.0068093 0.150061 0.00342516 0 0 0.160304 0.153501 
74200 0.00677492 0.149997 0.00339486 0 0 0.160176 0.153406 
74400 0.00674054 0.149933 0.00336456 0 0 0.160048 0.153312 
74600 0.00670617 0.149869 0.00333426 0 0 0.15992 0.153218 
74800 0.00667179 0.149805 0.00330397 0 0 0.159792 0.153123 
75000 0.00663814 0.14974 0.00327463 0 0 0.159665 0.153029 
75200 0.00660556 0.149673 0.00324674 0 0 0.159538 0.152936 
75400 0.00657298 0.149607 0.00321885 0 0 0.159412 0.152843 
75600 0.00654041 0.14954 0.00319097 0 0 0.159286 0.15275 
75800 0.00650783 0.149474 0.00316308 0 0 0.15916 0.152657 
76000 0.00647526 0.149407 0.00313519 0 0 0.159033 0.152564 
76200 0.00644268 0.149341 0.0031073 0 0 0.158907 0.152471 
76400 0.00641026 0.149275 0.00307963 0 0 0.158781 0.152378 
76600 0.00637923 0.14921 0.00305391 0 0 0.158658 0.152287 
76800 0.00634821 0.149145 0.00302819 0 0 0.158535 0.152197 
77000 0.00631718 0.149081 0.00300246 0 0 0.158412 0.152106 
77200 0.00628615 0.149016 0.00297674 0 0 0.158289 0.152016 
77400 0.00625512 0.148951 0.00295102 0 0 0.158166 0.151925 
77600 0.0062241 0.148886 0.0029253 0 0 0.158043 0.151835 
77800 0.00619307 0.148822 0.00289958 0 0 0.15792 0.151744 
78000 0.00616305 0.148758 0.00287506 0 0 0.1578 0.151654 
78200 0.00613371 0.148694 0.00285133 0 0 0.157682 0.151565 
78400 0.00610437 0.14863 0.00282761 0 0 0.157564 0.151475 
78600 0.00607503 0.148566 0.00280389 0 0 0.157446 0.151386 
78800 0.00604568 0.148502 0.00278017 0 0 0.157328 0.151296 
79000 0.00601634 0.148438 0.00275644 0 0 0.15721 0.151207 
79200 0.005987 0.148374 0.00273272 0 0 0.157091 0.151118 
79400 0.00595766 0.148311 0.002709 0 0 0.156973 0.151028 
79600 0.00592975 0.148246 0.00268675 0 0 0.15686 0.150939 
79800 0.00590185 0.148181 0.00266451 0 0 0.156747 0.15085 
80000 0.00587394 0.148116 0.00264227 0 0 0.156634 0.150761 
80200 0.0058462 0.14805 0.00262076 0 0 0.156516 0.150675 
80400 0.00581846 0.147984 0.00259925 0 0 0.156399 0.150588 
80600 0.00579072 0.147917 0.00257775 0 0 0.156281 0.150501 
80800 0.00576299 0.147851 0.00255624 0 0 0.156164 0.150414 
81000 0.00573569 0.147785 0.00253513 0 0 0.156048 0.150327 
81200 0.00570975 0.147721 0.00251523 0 0 0.155938 0.150242 
81400 0.00568381 0.147657 0.00249533 0 0 0.155828 0.150157 
81600 0.00565786 0.147593 0.00247543 0 0 0.155718 0.150071 
81800 0.00563192 0.147529 0.00245553 0 0 0.155609 0.149986 
82000 0.00560597 0.147464 0.00243563 0 0 0.155499 0.1499 
82200 0.00558003 0.1474 0.00241573 0 0 0.155389 0.149815 
82400 0.00555409 0.147336 0.00239583 0 0 0.155279 0.149729 
82600 0.00552842 0.147272 0.00237636 0 0 0.15517 0.149645 
82800 0.0055034 0.147209 0.00235792 0 0 0.155065 0.149564 
83000 0.00547838 0.147146 0.00233947 0 0 0.154959 0.149482 
83200 0.00545336 0.147083 0.00232102 0 0 0.154854 0.149401 
83400 0.00542834 0.147019 0.00230257 0 0 0.154748 0.149319 
83600 0.00540332 0.146956 0.00228413 0 0 0.154643 0.149238 
83800 0.0053783 0.146893 0.00226568 0 0 0.154537 0.149157 
84000 0.00535329 0.146829 0.00224723 0 0 0.154432 0.149075 
84200 0.00532863 0.146766 0.00222918 0 0 0.154326 0.148994 
84400 0.00530507 0.146701 0.00221233 0 0 0.15422 0.148915 
84600 0.00528151 0.146636 0.00219547 0 0 0.154114 0.148836 
84800 0.00525795 0.146572 0.00217862 0 0 0.154009 0.148756 
85000 0.00523439 0.146507 0.00216177 0 0 0.153903 0.148677 
85200 0.00521083 0.146442 0.00214491 0 0 0.153797 0.148597 
85400 0.00518727 0.146377 0.00212806 0 0 0.153691 0.148518 
85600 0.00516371 0.146313 0.00211121 0 0 0.153585 0.148438 
85800 0.00514015 0.146248 0.00209435 0 0 0.153479 0.148359 
86000 0.00511798 0.146184 0.00207872 0 0 0.153377 0.148275 
86200 0.00509581 0.14612 0.00206308 0 0 0.153276 0.148191 
86400 0.00507364 0.146056 0.00204745 0 0 0.153174 0.148106 
86600 0.00505146 0.145992 0.00203181 0 0 0.153072 0.148022 
86800 0.00502929 0.145928 0.00201618 0 0 0.152971 0.147938 
87000 0.00500712 0.145864 0.00200055 0 0 0.152869 0.147853 
87200 0.00498494 0.1458 0.00198491 0 0 0.152767 0.147769 
87400 0.00496277 0.145737 0.00196928 0 0 0.152665 0.147685 
87600 0.00494128 0.145674 0.00195451 0 0 0.152567 0.147606 
87800 0.00492017 0.145611 0.0019402 0 0 0.152471 0.147529 
88000 0.00489905 0.145549 0.0019259 0 0 0.152374 0.147452 
88200 0.00487794 0.145486 0.0019116 0 0 0.152278 0.147376 
88400 0.00485682 0.145424 0.00189729 0 0 0.152181 0.147299 
88600 0.00483571 0.145361 0.00188299 0 0 0.152085 0.147222 
88800 0.00481459 0.145299 0.00186868 0 0 0.151988 0.147146 
89000 0.00479348 0.145237 0.00185438 0 0 0.151892 0.147069 
89200 0.00477249 0.145174 0.0018402 0 0 0.151795 0.146993 
89400 0.00475263 0.14511 0.00182711 0 0 0.151698 0.146921 
89600 0.00473278 0.145046 0.00181402 0 0 0.151601 0.146849 
89800 0.00471292 0.144983 0.00180093 0 0 0.151504 0.146777 
90000 0.00469306 0.144919 0.00178784 0 0 0.151407 0.146705 
90200 0.00467321 0.144855 0.00177475 0 0 0.15131 0.146632 
90400 0.00465335 0.144791 0.00176166 0 0 0.151213 0.14656 
90600 0.0046335 0.144727 0.00174857 0 0 0.151116 0.146488 
90800 0.00461364 0.144664 0.00173548 0 0 0.151019 0.146416 
91000 0.00459407 0.1446 0.00172274 0 0 0.150923 0.146343 
91200 0.00457504 0.144538 0.00171063 0 0 0.15083 0.146266 
91400 0.00455601 0.144475 0.00169853 0 0 0.150738 0.14619 
91600 0.00453698 0.144412 0.00168642 0 0 0.150645 0.146114 
91800 0.00451795 0.144349 0.00167431 0 0 0.150552 0.146037 
92000 0.00449892 0.144287 0.00166221 0 0 0.15046 0.145961 
92200 0.00447989 0.144224 0.0016501 0 0 0.150367 0.145885 
92400 0.00446086 0.144161 0.001638 0 0 0.150274 0.145808 
92600 0.00444183 0.144099 0.00162589 0 0 0.150181 0.145732 
92800 0.00442339 0.144036 0.00161422 0 0 0.150089 0.145657 
93000 0.00440566 0.143975 0.00160306 0 0 0.149998 0.145585 
93200 0.00438794 0.143913 0.00159191 0 0 0.149907 0.145513 
93400 0.00437022 0.143851 0.00158075 0 0 0.149816 0.14544 
93600 0.00435249 0.14379 0.0015696 0 0 0.149725 0.145368 
93800 0.00433477 0.143728 0.00155845 0 0 0.149634 0.145295 
94000 0.00431705 0.143666 0.00154729 0 0 0.149542 0.145223 
94200 0.00429932 0.143605 0.00153614 0 0 0.149451 0.145151 
94400 0.0042816 0.143543 0.00152498 0 0 0.14936 0.145078 
94600 0.00426421 0.143481 0.00151421 0 0 0.149269 0.145005 
94800 0.00424731 0.143418 0.001504 0 0 0.149177 0.144932 
95000 0.00423042 0.143355 0.00149379 0 0 0.149085 0.144858 
95200 0.00421353 0.143292 0.00148358 0 0 0.148993 0.144785 
95400 0.00419663 0.143229 0.00147337 0 0 0.148901 0.144712 
95600 0.00417974 0.143166 0.00146316 0 0 0.14881 0.144638 
95800 0.00416284 0.143103 0.00145295 0 0 0.148718 0.144565 
96000 0.00414595 0.14304 0.00144274 0 0 0.148626 0.144491 
96200 0.00412906 0.142977 0.00143253 0 0 0.148534 0.144418 
96400 0.00411227 0.142915 0.00142244 0 0 0.148443 0.144345 
96600 0.00409608 0.142855 0.00141303 0 0 0.148358 0.144275 
96800 0.0040799 0.142796 0.00140362 0 0 0.148273 0.144205 
97000 0.00406371 0.142737 0.00139421 0 0 0.148188 0.144136 
97200 0.00404753 0.142677 0.0013848 0 0 0.148103 0.144066 
97400 0.00403134 0.142618 0.00137539 0 0 0.148017 0.143996 
97600 0.00401515 0.142558 0.00136598 0 0 0.147932 0.143927 
97800 0.00399897 0.142499 0.00135657 0 0 0.147847 0.143857 
98000 0.00398278 0.14244 0.00134716 0 0 0.147762 0.143787 
98200 0.0039666 0.14238 0.00133775 0 0 0.147677 0.143718 
98400 0.00395124 0.14232 0.00132889 0 0 0.147591 0.143646 
98600 0.00393615 0.142259 0.00132021 0 0 0.147505 0.143574 
98800 0.00392106 0.142198 0.00131152 0 0 0.147419 0.143502 
99000 0.00390598 0.142137 0.00130284 0 0 0.147333 0.14343 
99200 0.00389089 0.142076 0.00129416 0 0 0.147247 0.143358 
99400 0.00387581 0.142015 0.00128548 0 0 0.147161 0.143286 
99600 0.00386072 0.141954 0.00127679 0 0 0.147075 0.143213 
99800 0.00384563 0.141893 0.00126811 0 0 0.146989 0.143141 
100000 0.00383055 0.141832 0.00125943 0 0 0.146903 0.143069 
100200 0.00381696 0.141783 0.0012522 0 0 0.146855 0.143021 
100400 0.00380232 0.141722 0.00124401 0 0 0.14677 0.142952 
100600 0.00378769 0.141661 0.00123583 0 0 0.146686 0.142883 
100800 0.00377305 0.141599 0.00122765 0 0 0.146602 0.142814 
101000 0.00375841 0.141538 0.00121947 0 0 0.146517 0.142745 
101200 0.00374378 0.141477 0.00121129 0 0 0.146433 0.142676 
101400 0.00372914 0.141415 0.00120311 0 0 0.146349 0.142607 
101600 0.00371451 0.141354 0.00119493 0 0 0.146265 0.142538 
101800 0.00369987 0.141293 0.00118675 0 0 0.14618 0.142469 
102000 0.00368524 0.141231 0.00117856 0 0 0.146096 0.1424 
102200 0.00367116 0.14117 0.00117082 0 0 0.146013 0.142333 
102400 0.00365764 0.14111 0.00116351 0 0 0.14593 0.142267 
102600 0.00364413 0.141049 0.00115621 0 0 0.145848 0.142202 
102800 0.00363061 0.140988 0.0011489 0 0 0.145765 0.142136 
103000 0.0036171 0.140928 0.00114159 0 0 0.145683 0.142071 
103200 0.00360358 0.140867 0.00113429 0 0 0.1456 0.142005 
103400 0.00359006 0.140806 0.00112698 0 0 0.145518 0.14194 
103600 0.00357655 0.140746 0.00111968 0 0 0.145435 0.141874 
103800 0.00356303 0.140685 0.00111237 0 0 0.145353 0.141809 
104000 0.00354952 0.140624 0.00110506 0 0 0.14527 0.141743 
104200 0.00353655 0.140566 0.00109815 0 0 0.145192 0.141678 
104400 0.00352414 0.140511 0.00109163 0 0 0.145118 0.141613 
104600 0.00351173 0.140455 0.00108512 0 0 0.145044 0.141549 
104800 0.00349932 0.1404 0.0010786 0 0 0.14497 0.141484 
105000 0.00348691 0.140345 0.00107208 0 0 0.144896 0.141419 
105200 0.0034745 0.140289 0.00106557 0 0 0.144822 0.141354 
105400 0.00346209 0.140234 0.00105905 0 0 0.144748 0.14129 
105600 0.00344968 0.140178 0.00105253 0 0 0.144674 0.141225 
105800 0.00343727 0.140123 0.00104602 0 0 0.1446 0.14116 
106000 0.00342486 0.140067 0.0010395 0 0 0.144526 0.141096 
106200 0.00341245 0.140012 0.00103298 0 0 0.144452 0.141031 
106400 0.00339991 0.139949 0.00102657 0 0 0.144372 0.140965 
106600 0.00338736 0.139886 0.00102016 0 0 0.144292 0.1409 
106800 0.00337482 0.139822 0.00101375 0 0 0.144212 0.140834 
107000 0.00336227 0.139759 0.00100734 0 0 0.144132 0.140769 
107200 0.00334973 0.139696 0.00100093 0 0 0.144052 0.140703 
107400 0.00333718 0.139633 0.000994515 0 0 0.143972 0.140638 
107600 0.00332464 0.13957 0.000988104 0 0 0.143892 0.140572 
107800 0.00331209 0.139507 0.000981693 0 0 0.143812 0.140507 
108000 0.00329955 0.139444 0.000975283 0 0 0.143732 0.140441 
108200 0.003287 0.139381 0.000968872 0 0 0.143652 0.140376 
108400 0.00327597 0.139328 0.000963392 0 0 0.143581 0.140314 
108600 0.00326494 0.139275 0.000957913 0 0 0.14351 0.140252 
108800 0.00325391 0.139222 0.000952433 0 0 0.14344 0.14019 
109000 0.00324288 0.139169 0.000946953 0 0 0.143369 0.140129 
109200 0.00323185 0.139116 0.000941474 0 0 0.143299 0.140067 
109400 0.00322082 0.139063 0.000935994 0 0 0.143228 0.140005 
109600 0.00320979 0.13901 0.000930515 0 0 0.143157 0.139943 
109800 0.00319876 0.138957 0.000925035 0 0 0.143087 0.139882 
110000 0.00318773 0.138904 0.000919556 0 0 0.143016 0.13982 
110200 0.0031767 0.138851 0.000914076 0 0 0.142946 0.139758 
110400 0.00316567 0.138798 0.000908596 0 0 0.142875 0.139696 
110600 0.00315456 0.138738 0.000903237 0 0 0.142799 0.139634 
110800 0.00314344 0.138678 0.000897878 0 0 0.142723 0.139572 
111000 0.00313233 0.138618 0.000892519 0 0 0.142646 0.139509 
111200 0.00312121 0.138558 0.000887159 0 0 0.14257 0.139447 
111400 0.00311009 0.138498 0.0008818 0 0 0.142494 0.139384 
111600 0.00309898 0.138438 0.000876441 0 0 0.142418 0.139322 
111800 0.00308786 0.138378 0.000871082 0 0 0.142341 0.13926 
112000 0.00307675 0.138318 0.000865722 0 0 0.142265 0.139197 
112200 0.00306563 0.138258 0.000860363 0 0 0.142189 0.139135 
112400 0.00305451 0.138198 0.000855004 0 0 0.142112 0.139072 
112600 0.00304385 0.138139 0.000849915 0 0 0.142038 0.139009 
112800 0.00303364 0.138082 0.000845095 0 0 0.141965 0.138945 
113000 0.00302342 0.138024 0.000840275 0 0 0.141892 0.138881 
113200 0.00301321 0.137967 0.000835455 0 0 0.14182 0.138817 
113400 0.003003 0.137909 0.000830635 0 0 0.141747 0.138753 
113600 0.00299278 0.137852 0.000825815 0 0 0.141674 0.138689 
113800 0.00298257 0.137795 0.000820995 0 0 0.141601 0.138625 
114000 0.00297235 0.137737 0.000816175 0 0 0.141528 0.138561 
114200 0.00296214 0.13768 0.000811355 0 0 0.141456 0.138497 
114400 0.00295193 0.137623 0.000806535 0 0 0.141383 0.138433 
114600 0.00294171 0.137565 0.000801715 0 0 0.14131 0.138369 
114800 0.00293189 0.13751 0.000797149 0 0 0.14124 0.138308 
115000 0.00292246 0.137458 0.000792839 0 0 0.141172 0.138249 
115200 0.00291303 0.137405 0.000788528 0 0 0.141105 0.13819 
115400 0.0029036 0.137352 0.000784217 0 0 0.141037 0.138131 
115600 0.00289416 0.137299 0.000779906 0 0 0.14097 0.138072 
115800 0.00288473 0.137247 0.000775595 0 0 0.140902 0.138012 
116000 0.0028753 0.137194 0.000771284 0 0 0.140835 0.137953 
116200 0.00286587 0.137141 0.000766973 0 0 0.140767 0.137894 
116400 0.00285644 0.137088 0.000762663 0 0 0.1407 0.137835 
116600 0.002847 0.137036 0.000758352 0 0 0.140632 0.137776 
116800 0.00283757 0.136983 0.000754041 0 0 0.140565 0.137717 
117000 0.00282814 0.13693 0.00074973 0 0 0.140497 0.137658 
117200 0.00281863 0.136873 0.000745512 0 0 0.140426 0.137598 
117400 0.00280913 0.136815 0.000741295 0 0 0.140356 0.137539 
117600 0.00279962 0.136758 0.000737077 0 0 0.140285 0.137479 
117800 0.00279011 0.136701 0.000732859 0 0 0.140215 0.13742 
118000 0.0027806 0.136643 0.000728641 0 0 0.140144 0.13736 
118200 0.00277109 0.136586 0.000724424 0 0 0.140074 0.137301 
118400 0.00276159 0.136529 0.000720206 0 0 0.140003 0.137241 
118600 0.00275208 0.136471 0.000715988 0 0 0.139932 0.137182 
118800 0.00274257 0.136414 0.00071177 0 0 0.139862 0.137122 
119000 0.00273306 0.136357 0.000707552 0 0 0.139791 0.137062 
119200 0.00272356 0.136299 0.000703335 0 0 0.139721 0.137003 
119400 0.00271514 0.136245 0.000699709 0 0 0.139656 0.136946 
119600 0.00270673 0.13619 0.000696083 0 0 0.139591 0.13689 
119800 0.00269832 0.136135 0.000692458 0 0 0.139526 0.136833 
120000 0.00268991 0.136081 0.000688832 0 0 0.139462 0.136776 
120200 0.0026815 0.136026 0.000685206 0 0 0.139397 0.13672 
120400 0.00267308 0.135972 0.000681581 0 0 0.139332 0.136663 
120600 0.00266467 0.135917 0.000677955 0 0 0.139268 0.136607 
120800 0.00265626 0.135862 0.000674329 0 0 0.139203 0.13655 
121000 0.00264785 0.135808 0.000670704 0 0 0.139138 0.136493 
121200 0.00263944 0.135753 0.000667078 0 0 0.139074 0.136437 
121400 0.00263102 0.135699 0.000663452 0 0 0.139009 0.13638 
121600 0.00262261 0.135644 0.000659827 0 0 0.138944 0.136323 
121800 0.00261452 0.135591 0.000656421 0 0 0.138879 0.136267 
122000 0.00260643 0.135539 0.000653016 0 0 0.138815 0.13621 
122200 0.00259835 0.135486 0.000649611 0 0 0.13875 0.136154 
122400 0.00259026 0.135434 0.000646206 0 0 0.138685 0.136097 
122600 0.00258217 0.135381 0.000642801 0 0 0.138621 0.13604 
122800 0.00257408 0.135329 0.000639395 0 0 0.138556 0.135984 
123000 0.00256599 0.135276 0.00063599 0 0 0.138491 0.135927 
123200 0.0025579 0.135223 0.000632585 0 0 0.138426 0.13587 
123400 0.00254982 0.135171 0.00062918 0 0 0.138362 0.135814 
123600 0.00254173 0.135118 0.000625774 0 0 0.138297 0.135757 
123800 0.00253364 0.135066 0.000622369 0 0 0.138232 0.135701 
124000 0.00252555 0.135013 0.000618964 0 0 0.138168 0.135644 
124200 0.00251776 0.134961 0.000615775 0 0 0.138101 0.135587 
124400 0.00250998 0.134908 0.000612586 0 0 0.138034 0.135531 
124600 0.00250219 0.134855 0.000609397 0 0 0.137967 0.135474 
124800 0.00249441 0.134803 0.000606208 0 0 0.137901 0.135418 
125000 0.00248662 0.13475 0.000603019 0 0 0.137834 0.135361 
125200 0.00247884 0.134698 0.00059983 0 0 0.137767 0.135304 
125400 0.00247105 0.134645 0.000596641 0 0 0.1377 0.135248 
125600 0.00246327 0.134592 0.000593453 0 0 0.137634 0.135191 
125800 0.00245548 0.13454 0.000590264 0 0 0.137567 0.135134 
126000 0.0024477 0.134487 0.000587075 0 0 0.1375 0.135078 
126200 0.00243991 0.134435 0.000583886 0 0 0.137434 0.135021 
126400 0.00243213 0.134382 0.000580697 0 0 0.137367 0.134965 
126600 0.00242461 0.134326 0.000577702 0 0 0.137304 0.134906 
126800 0.00241708 0.134269 0.000574708 0 0 0.137241 0.134847 
127000 0.00240956 0.134212 0.000571713 0 0 0.137179 0.134789 
127200 0.00240204 0.134156 0.000568718 0 0 0.137116 0.13473 
127400 0.00239452 0.134099 0.000565723 0 0 0.137053 0.134671 
127600 0.00238699 0.134042 0.000562728 0 0 0.136991 0.134613 
127800 0.00237947 0.133986 0.000559734 0 0 0.136928 0.134554 
128000 0.00237195 0.133929 0.000556739 0 0 0.136865 0.134495 
128200 0.00236443 0.133873 0.000553744 0 0 0.136803 0.134437 
128400 0.00235691 0.133816 0.000550749 0 0 0.13674 0.134378 
128600 0.00234938 0.133759 0.000547755 0 0 0.136677 0.134319 
128800 0.00234186 0.133703 0.00054476 0 0 0.136615 0.134261 
129000 0.00233516 0.133654 0.000542175 0 0 0.136555 0.134207 
129200 0.00232846 0.133606 0.000539589 0 0 0.136495 0.134153 
129400 0.00232176 0.133557 0.000537004 0 0 0.136435 0.134098 
129600 0.00231506 0.133509 0.000534419 0 0 0.136376 0.134044 
129800 0.00230836 0.13346 0.000531834 0 0 0.136316 0.13399 
130000 0.00230165 0.133412 0.000529249 0 0 0.136256 0.133936 
130200 0.00229495 0.133363 0.000526663 0 0 0.136196 0.133882 
130400 0.00228825 0.133314 0.000524078 0 0 0.136137 0.133828 
130600 0.00228155 0.133266 0.000521493 0 0 0.136077 0.133774 
130800 0.00227485 0.133217 0.000518908 0 0 0.136017 0.13372 
131000 0.00226815 0.133169 0.000516323 0 0 0.135958 0.133665 
131200 0.00226145 0.13312 0.000513737 0 0 0.135898 0.133611 
131400 0.00225475 0.133072 0.000511152 0 0 0.135838 0.133557 
131600 0.00224805 0.133019 0.000508625 0 0 0.135776 0.133505 
131800 0.00224135 0.132967 0.000506097 0 0 0.135714 0.133452 
132000 0.00223466 0.132915 0.00050357 0 0 0.135652 0.1334 
132200 0.00222796 0.132862 0.000501042 0 0 0.13559 0.133347 
132400 0.00222126 0.13281 0.000498515 0 0 0.135528 0.133295 
132600 0.00221456 0.132757 0.000495987 0 0 0.135465 0.133243 
132800 0.00220787 0.132705 0.00049346 0 0 0.135403 0.13319 
133000 0.00220117 0.132653 0.000490932 0 0 0.135341 0.133138 
133200 0.00219447 0.1326 0.000488405 0 0 0.135279 0.133085 
133400 0.00218777 0.132548 0.000485877 0 0 0.135217 0.133033 
133600 0.00218108 0.132495 0.00048335 0 0 0.135155 0.132981 
133800 0.00217438 0.132443 0.000480822 0 0 0.135093 0.132928 
134000 0.00216804 0.132392 0.000478464 0 0 0.135032 0.132876 
134200 0.00216205 0.132341 0.000476275 0 0 0.134973 0.132824 
134400 0.00215607 0.132291 0.000474085 0 0 0.134913 0.132772 
134600 0.00215008 0.132241 0.000471896 0 0 0.134854 0.13272 
134800 0.0021441 0.13219 0.000469707 0 0 0.134795 0.132667 
135000 0.00213811 0.13214 0.000467517 0 0 0.134735 0.132615 
135200 0.00213213 0.13209 0.000465328 0 0 0.134676 0.132563 
135400 0.00212614 0.132039 0.000463139 0 0 0.134617 0.132511 
135600 0.00212016 0.131989 0.00046095 0 0 0.134557 0.132459 
135800 0.00211417 0.131939 0.00045876 0 0 0.134498 0.132407 
136000 0.00210818 0.131888 0.000456571 0 0 0.134439 0.132355 
136200 0.0021022 0.131838 0.000454382 0 0 0.134379 0.132303 
136400 0.00209621 0.131788 0.000452192 0 0 0.13432 0.13225 
136600 0.00209023 0.131737 0.000450003 0 0 0.134261 0.132198 
136800 0.00208424 0.131685 0.000447883 0 0 0.134203 0.132144 
137000 0.00207824 0.131633 0.000445762 0 0 0.134145 0.13209 
137200 0.00207225 0.13158 0.000443642 0 0 0.134087 0.132036 
137400 0.00206626 0.131528 0.000441521 0 0 0.134029 0.131982 
137600 0.00206027 0.131476 0.000439401 0 0 0.133972 0.131928 
137800 0.00205428 0.131424 0.000437281 0 0 0.133914 0.131874 
138000 0.00204829 0.131371 0.00043516 0 0 0.133856 0.131819 
138200 0.00204229 0.131319 0.00043304 0 0 0.133798 0.131765 
138400 0.0020363 0.131267 0.000430919 0 0 0.13374 0.131711 
138600 0.00203031 0.131215 0.000428799 0 0 0.133682 0.131657 
138800 0.00202432 0.131162 0.000426678 0 0 0.133624 0.131603 
139000 0.00201833 0.13111 0.000424558 0 0 0.133566 0.131549 
139200 0.00201234 0.131058 0.000422438 0 0 0.133509 0.131495 
139400 0.00200678 0.131009 0.000420507 0 0 0.133451 0.131442 
139600 0.00200123 0.130961 0.000418577 0 0 0.133394 0.13139 
139800 0.00199567 0.130912 0.000416646 0 0 0.133336 0.131338 
140000 0.00199012 0.130864 0.000414716 0 0 0.133279 0.131286 
140200 0.00198457 0.130815 0.000412785 0 0 0.133221 0.131234 
140400 0.00197901 0.130767 0.000410855 0 0 0.133164 0.131182 
140600 0.00197346 0.130718 0.000408924 0 0 0.133106 0.13113 
140800 0.0019679 0.13067 0.000406994 0 0 0.133048 0.131078 
141000 0.00196235 0.130621 0.000405064 0 0 0.132991 0.131025 
141200 0.00195679 0.130572 0.000403133 0 0 0.132933 0.130973 
141400 0.00195124 0.130524 0.000401203 0 0 0.132876 0.130921 
141600 0.00194569 0.130475 0.000399272 0 0 0.132818 0.130869 
141800 0.00194013 0.130427 0.000397342 0 0 0.132761 0.130817 
142000 0.00193477 0.130378 0.000395507 0 0 0.132704 0.130766 
142200 0.00192961 0.13033 0.000393769 0 0 0.132649 0.130715 
142400 0.00192444 0.130281 0.00039203 0 0 0.132593 0.130665 
142600 0.00191928 0.130233 0.000390292 0 0 0.132538 0.130615 
142800 0.00191411 0.130184 0.000388553 0 0 0.132483 0.130565 
143000 0.00190895 0.130136 0.000386815 0 0 0.132427 0.130514 
143200 0.00190378 0.130087 0.000385077 0 0 0.132372 0.130464 
143400 0.00189862 0.130039 0.000383338 0 0 0.132316 0.130414 
143600 0.00189345 0.12999 0.0003816 0 0 0.132261 0.130364 
143800 0.00188829 0.129942 0.000379861 0 0 0.132205 0.130313 
144000 0.00188312 0.129893 0.000378123 0 0 0.13215 0.130263 
144200 0.00187796 0.129845 0.000376384 0 0 0.132094 0.130213 
144400 0.00187279 0.129796 0.000374646 0 0 0.132039 0.130163 
144600 0.00186763 0.129747 0.000372907 0 0 0.131983 0.130112 
144800 0.00186257 0.129699 0.000371221 0 0 0.131928 0.130062 
145000 0.00185761 0.12965 0.000369587 0 0 0.131872 0.130012 
145200 0.00185265 0.129602 0.000367952 0 0 0.131817 0.129962 
145400 0.00184769 0.129553 0.000366318 0 0 0.131762 0.129911 
145600 0.00184274 0.129505 0.000364683 0 0 0.131706 0.129861 
145800 0.00183778 0.129456 0.000363049 0 0 0.131651 0.129811 
146000 0.00183282 0.129408 0.000361414 0 0 0.131595 0.12976 
146200 0.00182787 0.129359 0.00035978 0 0 0.13154 0.12971 
146400 0.00182291 0.129311 0.000358145 0 0 0.131484 0.12966 
146600 0.00181795 0.129262 0.000356511 0 0 0.131429 0.12961 
146800 0.00181299 0.129214 0.000354876 0 0 0.131373 0.129559 
147000 0.00180804 0.129165 0.000353242 0 0 0.131318 0.129509 
147200 0.00180308 0.129117 0.000351608 0 0 0.131262 0.129459 
147400 0.00179812 0.129068 0.000349973 0 0 0.131207 0.129409 
147600 0.00179335 0.12902 0.000348426 0 0 0.131153 0.129359 
147800 0.00178877 0.128974 0.000346966 0 0 0.131101 0.129311 
148000 0.00178419 0.128927 0.000345506 0 0 0.131048 0.129262 
148200 0.00177961 0.128881 0.000344047 0 0 0.130996 0.129214 
148400 0.00177503 0.128834 0.000342587 0 0 0.130943 0.129165 
148600 0.00177045 0.128788 0.000341127 0 0 0.130891 0.129117 
148800 0.00176587 0.128741 0.000339667 0 0 0.130838 0.129068 
149000 0.00176128 0.128694 0.000338207 0 0 0.130786 0.129019 
149200 0.0017567 0.128648 0.000336747 0 0 0.130734 0.128971 
149400 0.00175212 0.128601 0.000335288 0 0 0.130681 0.128922 
149600 0.00174754 0.128555 0.000333828 0 0 0.130629 0.128874 
149800 0.00174296 0.128508 0.000332368 0 0 0.130576 0.128825 
150000 0.00173838 0.128461 0.000330908 0 0 0.130524 0.128777 
150200 0.00173353 0.128413 0.000329319 0 0 0.130463 0.128728 
150400 0.00172867 0.128364 0.000327729 0 0 0.130403 0.12868 
150600 0.00172437 0.128317 0.000326396 0 0 0.130352 0.128633 
150800 0.00172007 0.128271 0.000325063 0 0 0.130302 0.128586 
151000 0.00171576 0.128224 0.00032373 0 0 0.130252 0.128539 
151200 0.00171146 0.128177 0.000322398 0 0 0.130202 0.128492 
151400 0.00170716 0.12813 0.000321065 0 0 0.130152 0.128445 
151600 0.00170285 0.128083 0.000319732 0 0 0.130102 0.128398 
151800 0.00169855 0.128036 0.000318399 0 0 0.130052 0.128351 
152000 0.00169425 0.127989 0.000317066 0 0 0.130001 0.128304 
152200 0.00168994 0.127942 0.000315733 0 0 0.129951 0.128258 
152400 0.00168564 0.127895 0.0003144 0 0 0.129901 0.128211 
152600 0.00168134 0.127848 0.000313067 0 0 0.129851 0.128164 
152800 0.00167704 0.127801 0.000311734 0 0 0.129801 0.128117 
153000 0.00167273 0.127754 0.000310401 0 0 0.129751 0.12807 
153200 0.00166843 0.127708 0.000309068 0 0 0.129701 0.128023 
153400 0.00166413 0.127661 0.000307735 0 0 0.12965 0.127976 
153600 0.00165997 0.127615 0.000306479 0 0 0.129599 0.127929 
153800 0.00165581 0.12757 0.000305224 0 0 0.129547 0.127882 
154000 0.00165165 0.127525 0.000303969 0 0 0.129495 0.127835 
154200 0.0016475 0.127479 0.000302713 0 0 0.129443 0.127788 
154400 0.00164334 0.127434 0.000301458 0 0 0.129392 0.127742 
154600 0.00163918 0.127389 0.000300203 0 0 0.12934 0.127695 
154800 0.00163502 0.127344 0.000298947 0 0 0.129288 0.127648 
155000 0.00163087 0.127298 0.000297692 0 0 0.129236 0.127601 
155200 0.00162671 0.127253 0.000296437 0 0 0.129185 0.127554 
155400 0.00162255 0.127208 0.000295181 0 0 0.129133 0.127507 
155600 0.00161839 0.127162 0.000293926 0 0 0.129081 0.12746 
155800 0.00161424 0.127117 0.000292671 0 0 0.129029 0.127413 
156000 0.00161008 0.127072 0.000291415 0 0 0.128977 0.127366 
156200 0.00160592 0.127026 0.00029016 0 0 0.128926 0.127319 
156400 0.00160176 0.126981 0.000288905 0 0 0.128874 0.127272 
156600 0.00159777 0.126934 0.000287727 0 0 0.128822 0.127224 
156800 0.00159377 0.126887 0.000286549 0 0 0.12877 0.127175 
157000 0.00158978 0.12684 0.000285372 0 0 0.128719 0.127127 
157200 0.00158578 0.126794 0.000284194 0 0 0.128667 0.127078 
157400 0.00158179 0.126747 0.000283016 0 0 0.128615 0.12703 
157600 0.00157779 0.1267 0.000281839 0 0 0.128563 0.126981 
157800 0.00157379 0.126653 0.000280661 0 0 0.128512 0.126933 
158000 0.0015698 0.126606 0.000279483 0 0 0.12846 0.126884 
158200 0.0015658 0.126559 0.000278306 0 0 0.128408 0.126836 
158400 0.00156181 0.126512 0.000277128 0 0 0.128356 0.126787 
158600 0.00155781 0.126465 0.00027595 0 0 0.128304 0.126739 
158800 0.00155382 0.126418 0.000274772 0 0 0.128253 0.12669 
159000 0.00154982 0.126371 0.000273595 0 0 0.128201 0.126641 
159200 0.00154582 0.126324 0.000272417 0 0 0.128149 0.126593 
159400 0.00154183 0.126278 0.000271239 0 0 0.128097 0.126544 
159600 0.00153812 0.126232 0.000270173 0 0 0.128047 0.126499 
159800 0.00153441 0.126187 0.000269107 0 0 0.127997 0.126454 
160000 0.0015307 0.126141 0.000268041 0 0 0.127947 0.126408 
160200 0.00152699 0.126096 0.000266975 0 0 0.127897 0.126363 
160400 0.00152328 0.126051 0.000265909 0 0 0.127847 0.126317 
160600 0.00151957 0.126005 0.000264843 0 0 0.127797 0.126272 
160800 0.00151586 0.12596 0.000263777 0 0 0.127747 0.126227 
161000 0.00151215 0.125914 0.00026271 0 0 0.127697 0.126181 
161200 0.00150844 0.125869 0.000261644 0 0 0.127647 0.126136 
161400 0.00150473 0.125824 0.000260578 0 0 0.127596 0.12609 
161600 0.00150102 0.125778 0.000259512 0 0 0.127546 0.126045 
161800 0.0014973 0.125733 0.000258446 0 0 0.127496 0.126 
162000 0.00149359 0.125687 0.00025738 0 0 0.127446 0.125954 
162200 0.00148988 0.125642 0.000256314 0 0 0.127396 0.125909 
162400 0.00148617 0.125597 0.000255248 0 0 0.127346 0.125863 
162600 0.00148257 0.125553 0.000254229 0 0 0.127297 0.125819 
162800 0.00147909 0.12551 0.000253259 0 0 0.127248 0.125775 
163000 0.0014756 0.125468 0.000252288 0 0 0.1272 0.125731 
163200 0.00147211 0.125425 0.000251317 0 0 0.127151 0.125687 
163400 0.00146862 0.125383 0.000250347 0 0 0.127103 0.125643 
163600 0.00146513 0.12534 0.000249376 0 0 0.127054 0.125599 
163800 0.00146165 0.125298 0.000248406 0 0 0.127005 0.125555 
164000 0.00145816 0.125255 0.000247435 0 0 0.126957 0.125511 
164200 0.00145467 0.125213 0.000246464 0 0 0.126908 0.125467 
164400 0.00145118 0.12517 0.000245494 0 0 0.12686 0.125423 
164600 0.00144769 0.125128 0.000244523 0 0 0.126811 0.125379 
164800 0.00144421 0.125085 0.000243553 0 0 0.126763 0.125335 
165000 0.00144072 0.125043 0.000242582 0 0 0.126714 0.125291 
165200 0.00143723 0.125001 0.000241611 0 0 0.126666 0.125247 
165400 0.00143374 0.124958 0.000240641 0 0 0.126617 0.125203 
165600 0.00143025 0.124916 0.00023967 0 0 0.126569 0.125159 
165800 0.00142688 0.124873 0.000238744 0 0 0.126521 0.125115 
166000 0.00142363 0.12483 0.000237861 0 0 0.126474 0.125071 
166200 0.00142038 0.124788 0.000236979 0 0 0.126427 0.125027 
166400 0.00141713 0.124745 0.000236096 0 0 0.12638 0.124983 
166600 0.00141388 0.124702 0.000235214 0 0 0.126333 0.124938 
166800 0.00141063 0.12466 0.000234332 0 0 0.126286 0.124894 
167000 0.00140738 0.124617 0.000233449 0 0 0.126239 0.12485 
167200 0.00140413 0.124575 0.000232567 0 0 0.126191 0.124806 
167400 0.00140088 0.124532 0.000231685 0 0 0.126144 0.124762 
167600 0.00139763 0.124489 0.000230802 0 0 0.126097 0.124718 
167800 0.00139438 0.124447 0.00022992 0 0 0.12605 0.124674 
168000 0.00139113 0.124404 0.000229037 0 0 0.126003 0.12463 
168200 0.00138788 0.124361 0.000228155 0 0 0.125956 0.124586 
168400 0.00138463 0.124319 0.000227273 0 0 0.125909 0.124541 
168600 0.00138138 0.124276 0.00022639 0 0 0.125862 0.124497 
168800 0.00137813 0.124233 0.000225508 0 0 0.125815 0.124453 
169000 0.00137488 0.124191 0.000224625 0 0 0.125768 0.124409 
169200 0.00137176 0.124147 0.000223797 0 0 0.125722 0.124365 
169400 0.00136865 0.124102 0.00022297 0 0 0.125677 0.124321 
169600 0.00136553 0.124058 0.000222142 0 0 0.125631 0.124277 
169800 0.00136241 0.124014 0.000221314 0 0 0.125586 0.124233 
170000 0.00135929 0.12397 0.000220486 0 0 0.12554 0.124188 
170200 0.00135618 0.123926 0.000219658 0 0 0.125494 0.124144 
170400 0.00135306 0.123882 0.00021883 0 0 0.125449 0.1241 
170600 0.00134994 0.123838 0.000218002 0 0 0.125403 0.124056 
170800 0.00134682 0.123794 0.000217174 0 0 0.125358 0.124012 
171000 0.0013437 0.123749 0.000216346 0 0 0.125312 0.123968 
171200 0.00134059 0.123705 0.000215518 0 0 0.125266 0.123924 
171400 0.00133747 0.123661 0.00021469 0 0 0.125221 0.12388 
171600 0.00133435 0.123617 0.000213862 0 0 0.125175 0.123836 
171800 0.00133123 0.123573 0.000213034 0 0 0.12513 0.123791 
172000 0.00132812 0.123529 0.000212206 0 0 0.125084 0.123747 
172200 0.001325 0.123485 0.000211378 0 0 0.125039 0.123703 
172400 0.00132193 0.123441 0.000210576 0 0 0.124992 0.12366 
172600 0.00131892 0.123399 0.000209799 0 0 0.124945 0.123617 
172800 0.0013159 0.123356 0.000209023 0 0 0.124898 0.123574 
173000 0.00131289 0.123313 0.000208246 0 0 0.124851 0.123532 
173200 0.00130987 0.123271 0.00020747 0 0 0.124804 0.123489 
173400 0.00130686 0.123228 0.000206693 0 0 0.124757 0.123447 
173600 0.00130384 0.123186 0.000205917 0 0 0.12471 0.123404 
173800 0.00130083 0.123143 0.00020514 0 0 0.124663 0.123361 
174000 0.00129781 0.1231 0.000204364 0 0 0.124616 0.123319 
174200 0.0012948 0.123058 0.000203587 0 0 0.124569 0.123276 
174400 0.00129178 0.123015 0.000202811 0 0 0.124522 0.123233 
174600 0.00128877 0.122972 0.000202034 0 0 0.124475 0.123191 
174800 0.00128575 0.12293 0.000201258 0 0 0.124427 0.123148 
175000 0.00128274 0.122887 0.000200481 0 0 0.12438 0.123105 
175200 0.00127972 0.122844 0.000199705 0 0 0.124333 0.123063 
175400 0.00127671 0.122802 0.000198928 0 0 0.124286 0.12302 
175600 0.00127369 0.122759 0.000198152 0 0 0.124239 0.122977 
175800 0.00127096 0.122719 0.000197465 0 0 0.124195 0.122934 
176000 0.00126823 0.122679 0.000196779 0 0 0.12415 0.122891 
176200 0.0012655 0.122638 0.000196093 0 0 0.124106 0.122848 
176400 0.00126277 0.122598 0.000195406 0 0 0.124062 0.122805 
176600 0.00126004 0.122558 0.00019472 0 0 0.124017 0.122762 
176800 0.0012573 0.122518 0.000194034 0 0 0.123973 0.122719 
177000 0.00125457 0.122478 0.000193347 0 0 0.123929 0.122677 
177200 0.00125184 0.122437 0.000192661 0 0 0.123884 0.122634 
177400 0.00124911 0.122397 0.000191975 0 0 0.12384 0.122591 
177600 0.00124638 0.122357 0.000191288 0 0 0.123796 0.122548 
177800 0.00124365 0.122317 0.000190602 0 0 0.123751 0.122505 
178000 0.00124092 0.122276 0.000189915 0 0 0.123707 0.122462 
178200 0.00123818 0.122236 0.000189229 0 0 0.123662 0.122419 
178400 0.00123545 0.122196 0.000188543 0 0 0.123618 0.122376 
178600 0.00123272 0.122156 0.000187856 0 0 0.123574 0.122333 
178800 0.00122999 0.122116 0.00018717 0 0 0.123529 0.12229 
179000 0.00122726 0.122075 0.000186484 0 0 0.123485 0.122247 
179200 0.00122458 0.122035 0.000185819 0 0 0.123441 0.122205 
179400 0.00122196 0.121995 0.000185175 0 0 0.123396 0.122165 
179600 0.00121934 0.121955 0.000184532 0 0 0.123352 0.122125 
179800 0.00121672 0.121915 0.000183889 0 0 0.123307 0.122084 
180000 0.0012141 0.121874 0.000183245 0 0 0.123263 0.122044 
180200 0.00121148 0.121834 0.000182602 0 0 0.123219 0.122004 
180400 0.00120886 0.121794 0.000181958 0 0 0.123174 0.121964 
180600 0.00120624 0.121754 0.000181315 0 0 0.12313 0.121924 
180800 0.00120362 0.121714 0.000180672 0 0 0.123086 0.121883 
181000 0.001201 0.121673 0.000180028 0 0 0.123041 0.121843 
181200 0.00119837 0.121633 0.000179385 0 0 0.122997 0.121803 
181400 0.00119575 0.121593 0.000178742 0 0 0.122952 0.121763 
181600 0.00119313 0.121553 0.000178098 0 0 0.122908 0.121723 
181800 0.00119051 0.121512 0.000177455 0 0 0.122864 0.121682 
182000 0.00118789 0.121472 0.000176811 0 0 0.122819 0.121642 
182200 0.00118527 0.121432 0.000176168 0 0 0.122775 0.121602 
182400 0.00118265 0.121392 0.000175525 0 0 0.122731 0.121562 
182600 0.00118003 0.121352 0.000174881 0 0 0.122686 0.121521 
182800 0.00117749 0.12131 0.000174275 0 0 0.122642 0.121478 
183000 0.00117495 0.121268 0.000173669 0 0 0.122597 0.121436 
183200 0.00117242 0.121227 0.000173063 0 0 0.122553 0.121393 
183400 0.00116988 0.121185 0.000172457 0 0 0.122509 0.12135 
183600 0.00116734 0.121144 0.000171852 0 0 0.122464 0.121307 
183800 0.00116481 0.121102 0.000171246 0 0 0.12242 0.121264 
184000 0.00116227 0.12106 0.00017064 0 0 0.122376 0.121221 
184200 0.00115973 0.121019 0.000170034 0 0 0.122331 0.121178 
184400 0.00115719 0.120977 0.000169428 0 0 0.122287 0.121135 
184600 0.00115466 0.120936 0.000168822 0 0 0.122243 0.121092 
184800 0.00115212 0.120894 0.000168216 0 0 0.122198 0.121049 
185000 0.00114958 0.120852 0.00016761 0 0 0.122154 0.121006 
185200 0.00114704 0.120811 0.000167004 0 0 0.122109 0.120963 
185400 0.00114451 0.120769 0.000166398 0 0 0.122065 0.12092 
185600 0.00114197 0.120728 0.000165792 0 0 0.122021 0.120877 
185800 0.00113943 0.120686 0.000165186 0 0 0.121976 0.120834 
186000 0.00113689 0.120644 0.00016458 0 0 0.121932 0.120791 
186200 0.00113447 0.120605 0.000164009 0 0 0.121889 0.12075 
186400 0.00113216 0.120567 0.000163473 0 0 0.121849 0.120712 
186600 0.00112985 0.120529 0.000162936 0 0 0.121808 0.120674 
186800 0.00112754 0.120491 0.0001624 0 0 0.121767 0.120636 
187000 0.00112524 0.120452 0.000161863 0 0 0.121727 0.120598 
187200 0.00112293 0.120414 0.000161327 0 0 0.121686 0.12056 
187400 0.00112062 0.120376 0.00016079 0 0 0.121645 0.120522 
187600 0.00111831 0.120338 0.000160254 0 0 0.121605 0.120484 
187800 0.001116 0.1203 0.000159717 0 0 0.121564 0.120446 
188000 0.00111369 0.120262 0.000159181 0 0 0.121523 0.120408 
188200 0.00111138 0.120224 0.000158644 0 0 0.121483 0.12037 
188400 0.00110908 0.120186 0.000158108 0 0 0.121442 0.120332 
188600 0.00110677 0.120148 0.000157571 0 0 0.121401 0.120294 
188800 0.00110446 0.12011 0.000157035 0 0 0.121361 0.120256 
189000 0.00110215 0.120072 0.000156499 0 0 0.12132 0.120218 
189200 0.00109984 0.120034 0.000155962 0 0 0.121279 0.12018 
189400 0.00109753 0.119996 0.000155426 0 0 0.121239 0.120142 
189600 0.00109523 0.119958 0.000154889 0 0 0.121198 0.120104 
189800 0.00109292 0.11992 0.000154353 0 0 0.121157 0.120066 
190000 0.00109069 0.119879 0.00015385 0 0 0.121116 0.120025 
190200 0.00108846 0.119839 0.000153347 0 0 0.121074 0.119984 
190400 0.00108623 0.119798 0.000152844 0 0 0.121032 0.119944 
190600 0.001084 0.119757 0.000152341 0 0 0.12099 0.119903 
190800 0.00108177 0.119717 0.000151838 0 0 0.120948 0.119862 
191000 0.00107954 0.119676 0.000151335 0 0 0.120906 0.119822 
191200 0.00107731 0.119635 0.000150832 0 0 0.120864 0.119781 
191400 0.00107508 0.119595 0.000150329 0 0 0.120822 0.11974 
191600 0.00107285 0.119554 0.000149826 0 0 0.12078 0.1197 
191800 0.00107062 0.119513 0.000149322 0 0 0.120738 0.119659 
192000 0.00106839 0.119473 0.000148819 0 0 0.120696 0.119618 
192200 0.00106616 0.119432 0.000148316 0 0 0.120654 0.119578 
192400 0.00106393 0.119391 0.000147813 0 0 0.120612 0.119537 
192600 0.0010617 0.119351 0.00014731 0 0 0.12057 0.119496 
192800 0.00105947 0.11931 0.000146807 0 0 0.120528 0.119456 
193000 0.00105724 0.119269 0.000146304 0 0 0.120486 0.119415 
193200 0.00105501 0.119229 0.000145801 0 0 0.120444 0.119374 
193400 0.00105278 0.119188 0.000145298 0 0 0.120402 0.119334 
193600 0.00105063 0.119149 0.000144817 0 0 0.120361 0.119295 
193800 0.00104856 0.119112 0.000144357 0 0 0.12032 0.119258 
194000 0.00104649 0.119075 0.000143897 0 0 0.120279 0.119221 
194200 0.00104442 0.119038 0.000143438 0 0 0.120238 0.119184 
194400 0.00104236 0.119001 0.000142978 0 0 0.120197 0.119147 
194600 0.00104029 0.118964 0.000142518 0 0 0.120156 0.11911 
194800 0.00103822 0.118927 0.000142058 0 0 0.120115 0.119073 
195000 0.00103615 0.11889 0.000141599 0 0 0.120074 0.119036 
195200 0.00103408 0.118853 0.000141139 0 0 0.120034 0.118999 
195400 0.00103201 0.118816 0.000140679 0 0 0.119993 0.118961 
195600 0.00102994 0.118779 0.000140219 0 0 0.119952 0.118924 
195800 0.00102787 0.118742 0.00013976 0 0 0.119911 0.118887 
196000 0.0010258 0.118705 0.0001393 0 0 0.11987 0.11885 
196200 0.00102373 0.118668 0.00013884 0 0 0.119829 0.118813 
196400 0.00102167 0.118631 0.00013838 0 0 0.119788 0.118776 
196600 0.0010196 0.118594 0.00013792 0 0 0.119748 0.118739 
196800 0.00101753 0.118557 0.000137461 0 0 0.119707 0.118702 
197000 0.00101546 0.11852 0.000137001 0 0 0.119666 0.118665 
197200 0.00101339 0.118483 0.000136541 0 0 0.119625 0.118628 
197400 0.00101135 0.118445 0.000136095 0 0 0.119585 0.118591 
197600 0.00100934 0.118407 0.000135662 0 0 0.119545 0.118553 
197800 0.00100732 0.11837 0.000135229 0 0 0.119506 0.118515 
198000 0.00100531 0.118332 0.000134796 0 0 0.119466 0.118478 
198200 0.0010033 0.118294 0.000134363 0 0 0.119427 0.11844 
198400 0.00100128 0.118256 0.00013393 0 0 0.119387 0.118402 
198600 0.00099927 0.118219 0.000133497 0 0 0.119347 0.118364 
198800 0.000997257 0.118181 0.000133064 0 0 0.119308 0.118327 
199000 0.000995244 0.118143 0.000132631 0 0 0.119268 0.118289 
199200 0.000993231 0.118105 0.000132198 0 0 0.119229 0.118251 
199400 0.000991218 0.118068 0.000131765 0 0 0.119189 0.118213 
199600 0.000989204 0.11803 0.000131332 0 0 0.11915 0.118176 
199800 0.000987191 0.117992 0.000130899 0 0 0.11911 0.118138 
200000 0.000985178 0.117954 0.000130466 0 0 0.119071 0.1181 
