1000 0.966341 0.0184302 1870.71 0 0 1871.62 1870.72 
1200 0.922123 0.0252113 1119.52 0 0 1120.43 1119.53 
1400 0.879279 0.0325795 722.137 0 0 723.046 722.151 
1600 0.834357 0.0402134 491.619 0 0 492.378 491.636 
1800 0.787934 0.0478669 348.738 0 0 349.563 348.8 
2000 0.741891 0.0554534 255.372 0 0 256.154 255.437 
2200 0.697395 0.062844 192.499 0 0 193.281 192.567 
2400 0.655099 0.0699595 148.59 0 0 149.299 148.66 
2600 0.615557 0.0767786 116.897 0 0 117.594 116.97 
2800 0.578457 0.0832301 93.4975 0 0 94.1945 93.6154 
3000 0.543838 0.0893508 75.8813 0 0 76.4933 75.9588 
3200 0.511618 0.0950877 62.4067 0 0 62.9763 62.4861 
3400 0.482091 0.100469 51.8837 0 0 52.4532 51.9951 
3600 0.454877 0.105459 43.5599 0 0 44.1262 43.6488 
3800 0.429779 0.110128 36.9143 0 0 37.4538 37.0239 
4000 0.406707 0.114459 31.5186 0 0 32.0413 31.6337 
4200 0.385587 0.118454 27.133 0 0 27.6379 27.2501 
4400 0.366117 0.122211 23.4984 0 0 23.9862 23.6199 
4600 0.348192 0.12564 20.4686 0 0 20.9411 20.5915 
4800 0.331728 0.128854 17.9346 0 0 18.393 18.0625 
5000 0.316512 0.13185 15.7908 0 0 16.2411 15.9233 
5200 0.302516 0.13463 13.9802 0 0 14.4168 14.1134 
5400 0.289551 0.13721 12.4204 0 0 12.8486 12.5585 
5600 0.277526 0.139616 11.0824 0 0 11.5024 11.2253 
5800 0.266428 0.141871 9.93189 0 0 10.3402 10.0717 
6000 0.256051 0.144003 8.92435 0 0 9.3235 9.06827 
6200 0.246478 0.145986 8.05375 0 0 8.44731 8.20234 
6400 0.237466 0.147857 7.28317 0 0 7.66972 7.43217 
6600 0.229099 0.149615 6.61258 0 0 6.99235 6.76196 
6800 0.221218 0.151268 6.01339 0 0 6.38656 6.16699 
7000 0.213894 0.152848 5.49025 0 0 5.85703 5.64272 
7200 0.206929 0.154327 5.01795 0 0 5.37865 5.17266 
7400 0.200447 0.155775 4.60198 0 0 4.95885 4.75914 
7600 0.194272 0.157099 4.22709 0 0 4.57781 4.38427 
7800 0.188498 0.158384 3.89298 0 0 4.23991 4.05138 
8000 0.183009 0.159616 3.58961 0 0 3.93233 3.74936 
8200 0.177853 0.160803 3.31985 0 0 3.6586 3.48084 
8400 0.172898 0.161939 3.07268 0 0 3.40727 3.2345 
8600 0.168219 0.162991 2.85058 0 0 3.18194 3.01359 
8800 0.163771 0.164034 2.64893 0 0 2.97671 2.81293 
9000 0.159524 0.165038 2.46514 0 0 2.78966 2.63001 
9200 0.155463 0.166004 2.29746 0 0 2.61905 2.46343 
9400 0.151598 0.166927 2.14409 0 0 2.46282 2.31112 
9600 0.147871 0.167825 2.00361 0 0 2.31914 2.1713 
9800 0.144321 0.168661 1.87479 0 0 2.18792 2.04345 
10000 0.140905 0.169507 1.7568 0 0 2.06726 1.92644 
10200 0.137677 0.170321 1.65072 0 0 1.95858 1.82086 
10400 0.134392 0.171118 1.54653 0 0 1.85211 1.71765 
10600 0.131447 0.171834 1.45721 0 0 1.76032 1.62922 
10800 0.128587 0.172551 1.37315 0 0 1.6742 1.54603 
11000 0.12573 0.173267 1.29408 0 0 1.59306 1.46745 
11200 0.122949 0.173976 1.21927 0 0 1.51619 1.39347 
11400 0.12032 0.174649 1.15171 0 0 1.44665 1.32642 
11600 0.11783 0.175267 1.09029 0 0 1.38333 1.26542 
11800 0.11536 0.175908 1.03097 0 0 1.32229 1.20676 
12000 0.112983 0.176526 0.97617 0 0 1.2658 1.15257 
12200 0.110693 0.177102 0.925828 0 0 1.21362 1.10274 
12400 0.108399 0.177687 0.877069 0 0 1.163 1.05469 
12600 0.106324 0.178226 0.834294 0 0 1.11849 1.01229 
12800 0.104174 0.178784 0.792144 0 0 1.07485 0.970833 
13000 0.102101 0.179301 0.752904 0 0 1.03419 0.932067 
13200 0.10013 0.179804 0.716569 0 0 0.996473 0.896235 
13400 0.098239 0.18031 0.682588 0 0 0.961146 0.86288 
13600 0.0963507 0.180788 0.650272 0 0 0.927483 0.830905 
13800 0.0945502 0.181245 0.620577 0 0 0.896482 0.801812 
14000 0.092782 0.181699 0.592287 0 0 0.866894 0.774011 
14200 0.0910447 0.182149 0.565314 0 0 0.83863 0.747408 
14400 0.0893874 0.18258 0.540459 0 0 0.812523 0.723165 
14600 0.0877543 0.182988 0.516742 0 0 0.787548 0.699832 
14800 0.0861539 0.183394 0.49409 0 0 0.763625 0.677492 
15000 0.0845992 0.183809 0.472716 0 0 0.740958 0.656437 
15200 0.0831117 0.184194 0.453108 0 0 0.720252 0.637097 
15400 0.0816275 0.184568 0.434015 0 0 0.700092 0.618422 
15600 0.0801717 0.184936 0.41591 0 0 0.681093 0.60088 
15800 0.0787882 0.185292 0.3994 0 0 0.663462 0.584656 
16000 0.0774308 0.185637 0.383379 0 0 0.646339 0.568939 
16200 0.076107 0.185966 0.367965 0 0 0.629869 0.553879 
16400 0.0747842 0.186289 0.353343 0 0 0.614335 0.539517 
16600 0.0734939 0.186604 0.339379 0 0 0.599475 0.525844 
16800 0.0722788 0.186901 0.326623 0 0 0.585803 0.513492 
17000 0.0710641 0.187202 0.314351 0 0 0.572636 0.50164 
17200 0.0698496 0.187505 0.302341 0 0 0.559741 0.490058 
17400 0.0686877 0.187803 0.291077 0 0 0.547612 0.478965 
17600 0.067558 0.188086 0.280267 0 0 0.53598 0.468355 
17800 0.0664882 0.188342 0.270301 0 0 0.525271 0.458643 
18000 0.0654188 0.188595 0.260684 0 0 0.514853 0.449279 
18200 0.0643496 0.188846 0.2513 0 0 0.504629 0.440148 
18400 0.0633018 0.189076 0.242431 0 0 0.494817 0.431511 
18600 0.0622682 0.189304 0.233749 0 0 0.485207 0.423058 
18800 0.0613276 0.189541 0.225927 0 0 0.476751 0.415471 
19000 0.0603871 0.189773 0.218232 0 0 0.468391 0.408005 
19200 0.0594469 0.189987 0.210915 0 0 0.46032 0.400904 
19400 0.0585163 0.1902 0.203772 0 0 0.452444 0.393966 
19600 0.0576001 0.190409 0.196891 0 0 0.444859 0.387273 
19800 0.0567101 0.190599 0.190392 0 0 0.437675 0.380966 
20000 0.0558414 0.190773 0.184204 0 0 0.430818 0.374976 
20200 0.0549994 0.190955 0.178381 0 0 0.424322 0.369322 
20400 0.0541756 0.191132 0.172636 0 0 0.41791 0.363734 
20600 0.0533651 0.191303 0.167192 0 0 0.411833 0.358468 
20800 0.0525619 0.191471 0.161908 0 0 0.405937 0.353375 
21000 0.0517989 0.191623 0.156924 0 0 0.40035 0.348551 
21200 0.0510575 0.191766 0.152102 0 0 0.394928 0.343872 
21400 0.0503271 0.191907 0.147529 0 0 0.389755 0.33944 
21600 0.049604 0.192046 0.143124 0 0 0.384745 0.335171 
21800 0.0488812 0.192176 0.138851 0 0 0.379888 0.331026 
22000 0.0481586 0.192296 0.134708 0 0 0.375182 0.327004 
22200 0.0474587 0.19242 0.130699 0 0 0.370614 0.32312 
22400 0.046793 0.192552 0.12689 0 0 0.366254 0.319444 
22600 0.046136 0.192679 0.12316 0 0 0.361981 0.315842 
22800 0.0455052 0.192789 0.119669 0 0 0.357966 0.312461 
23000 0.0448751 0.192898 0.116193 0 0 0.353967 0.309095 
23200 0.0442588 0.192986 0.113006 0 0 0.350254 0.305993 
23400 0.0436425 0.193075 0.109819 0 0 0.34654 0.302891 
23600 0.0430564 0.193162 0.10682 0 0 0.34305 0.299993 
23800 0.042478 0.193249 0.103868 0 0 0.339616 0.297147 
24000 0.0419113 0.193333 0.101047 0 0 0.336309 0.29441 
24200 0.0413564 0.193414 0.098356 0 0 0.333129 0.291783 
24400 0.0408054 0.193494 0.0956978 0 0 0.329985 0.289191 
24600 0.0402766 0.193574 0.0932225 0 0 0.327047 0.286796 
24800 0.0397479 0.193653 0.0907472 0 0 0.32411 0.2844 
25000 0.03923 0.193719 0.088378 0 0 0.321305 0.282095 
25200 0.0387157 0.19378 0.0860442 0 0 0.318545 0.279819 
25400 0.038213 0.19384 0.0837964 0 0 0.315864 0.27763 
25600 0.0377315 0.193895 0.0817087 0 0 0.313333 0.275602 
25800 0.0372501 0.193951 0.079621 0 0 0.310802 0.273574 
26000 0.0367805 0.193992 0.0776342 0 0 0.308397 0.271629 
26200 0.036313 0.19403 0.0756653 0 0 0.306015 0.269699 
26400 0.0358559 0.194074 0.0737629 0 0 0.303706 0.26784 
26600 0.0354181 0.194127 0.0719839 0 0 0.301533 0.266115 
26800 0.0349803 0.19418 0.070205 0 0 0.29936 0.26439 
27000 0.0345513 0.194209 0.0685117 0 0 0.29727 0.262726 
27200 0.0341253 0.19423 0.066847 0 0 0.295208 0.261082 
27400 0.0337036 0.194253 0.0652057 0 0 0.293174 0.259463 
27600 0.0333062 0.194288 0.0636969 0 0 0.291298 0.257987 
27800 0.0329088 0.194324 0.0621882 0 0 0.289422 0.256511 
28000 0.0325158 0.194351 0.0607219 0 0 0.287588 0.25507 
28200 0.0321281 0.194368 0.0593074 0 0 0.285807 0.253672 
28400 0.0317405 0.194384 0.057893 0 0 0.284025 0.252275 
28600 0.0313713 0.1944 0.0565846 0 0 0.28236 0.250983 
28800 0.0310083 0.194416 0.0553116 0 0 0.280733 0.249726 
29000 0.0306453 0.194432 0.0540386 0 0 0.279106 0.248469 
29200 0.0302986 0.194433 0.0528575 0 0 0.27759 0.24729 
29400 0.0299527 0.194434 0.0516813 0 0 0.276081 0.246115 
29600 0.0296078 0.194436 0.0505116 0 0 0.274578 0.244947 
29800 0.0292722 0.194446 0.0494002 0 0 0.273129 0.243845 
30000 0.0289366 0.194455 0.0482889 0 0 0.27168 0.242744 
30200 0.028607 0.194467 0.0472309 0 0 0.270301 0.241671 
30400 0.028292 0.194453 0.046224 0 0 0.268969 0.240676 
30600 0.0279769 0.194439 0.0452171 0 0 0.267638 0.239681 
30800 0.0276661 0.194429 0.0442361 0 0 0.266338 0.238704 
31000 0.027365 0.194427 0.0433153 0 0 0.265113 0.237769 
31200 0.0270639 0.194424 0.0423945 0 0 0.263889 0.236833 
31400 0.0267687 0.194418 0.0414986 0 0 0.262689 0.235923 
31600 0.0264871 0.194402 0.0406609 0 0 0.261548 0.235072 
31800 0.0262055 0.194386 0.0398231 0 0 0.260407 0.234221 
32000 0.0259253 0.19437 0.0389955 0 0 0.259279 0.233379 
32200 0.0256507 0.194354 0.0382085 0 0 0.258203 0.232569 
32400 0.0253761 0.194338 0.0374214 0 0 0.257127 0.231759 
32600 0.0251033 0.194321 0.0366416 0 0 0.25606 0.230957 
32800 0.0248468 0.194289 0.0359268 0 0 0.255068 0.230223 
33000 0.0245903 0.194257 0.0352121 0 0 0.254076 0.229489 
33200 0.0243338 0.194226 0.0344974 0 0 0.253084 0.228754 
33400 0.0240856 0.194206 0.0338325 0 0 0.252144 0.228054 
33600 0.0238384 0.194188 0.0331731 0 0 0.251209 0.227357 
33800 0.0235912 0.19417 0.0325138 0 0 0.250275 0.22666 
34000 0.0233524 0.194138 0.0318868 0 0 0.249374 0.226003 
34200 0.0231181 0.194097 0.0312773 0 0 0.248492 0.225369 
34400 0.0228838 0.194056 0.0306678 0 0 0.247611 0.224734 
34600 0.0226541 0.194018 0.0300773 0 0 0.246754 0.224114 
34800 0.0224331 0.193986 0.0295219 0 0 0.245945 0.223523 
35000 0.0222121 0.193953 0.0289665 0 0 0.245137 0.222932 
35200 0.0219911 0.193921 0.0284112 0 0 0.244328 0.22234 
35400 0.0217762 0.193879 0.027889 0 0 0.243555 0.221773 
35600 0.0215616 0.193837 0.0273685 0 0 0.242783 0.221207 
35800 0.021347 0.193795 0.0268481 0 0 0.242012 0.22064 
36000 0.0211407 0.193752 0.0263562 0 0 0.241272 0.220105 
36200 0.0209412 0.193709 0.0258877 0 0 0.240557 0.219596 
36400 0.0207418 0.193666 0.0254191 0 0 0.239842 0.219087 
36600 0.0205423 0.193623 0.0249505 0 0 0.239127 0.218578 
36800 0.0203502 0.19358 0.0245131 0 0 0.238448 0.218093 
37000 0.020158 0.193537 0.0240756 0 0 0.237769 0.217608 
37200 0.0199659 0.193494 0.0236381 0 0 0.23709 0.217122 
37400 0.0197783 0.193446 0.023217 0 0 0.236434 0.216654 
37600 0.0195962 0.193393 0.0228159 0 0 0.235806 0.216205 
37800 0.019414 0.193339 0.0224148 0 0 0.235178 0.215756 
38000 0.0192319 0.193286 0.0220138 0 0 0.23455 0.215308 
38200 0.0190583 0.193243 0.0216421 0 0 0.233955 0.214885 
38400 0.0188868 0.193202 0.0212777 0 0 0.233369 0.214468 
38600 0.0187153 0.193161 0.0209133 0 0 0.232783 0.214052 
38800 0.0185441 0.193119 0.0205501 0 0 0.232198 0.213637 
39000 0.0183772 0.193056 0.0202072 0 0 0.231632 0.213245 
39200 0.0182104 0.192993 0.0198643 0 0 0.231066 0.212854 
39400 0.0180435 0.192929 0.0195215 0 0 0.2305 0.212462 
39600 0.01788 0.19287 0.0191874 0 0 0.229944 0.212073 
39800 0.0177242 0.192819 0.0188737 0 0 0.229414 0.211691 
40000 0.0175685 0.192769 0.0185601 0 0 0.228884 0.211309 
40200 0.0174148 0.192714 0.0182578 0 0 0.228373 0.210962 
40400 0.0172636 0.192656 0.0179621 0 0 0.227868 0.210617 
40600 0.0171161 0.192593 0.0176763 0 0 0.227373 0.210275 
40800 0.0169686 0.192531 0.0173906 0 0 0.226879 0.209933 
41000 0.0168212 0.192468 0.0171048 0 0 0.226385 0.209592 
41200 0.016676 0.192406 0.0168288 0 0 0.225903 0.209257 
41400 0.0165337 0.192344 0.0165646 0 0 0.225436 0.20893 
41600 0.0163913 0.192283 0.0163005 0 0 0.224969 0.208603 
41800 0.016249 0.192221 0.0160364 0 0 0.224501 0.208276 
42000 0.0161106 0.192159 0.0157821 0 0 0.224049 0.207956 
42200 0.0159769 0.192097 0.0155399 0 0 0.223614 0.207646 
42400 0.0158433 0.192034 0.0152977 0 0 0.223179 0.207335 
42600 0.0157097 0.191972 0.0150556 0 0 0.222744 0.207024 
42800 0.0155781 0.19191 0.0148198 0 0 0.222314 0.206723 
43000 0.0154502 0.191848 0.0145958 0 0 0.221892 0.206438 
43200 0.0153224 0.191786 0.0143719 0 0 0.22147 0.206154 
43400 0.0151946 0.191724 0.014148 0 0 0.221049 0.20587 
43600 0.0150685 0.191662 0.0139282 0 0 0.220634 0.205587 
43800 0.0149491 0.191594 0.0137249 0 0 0.220247 0.20531 
44000 0.0148297 0.191527 0.0135216 0 0 0.219859 0.205034 
44200 0.0147103 0.19146 0.0133183 0 0 0.219472 0.204757 
44400 0.014591 0.191393 0.0131151 0 0 0.219085 0.20448 
44600 0.0144743 0.191322 0.0129233 0 0 0.218707 0.204222 
44800 0.014358 0.19125 0.0127329 0 0 0.218329 0.203965 
45000 0.0142417 0.191178 0.0125424 0 0 0.217952 0.203708 
45200 0.0141253 0.191107 0.012352 0 0 0.217574 0.203451 
45400 0.0140137 0.191032 0.0121722 0 0 0.21721 0.203204 
45600 0.0139052 0.190956 0.0119996 0 0 0.216855 0.202963 
45800 0.0137967 0.190879 0.011827 0 0 0.2165 0.202722 
46000 0.0136882 0.190803 0.0116544 0 0 0.216145 0.202482 
46200 0.0135804 0.190728 0.0114838 0 0 0.215793 0.202242 
46400 0.0134769 0.190661 0.0113245 0 0 0.215461 0.202006 
46600 0.0133734 0.190595 0.0111651 0 0 0.215129 0.20177 
46800 0.0132699 0.190529 0.0110058 0 0 0.214796 0.201534 
47000 0.0131664 0.190462 0.0108464 0 0 0.214464 0.201298 
47200 0.0130662 0.19039 0.0106947 0 0 0.214141 0.20107 
47400 0.0129678 0.190314 0.0105471 0 0 0.213823 0.200846 
47600 0.0128694 0.190238 0.0103995 0 0 0.213505 0.200622 
47800 0.012771 0.190161 0.0102519 0 0 0.213187 0.200399 
48000 0.0126729 0.190085 0.010105 0 0 0.21287 0.200176 
48200 0.0125794 0.190011 0.00997045 0 0 0.212568 0.199966 
48400 0.0124858 0.189936 0.00983593 0 0 0.212266 0.199756 
48600 0.0123923 0.189862 0.00970141 0 0 0.211964 0.199546 
48800 0.0122987 0.189788 0.00956689 0 0 0.211662 0.199336 
49000 0.0122071 0.189714 0.00943644 0 0 0.211365 0.199131 
49200 0.0121191 0.189641 0.00931356 0 0 0.211078 0.198934 
49400 0.0120311 0.189568 0.00919068 0 0 0.210791 0.198738 
49600 0.0119431 0.189495 0.0090678 0 0 0.210504 0.198541 
49800 0.0118551 0.189422 0.00894493 0 0 0.210217 0.198344 
50000 0.0117681 0.189328 0.00882174 0 0 0.209909 0.198153 
50200 0.0116839 0.189249 0.00870826 0 0 0.209631 0.197957 
50400 0.0115997 0.18917 0.00859477 0 0 0.209352 0.197762 
50600 0.0115155 0.189091 0.00848129 0 0 0.209073 0.197566 
50800 0.0114313 0.189011 0.00836781 0 0 0.208794 0.197371 
51000 0.0113505 0.188933 0.00826069 0 0 0.20853 0.197184 
51200 0.0112712 0.188854 0.00815631 0 0 0.208271 0.197002 
51400 0.0111919 0.188776 0.00805192 0 0 0.208013 0.19682 
51600 0.0111126 0.188697 0.00794754 0 0 0.207754 0.196638 
51800 0.0110333 0.188619 0.00784315 0 0 0.207496 0.196456 
52000 0.0109564 0.188539 0.00774361 0 0 0.207245 0.196281 
52200 0.0108804 0.18846 0.00764614 0 0 0.206997 0.196109 
52400 0.0108045 0.18838 0.00754867 0 0 0.20675 0.195937 
52600 0.0107286 0.188301 0.0074512 0 0 0.206502 0.195765 
52800 0.0106526 0.188221 0.00735373 0 0 0.206255 0.195593 
53000 0.0105797 0.188143 0.00726233 0 0 0.206011 0.195424 
53200 0.0105085 0.188066 0.0071742 0 0 0.205769 0.195257 
53400 0.0104372 0.187989 0.00708607 0 0 0.205526 0.19509 
53600 0.0103659 0.187912 0.00699795 0 0 0.205284 0.194923 
53800 0.0102946 0.187834 0.00690982 0 0 0.205042 0.194756 
54000 0.0102248 0.187754 0.00682461 0 0 0.204805 0.19459 
54200 0.0101566 0.187669 0.00674297 0 0 0.204573 0.194425 
54400 0.0100885 0.187585 0.00666134 0 0 0.204341 0.194259 
54600 0.0100204 0.1875 0.00657971 0 0 0.204109 0.194094 
54800 0.00995228 0.187415 0.00649808 0 0 0.203877 0.193929 
55000 0.00988474 0.187333 0.0064177 0 0 0.203648 0.193765 
55200 0.00981953 0.187258 0.00634235 0 0 0.203429 0.193611 
55400 0.00975432 0.187183 0.00626701 0 0 0.203209 0.193457 
55600 0.00968911 0.187108 0.00619166 0 0 0.202989 0.193302 
55800 0.0096239 0.187033 0.00611631 0 0 0.20277 0.193148 
56000 0.00955869 0.186957 0.00604096 0 0 0.20255 0.192994 
56200 0.00949762 0.186876 0.0059713 0 0 0.202336 0.192841 
56400 0.00943729 0.186794 0.00590263 0 0 0.202122 0.19269 
56600 0.00937696 0.186711 0.00583397 0 0 0.201909 0.192538 
56800 0.00931663 0.186629 0.0057653 0 0 0.201695 0.192386 
57000 0.0092563 0.186547 0.00569664 0 0 0.201482 0.192234 
57200 0.00919663 0.186462 0.00563 0 0 0.201272 0.192083 
57400 0.00913818 0.186373 0.00556711 0 0 0.20107 0.191934 
57600 0.00907974 0.186285 0.00550421 0 0 0.200868 0.191785 
57800 0.00902129 0.186196 0.00544132 0 0 0.200666 0.191636 
58000 0.00896284 0.186108 0.00537843 0 0 0.200464 0.191487 
58200 0.0089044 0.186019 0.00531554 0 0 0.200262 0.191338 
58400 0.00884898 0.185938 0.00525627 0 0 0.200061 0.191196 
58600 0.00879456 0.185858 0.0051982 0 0 0.199861 0.191057 
58800 0.00874015 0.185779 0.00514013 0 0 0.19966 0.190918 
59000 0.00868574 0.185699 0.00508207 0 0 0.19946 0.190779 
59200 0.00863133 0.18562 0.005024 0 0 0.19926 0.19064 
59400 0.00857696 0.18554 0.00496606 0 0 0.199061 0.190501 
59600 0.00852329 0.185457 0.00491041 0 0 0.198881 0.190362 
59800 0.00846961 0.185374 0.00485476 0 0 0.1987 0.190224 
60000 0.00841594 0.185292 0.00479911 0 0 0.19852 0.190086 
60200 0.00836426 0.185203 0.00474665 0 0 0.198324 0.189951 
60400 0.00831259 0.185115 0.00469419 0 0 0.198127 0.189816 
60600 0.00826142 0.185029 0.00464261 0 0 0.197935 0.189682 
60800 0.00821177 0.18495 0.00459371 0 0 0.197756 0.189547 
61000 0.00816213 0.184872 0.0045448 0 0 0.197577 0.189413 
61200 0.00811248 0.184794 0.0044959 0 0 0.197398 0.189278 
61400 0.00806284 0.184715 0.00444699 0 0 0.197219 0.189144 
61600 0.0080132 0.184637 0.00439809 0 0 0.19704 0.18901 
61800 0.00796474 0.184557 0.00435037 0 0 0.196863 0.188879 
62000 0.00791847 0.184475 0.00430485 0 0 0.196688 0.188753 
62200 0.00787221 0.184393 0.00425933 0 0 0.196513 0.188627 
62400 0.00782594 0.184311 0.00421381 0 0 0.196339 0.188502 
62600 0.00777968 0.18423 0.00416829 0 0 0.196164 0.188376 
62800 0.00773341 0.184148 0.00412277 0 0 0.19599 0.188251 
63000 0.00768759 0.184064 0.00407841 0 0 0.195815 0.188126 
63200 0.00764278 0.183975 0.00403673 0 0 0.195642 0.188003 
63400 0.00759797 0.183886 0.00399506 0 0 0.195469 0.187879 
63600 0.00755317 0.183797 0.00395339 0 0 0.195296 0.187756 
63800 0.00750836 0.183708 0.00391171 0 0 0.195122 0.187632 
64000 0.00746355 0.183619 0.00387004 0 0 0.194949 0.187509 
64200 0.00741916 0.183531 0.00382885 0 0 0.194777 0.187385 
64400 0.00737712 0.18345 0.00379043 0 0 0.194615 0.187264 
64600 0.00733508 0.183369 0.003752 0 0 0.194453 0.187142 
64800 0.00729304 0.183289 0.00371357 0 0 0.194291 0.187021 
65000 0.007251 0.183208 0.00367514 0 0 0.194129 0.186899 
65200 0.00720897 0.183127 0.00363672 0 0 0.193966 0.186778 
65400 0.00716693 0.183046 0.00359829 0 0 0.193804 0.186656 
65600 0.00712699 0.182961 0.00356276 0 0 0.193644 0.186537 
65800 0.00708729 0.182876 0.00352756 0 0 0.193484 0.186419 
66000 0.0070476 0.18279 0.00349235 0 0 0.193324 0.1863 
66200 0.0070079 0.182705 0.00345715 0 0 0.193164 0.186181 
66400 0.0069682 0.182619 0.00342194 0 0 0.193005 0.186063 
66600 0.0069285 0.182534 0.00338673 0 0 0.192845 0.185944 
66800 0.00688959 0.182452 0.00335303 0 0 0.19269 0.185826 
67000 0.00685148 0.182373 0.00332084 0 0 0.19254 0.185709 
67200 0.00681337 0.182295 0.00328864 0 0 0.19239 0.185591 
67400 0.00677525 0.182216 0.00325644 0 0 0.192241 0.185474 
67600 0.00673714 0.182138 0.00322424 0 0 0.192091 0.185357 
67800 0.00669903 0.182059 0.00319205 0 0 0.191941 0.185239 
68000 0.00666091 0.181981 0.00315985 0 0 0.191792 0.185122 
68200 0.00662518 0.181899 0.00312999 0 0 0.191644 0.185014 
68400 0.00658957 0.181816 0.00310026 0 0 0.191496 0.184906 
68600 0.00655396 0.181734 0.00307052 0 0 0.191349 0.184798 
68800 0.00651835 0.181652 0.00304079 0 0 0.191201 0.18469 
69000 0.00648274 0.181569 0.00301105 0 0 0.191054 0.184583 
69200 0.00644713 0.181487 0.00298132 0 0 0.190907 0.184475 
69400 0.00641207 0.181405 0.00295226 0 0 0.19076 0.184365 
69600 0.00637826 0.181322 0.00292479 0 0 0.190614 0.184251 
69800 0.00634445 0.18124 0.00289732 0 0 0.190469 0.184137 
70000 0.00631064 0.181157 0.00286985 0 0 0.190324 0.184024 
70200 0.00627684 0.181075 0.00284238 0 0 0.190179 0.18391 
70400 0.00624303 0.180993 0.00281491 0 0 0.190033 0.183796 
70600 0.00620922 0.18091 0.00278744 0 0 0.189888 0.183682 
70800 0.00617617 0.180825 0.00276121 0 0 0.189744 0.183573 
71000 0.00614373 0.180739 0.00273599 0 0 0.189602 0.183468 
71200 0.00611129 0.180652 0.00271078 0 0 0.18946 0.183362 
71400 0.00607885 0.180565 0.00268557 0 0 0.189318 0.183257 
71600 0.00604641 0.180478 0.00266035 0 0 0.189176 0.183152 
71800 0.00601398 0.180391 0.00263514 0 0 0.189034 0.183047 
72000 0.00598154 0.180305 0.00260993 0 0 0.188892 0.182941 
72200 0.00595034 0.180223 0.00258608 0 0 0.188754 0.182834 
72400 0.00591982 0.180144 0.00256297 0 0 0.18862 0.182725 
72600 0.00588929 0.180065 0.00253985 0 0 0.188486 0.182616 
72800 0.00585876 0.179986 0.00251674 0 0 0.188351 0.182507 
73000 0.00582824 0.179907 0.00249363 0 0 0.188217 0.182398 
73200 0.00579771 0.179828 0.00247052 0 0 0.188083 0.182289 
73400 0.00576718 0.179749 0.00244741 0 0 0.187948 0.18218 
73600 0.00573775 0.179667 0.00242547 0 0 0.187815 0.182075 
73800 0.00570906 0.179583 0.00240431 0 0 0.187684 0.181973 
74000 0.00568036 0.179498 0.00238315 0 0 0.187552 0.18187 
74200 0.00565166 0.179414 0.00236199 0 0 0.187421 0.181768 
74400 0.00562297 0.179329 0.00234084 0 0 0.187289 0.181666 
74600 0.00559427 0.179245 0.00231968 0 0 0.187157 0.181564 
74800 0.00556557 0.17916 0.00229852 0 0 0.187026 0.181462 
75000 0.0055375 0.179077 0.00227797 0 0 0.186895 0.181361 
75200 0.00551038 0.178995 0.00225832 0 0 0.186765 0.181261 
75400 0.00548325 0.178913 0.00223868 0 0 0.186635 0.181162 
75600 0.00545612 0.178831 0.00221903 0 0 0.186506 0.181062 
75800 0.005429 0.178749 0.00219938 0 0 0.186376 0.180963 
76000 0.00540187 0.178667 0.00217974 0 0 0.186246 0.180863 
76200 0.00537475 0.178585 0.00216009 0 0 0.186116 0.180764 
76400 0.00534775 0.178503 0.00214062 0 0 0.185987 0.180665 
76600 0.00532193 0.178422 0.00212274 0 0 0.18586 0.180567 
76800 0.00529611 0.17834 0.00210486 0 0 0.185734 0.180468 
77000 0.00527028 0.178259 0.00208698 0 0 0.185608 0.18037 
77200 0.00524446 0.178178 0.00206911 0 0 0.185481 0.180272 
77400 0.00521864 0.178097 0.00205123 0 0 0.185355 0.180174 
77600 0.00519281 0.178016 0.00203335 0 0 0.185229 0.180076 
77800 0.00516699 0.177935 0.00201547 0 0 0.185102 0.179978 
78000 0.00514172 0.177855 0.0019984 0 0 0.18498 0.179878 
78200 0.00511681 0.177775 0.00198188 0 0 0.184861 0.179775 
78400 0.0050919 0.177695 0.00196535 0 0 0.184742 0.179673 
78600 0.00506699 0.177615 0.00194882 0 0 0.184623 0.179571 
78800 0.00504208 0.177535 0.0019323 0 0 0.184504 0.179468 
79000 0.00501717 0.177455 0.00191577 0 0 0.184385 0.179366 
79200 0.00499226 0.177375 0.00189925 0 0 0.184266 0.179264 
79400 0.00496735 0.177295 0.00188272 0 0 0.184147 0.179161 
79600 0.00494439 0.177213 0.00186716 0 0 0.184023 0.179066 
79800 0.00492143 0.177132 0.0018516 0 0 0.1839 0.178971 
80000 0.00489847 0.177051 0.00183604 0 0 0.183776 0.178876 
80200 0.00487581 0.176974 0.00182104 0 0 0.183664 0.178781 
80400 0.00485315 0.176898 0.00180603 0 0 0.183551 0.178686 
80600 0.0048305 0.176821 0.00179102 0 0 0.183439 0.178592 
80800 0.00480784 0.176744 0.00177601 0 0 0.183326 0.178497 
81000 0.0047853 0.176666 0.00176129 0 0 0.183212 0.178402 
81200 0.00476311 0.176583 0.00174741 0 0 0.183091 0.178309 
81400 0.00474093 0.1765 0.00173353 0 0 0.182971 0.178215 
81600 0.00471874 0.176417 0.00171966 0 0 0.182851 0.178121 
81800 0.00469655 0.176334 0.00170578 0 0 0.18273 0.178028 
82000 0.00467436 0.176251 0.0016919 0 0 0.18261 0.177934 
82200 0.00465217 0.176168 0.00167802 0 0 0.18249 0.177841 
82400 0.00462999 0.176085 0.00166415 0 0 0.182369 0.177747 
82600 0.0046082 0.176003 0.00165057 0 0 0.182251 0.177654 
82800 0.00458735 0.175922 0.00163771 0 0 0.182137 0.177563 
83000 0.00456651 0.175841 0.00162485 0 0 0.182024 0.177471 
83200 0.00454566 0.17576 0.00161199 0 0 0.18191 0.17738 
83400 0.00452482 0.175679 0.00159913 0 0 0.181797 0.177289 
83600 0.00450397 0.175598 0.00158627 0 0 0.181683 0.177197 
83800 0.00448312 0.175518 0.00157341 0 0 0.18157 0.177106 
84000 0.00446228 0.175437 0.00156054 0 0 0.181456 0.177014 
84200 0.00444175 0.175356 0.00154795 0 0 0.181343 0.176923 
84400 0.00442219 0.175276 0.00153618 0 0 0.181232 0.176833 
84600 0.00440263 0.175196 0.0015244 0 0 0.181122 0.176743 
84800 0.00438307 0.175116 0.00151262 0 0 0.181011 0.176653 
85000 0.00436351 0.175036 0.00150084 0 0 0.1809 0.176562 
85200 0.00434395 0.174956 0.00148906 0 0 0.180789 0.176472 
85400 0.00432439 0.174876 0.00147728 0 0 0.180678 0.176382 
85600 0.00430483 0.174796 0.00146551 0 0 0.180567 0.176292 
85800 0.00428527 0.174717 0.00145373 0 0 0.180457 0.176201 
86000 0.00426657 0.174638 0.00144285 0 0 0.180352 0.176112 
86200 0.00424786 0.174559 0.00143198 0 0 0.180248 0.176023 
86400 0.00422916 0.174479 0.0014211 0 0 0.180143 0.175934 
86600 0.00421045 0.174401 0.00141023 0 0 0.180039 0.175845 
86800 0.00419175 0.174321 0.00139935 0 0 0.179935 0.175756 
87000 0.00417305 0.174242 0.00138848 0 0 0.17983 0.175666 
87200 0.00415434 0.174163 0.0013776 0 0 0.179726 0.175577 
87400 0.00413564 0.174084 0.00136673 0 0 0.179621 0.175488 
87600 0.00411761 0.174007 0.00135644 0 0 0.179515 0.175397 
87800 0.00409995 0.17393 0.00134646 0 0 0.179408 0.175305 
88000 0.00408229 0.173852 0.00133649 0 0 0.179301 0.175213 
88200 0.00406462 0.173775 0.00132651 0 0 0.179194 0.175121 
88400 0.00404696 0.173698 0.00131654 0 0 0.179088 0.175029 
88600 0.0040293 0.173621 0.00130656 0 0 0.178981 0.174937 
88800 0.00401163 0.173544 0.00129659 0 0 0.178874 0.174845 
89000 0.00399397 0.173467 0.00128661 0 0 0.178767 0.174753 
89200 0.00397641 0.17339 0.00127672 0 0 0.17866 0.174661 
89400 0.00395979 0.173314 0.0012676 0 0 0.178556 0.174576 
89600 0.00394318 0.173239 0.00125849 0 0 0.178451 0.174491 
89800 0.00392656 0.173163 0.00124937 0 0 0.178347 0.174406 
90000 0.00390994 0.173088 0.00124025 0 0 0.178242 0.174321 
90200 0.00389332 0.173013 0.00123114 0 0 0.178138 0.174236 
90400 0.0038767 0.172937 0.00122202 0 0 0.178033 0.174151 
90600 0.00386008 0.172862 0.0012129 0 0 0.177929 0.174066 
90800 0.00384346 0.172786 0.00120379 0 0 0.177824 0.173981 
91000 0.00382714 0.17271 0.00119492 0 0 0.177722 0.173896 
91200 0.00381138 0.172631 0.00118653 0 0 0.177623 0.173812 
91400 0.00379562 0.172552 0.00117814 0 0 0.177524 0.173729 
91600 0.00377987 0.172473 0.00116975 0 0 0.177425 0.173645 
91800 0.00376411 0.172394 0.00116136 0 0 0.177326 0.173561 
92000 0.00374835 0.172315 0.00115297 0 0 0.177227 0.173478 
92200 0.00373259 0.172236 0.00114458 0 0 0.177128 0.173394 
92400 0.00371683 0.172158 0.00113619 0 0 0.177029 0.17331 
92600 0.00370107 0.172079 0.00112779 0 0 0.17693 0.173227 
92800 0.00368567 0.172002 0.00111968 0 0 0.17683 0.173141 
93000 0.00367069 0.171928 0.00111189 0 0 0.176729 0.173053 
93200 0.00365572 0.171854 0.00110411 0 0 0.176628 0.172965 
93400 0.00364074 0.17178 0.00109633 0 0 0.176527 0.172877 
93600 0.00362577 0.171706 0.00108854 0 0 0.176426 0.172789 
93800 0.0036108 0.171632 0.00108076 0 0 0.176325 0.172701 
94000 0.00359582 0.171559 0.00107298 0 0 0.176224 0.172613 
94200 0.00358085 0.171485 0.00106519 0 0 0.176123 0.172525 
94400 0.00356588 0.171411 0.00105741 0 0 0.176022 0.172437 
94600 0.00355124 0.171336 0.0010499 0 0 0.175923 0.172352 
94800 0.0035371 0.17126 0.00104279 0 0 0.175828 0.172272 
95000 0.00352296 0.171184 0.00103568 0 0 0.175732 0.172191 
95200 0.00350882 0.171108 0.00102857 0 0 0.175637 0.172111 
95400 0.00349469 0.171032 0.00102146 0 0 0.175542 0.17203 
95600 0.00348055 0.170956 0.00101435 0 0 0.175447 0.17195 
95800 0.00346641 0.170881 0.00100724 0 0 0.175351 0.171869 
96000 0.00345227 0.170805 0.00100013 0 0 0.175256 0.171789 
96200 0.00343813 0.170729 0.000993015 0 0 0.175161 0.171708 
96400 0.00342411 0.170653 0.00098599 0 0 0.175066 0.171628 
96600 0.00341075 0.170577 0.000979444 0 0 0.174972 0.171548 
96800 0.00339739 0.170502 0.000972899 0 0 0.174878 0.171468 
97000 0.00338403 0.170426 0.000966354 0 0 0.174785 0.171387 
97200 0.00337066 0.17035 0.000959808 0 0 0.174691 0.171307 
97400 0.0033573 0.170275 0.000953263 0 0 0.174597 0.171227 
97600 0.00334394 0.170199 0.000946717 0 0 0.174504 0.171147 
97800 0.00333058 0.170123 0.000940172 0 0 0.17441 0.171067 
98000 0.00331721 0.170048 0.000933627 0 0 0.174316 0.170987 
98200 0.00330385 0.169972 0.000927081 0 0 0.174222 0.170906 
98400 0.003291 0.169897 0.000920935 0 0 0.174129 0.170827 
98600 0.00327831 0.169823 0.000914922 0 0 0.174035 0.170748 
98800 0.00326563 0.169748 0.000908908 0 0 0.173941 0.170668 
99000 0.00325295 0.169674 0.000902895 0 0 0.173847 0.170589 
99200 0.00324026 0.1696 0.000896882 0 0 0.173754 0.17051 
99400 0.00322758 0.169525 0.000890868 0 0 0.17366 0.170431 
99600 0.00321489 0.169451 0.000884855 0 0 0.173566 0.170352 
99800 0.00320221 0.169377 0.000878842 0 0 0.173472 0.170273 
100000 0.00318953 0.169302 0.000872829 0 0 0.173379 0.170193 
100200 0.0031792 0.169242 0.000867737 0 0 0.173276 0.17009 
100400 0.00316684 0.169167 0.000862064 0 0 0.173182 0.170011 
100600 0.00315448 0.169092 0.000856392 0 0 0.173088 0.169931 
100800 0.00314212 0.169017 0.000850719 0 0 0.172994 0.169852 
101000 0.00312976 0.168942 0.000845047 0 0 0.172901 0.169773 
101200 0.0031174 0.168867 0.000839374 0 0 0.172807 0.169693 
101400 0.00310504 0.168792 0.000833702 0 0 0.172713 0.169614 
101600 0.00309268 0.168717 0.000828029 0 0 0.17262 0.169535 
101800 0.00308032 0.168643 0.000822357 0 0 0.172526 0.169455 
102000 0.00306796 0.168568 0.000816684 0 0 0.172432 0.169376 
102200 0.00305614 0.168493 0.000811302 0 0 0.172341 0.169297 
102400 0.00304488 0.168417 0.00080621 0 0 0.172253 0.169217 
102600 0.00303361 0.168342 0.000801118 0 0 0.172165 0.169137 
102800 0.00302234 0.168266 0.000796026 0 0 0.172077 0.169058 
103000 0.00301107 0.168191 0.000790934 0 0 0.171989 0.168978 
103200 0.0029998 0.168116 0.000785842 0 0 0.171901 0.168898 
103400 0.00298853 0.16804 0.000780751 0 0 0.171813 0.168819 
103600 0.00297726 0.167965 0.000775659 0 0 0.171725 0.168739 
103800 0.00296599 0.16789 0.000770567 0 0 0.171636 0.16866 
104000 0.00295472 0.167814 0.000765475 0 0 0.171548 0.16858 
104200 0.0029439 0.167742 0.000760686 0 0 0.171462 0.168504 
104400 0.00293354 0.167674 0.000756201 0 0 0.171378 0.168431 
104600 0.00292317 0.167605 0.000751715 0 0 0.171294 0.168359 
104800 0.00291281 0.167536 0.000747229 0 0 0.171211 0.168286 
105000 0.00290244 0.167468 0.000742743 0 0 0.171127 0.168213 
105200 0.00289208 0.167399 0.000738258 0 0 0.171043 0.168141 
105400 0.00288172 0.167331 0.000733772 0 0 0.170959 0.168068 
105600 0.00287135 0.167262 0.000729286 0 0 0.170875 0.167995 
105800 0.00286099 0.167193 0.000724801 0 0 0.170791 0.167923 
106000 0.00285062 0.167125 0.000720315 0 0 0.170707 0.16785 
106200 0.00284026 0.167056 0.000715829 0 0 0.170623 0.167777 
106400 0.00282976 0.166981 0.000711374 0 0 0.170534 0.167698 
106600 0.00281927 0.166905 0.000706919 0 0 0.170445 0.167618 
106800 0.00280878 0.16683 0.000702463 0 0 0.170356 0.167538 
107000 0.00279828 0.166755 0.000698007 0 0 0.170267 0.167459 
107200 0.00278779 0.166679 0.000693552 0 0 0.170178 0.167379 
107400 0.00277729 0.166604 0.000689097 0 0 0.170089 0.1673 
107600 0.0027668 0.166528 0.000684641 0 0 0.17 0.16722 
107800 0.00275631 0.166453 0.000680186 0 0 0.169911 0.16714 
108000 0.00274581 0.166378 0.000675731 0 0 0.169822 0.167061 
108200 0.00273532 0.166302 0.000671275 0 0 0.169733 0.166981 
108400 0.00272613 0.166237 0.000667456 0 0 0.169652 0.166912 
108600 0.00271694 0.166171 0.000663638 0 0 0.169571 0.166842 
108800 0.00270775 0.166106 0.000659819 0 0 0.16949 0.166773 
109000 0.00269856 0.16604 0.000656 0 0 0.169409 0.166704 
109200 0.00268937 0.165975 0.000652181 0 0 0.169328 0.166634 
109400 0.00268018 0.165909 0.000648362 0 0 0.169247 0.166565 
109600 0.002671 0.165844 0.000644543 0 0 0.169167 0.166496 
109800 0.00266181 0.165778 0.000640724 0 0 0.169086 0.166426 
110000 0.00265262 0.165713 0.000636905 0 0 0.169005 0.166357 
110200 0.00264343 0.165647 0.000633086 0 0 0.168924 0.166287 
110400 0.00263424 0.165582 0.000629268 0 0 0.168843 0.166218 
110600 0.00262498 0.16551 0.00062555 0 0 0.168758 0.166142 
110800 0.00261573 0.165438 0.000621832 0 0 0.168673 0.166066 
111000 0.00260647 0.165366 0.000618114 0 0 0.168588 0.165991 
111200 0.00259721 0.165295 0.000614396 0 0 0.168504 0.165915 
111400 0.00258795 0.165223 0.000610678 0 0 0.168419 0.165839 
111600 0.0025787 0.165151 0.00060696 0 0 0.168334 0.165763 
111800 0.00256944 0.165079 0.000603242 0 0 0.168249 0.165687 
112000 0.00256018 0.165007 0.000599524 0 0 0.168165 0.165612 
112200 0.00255092 0.164936 0.000595807 0 0 0.16808 0.165536 
112400 0.00254167 0.164864 0.000592089 0 0 0.167995 0.16546 
112600 0.00253276 0.164793 0.000588571 0 0 0.167912 0.165385 
112800 0.00252419 0.164724 0.000585254 0 0 0.167831 0.165312 
113000 0.00251563 0.164655 0.000581936 0 0 0.16775 0.165239 
113200 0.00250707 0.164585 0.000578619 0 0 0.167669 0.165166 
113400 0.00249851 0.164516 0.000575301 0 0 0.167588 0.165092 
113600 0.00248995 0.164447 0.000571984 0 0 0.167507 0.165019 
113800 0.00248139 0.164377 0.000568666 0 0 0.167427 0.164946 
114000 0.00247282 0.164308 0.000565349 0 0 0.167346 0.164873 
114200 0.00246426 0.164238 0.000562032 0 0 0.167265 0.1648 
114400 0.0024557 0.164169 0.000558714 0 0 0.167184 0.164726 
114600 0.00244714 0.1641 0.000555397 0 0 0.167103 0.164653 
114800 0.00243893 0.164032 0.000552244 0 0 0.167024 0.164582 
115000 0.00243108 0.163966 0.000549255 0 0 0.166946 0.164512 
115200 0.00242322 0.163899 0.000546266 0 0 0.166869 0.164442 
115400 0.00241537 0.163833 0.000543277 0 0 0.166791 0.164371 
115600 0.00240752 0.163767 0.000540289 0 0 0.166714 0.164301 
115800 0.00239966 0.1637 0.0005373 0 0 0.166637 0.164231 
116000 0.00239181 0.163634 0.000534312 0 0 0.166559 0.164161 
116200 0.00238396 0.163568 0.000531323 0 0 0.166482 0.164091 
116400 0.0023761 0.163501 0.000528334 0 0 0.166404 0.164021 
116600 0.00236825 0.163435 0.000525345 0 0 0.166327 0.163951 
116800 0.0023604 0.163368 0.000522357 0 0 0.16625 0.163881 
117000 0.00235254 0.163302 0.000519368 0 0 0.166172 0.163811 
117200 0.00234461 0.163233 0.000516436 0 0 0.166091 0.163742 
117400 0.00233667 0.163163 0.000513505 0 0 0.16601 0.163673 
117600 0.00232873 0.163094 0.000510573 0 0 0.165929 0.163603 
117800 0.0023208 0.163025 0.000507641 0 0 0.165848 0.163534 
118000 0.00231286 0.162955 0.00050471 0 0 0.165768 0.163464 
118200 0.00230492 0.162886 0.000501778 0 0 0.165687 0.163395 
118400 0.00229698 0.162817 0.000498846 0 0 0.165606 0.163326 
118600 0.00228905 0.162747 0.000495915 0 0 0.165525 0.163256 
118800 0.00228111 0.162678 0.000492983 0 0 0.165444 0.163187 
119000 0.00227317 0.162609 0.000490051 0 0 0.165363 0.163118 
119200 0.00226524 0.162539 0.00048712 0 0 0.165282 0.163048 
119400 0.00225825 0.162475 0.000484609 0 0 0.165208 0.16298 
119600 0.00225126 0.162411 0.000482098 0 0 0.165134 0.162913 
119800 0.00224427 0.162346 0.000479588 0 0 0.165059 0.162845 
120000 0.00223728 0.162282 0.000477077 0 0 0.164985 0.162777 
120200 0.00223029 0.162217 0.000474567 0 0 0.164911 0.162709 
120400 0.00222331 0.162153 0.000472056 0 0 0.164837 0.162641 
120600 0.00221632 0.162089 0.000469546 0 0 0.164763 0.162573 
120800 0.00220933 0.162024 0.000467035 0 0 0.164688 0.162505 
121000 0.00220234 0.16196 0.000464524 0 0 0.164614 0.162437 
121200 0.00219535 0.161896 0.000462014 0 0 0.16454 0.16237 
121400 0.00218836 0.161831 0.000459503 0 0 0.164466 0.162302 
121600 0.00218138 0.161767 0.000456993 0 0 0.164392 0.162234 
121800 0.0021746 0.161703 0.000454624 0 0 0.16432 0.162167 
122000 0.00216783 0.16164 0.000452254 0 0 0.164249 0.1621 
122200 0.00216106 0.161576 0.000449885 0 0 0.164178 0.162032 
122400 0.00215428 0.161513 0.000447516 0 0 0.164106 0.161965 
122600 0.00214751 0.161449 0.000445147 0 0 0.164035 0.161898 
122800 0.00214074 0.161386 0.000442778 0 0 0.163963 0.161831 
123000 0.00213397 0.161322 0.000440409 0 0 0.163892 0.161764 
123200 0.00212719 0.161258 0.00043804 0 0 0.16382 0.161697 
123400 0.00212042 0.161195 0.000435671 0 0 0.163749 0.16163 
123600 0.00211365 0.161131 0.000433301 0 0 0.163678 0.161563 
123800 0.00210687 0.161068 0.000430932 0 0 0.163606 0.161495 
124000 0.0021001 0.161004 0.000428563 0 0 0.163535 0.161428 
124200 0.00209361 0.160937 0.00042636 0 0 0.16346 0.161361 
124400 0.00208713 0.16087 0.000424157 0 0 0.163385 0.161294 
124600 0.00208064 0.160803 0.000421954 0 0 0.16331 0.161227 
124800 0.00207415 0.160736 0.000419751 0 0 0.163235 0.16116 
125000 0.00206767 0.160669 0.000417548 0 0 0.16316 0.161093 
125200 0.00206118 0.160601 0.000415346 0 0 0.163085 0.161026 
125400 0.0020547 0.160534 0.000413143 0 0 0.16301 0.160959 
125600 0.00204821 0.160467 0.00041094 0 0 0.162935 0.160891 
125800 0.00204172 0.1604 0.000408737 0 0 0.16286 0.160824 
126000 0.00203524 0.160333 0.000406534 0 0 0.162785 0.160757 
126200 0.00202875 0.160266 0.000404331 0 0 0.16271 0.16069 
126400 0.00202226 0.160199 0.000402128 0 0 0.162635 0.160623 
126600 0.00201599 0.160134 0.000400059 0 0 0.162561 0.160555 
126800 0.00200972 0.16007 0.000397991 0 0 0.162487 0.160487 
127000 0.00200345 0.160006 0.000395922 0 0 0.162413 0.160419 
127200 0.00199718 0.159941 0.000393854 0 0 0.162339 0.160352 
127400 0.00199091 0.159877 0.000391785 0 0 0.162264 0.160284 
127600 0.00198464 0.159813 0.000389717 0 0 0.16219 0.160216 
127800 0.00197837 0.159748 0.000387648 0 0 0.162116 0.160148 
128000 0.0019721 0.159684 0.000385579 0 0 0.162042 0.16008 
128200 0.00196583 0.15962 0.000383511 0 0 0.161968 0.160012 
128400 0.00195956 0.159555 0.000381442 0 0 0.161894 0.159944 
128600 0.00195329 0.159491 0.000379374 0 0 0.161819 0.159876 
128800 0.00194702 0.159427 0.000377305 0 0 0.161745 0.159808 
129000 0.00194143 0.159364 0.00037551 0 0 0.161676 0.159746 
129200 0.00193584 0.159301 0.000373715 0 0 0.161607 0.159683 
129400 0.00193025 0.159239 0.000371919 0 0 0.161538 0.15962 
129600 0.00192466 0.159176 0.000370124 0 0 0.161468 0.159558 
129800 0.00191907 0.159113 0.000368329 0 0 0.161399 0.159495 
130000 0.00191348 0.159051 0.000366534 0 0 0.16133 0.159433 
130200 0.00190789 0.158988 0.000364739 0 0 0.161261 0.15937 
130400 0.0019023 0.158925 0.000362943 0 0 0.161192 0.159307 
130600 0.00189671 0.158863 0.000361148 0 0 0.161122 0.159245 
130800 0.00189112 0.1588 0.000359353 0 0 0.161053 0.159182 
131000 0.00188553 0.158737 0.000357558 0 0 0.160984 0.159119 
131200 0.00187994 0.158675 0.000355763 0 0 0.160915 0.159057 
131400 0.00187435 0.158612 0.000353967 0 0 0.160846 0.158994 
131600 0.00186877 0.15855 0.000352219 0 0 0.160774 0.158925 
131800 0.0018632 0.158489 0.000350471 0 0 0.160702 0.158857 
132000 0.00185763 0.158427 0.000348723 0 0 0.16063 0.158788 
132200 0.00185205 0.158365 0.000346975 0 0 0.160558 0.15872 
132400 0.00184648 0.158303 0.000345226 0 0 0.160486 0.158651 
132600 0.00184091 0.158241 0.000343478 0 0 0.160414 0.158583 
132800 0.00183533 0.15818 0.00034173 0 0 0.160342 0.158514 
133000 0.00182976 0.158118 0.000339982 0 0 0.16027 0.158445 
133200 0.00182419 0.158056 0.000338234 0 0 0.160198 0.158377 
133400 0.00181861 0.157994 0.000336485 0 0 0.160126 0.158308 
133600 0.00181304 0.157933 0.000334737 0 0 0.160054 0.15824 
133800 0.00180747 0.157871 0.000332989 0 0 0.159982 0.158171 
134000 0.00180218 0.15781 0.000331357 0 0 0.159915 0.158107 
134200 0.00179718 0.15775 0.000329842 0 0 0.159851 0.158047 
134400 0.00179218 0.157691 0.000328327 0 0 0.159788 0.157988 
134600 0.00178718 0.157631 0.000326812 0 0 0.159724 0.157928 
134800 0.00178218 0.157571 0.000325297 0 0 0.159661 0.157868 
135000 0.00177718 0.157512 0.000323782 0 0 0.159597 0.157809 
135200 0.00177218 0.157452 0.000322267 0 0 0.159534 0.157749 
135400 0.00176718 0.157393 0.000320752 0 0 0.15947 0.157689 
135600 0.00176218 0.157333 0.000319237 0 0 0.159407 0.15763 
135800 0.00175717 0.157273 0.000317723 0 0 0.159343 0.15757 
136000 0.00175217 0.157214 0.000316208 0 0 0.15928 0.157511 
136200 0.00174717 0.157154 0.000314693 0 0 0.159216 0.157451 
136400 0.00174217 0.157094 0.000313178 0 0 0.159153 0.157391 
136600 0.00173717 0.157035 0.000311663 0 0 0.159089 0.157332 
136800 0.00173221 0.156972 0.000310184 0 0 0.15902 0.157269 
137000 0.00172725 0.156909 0.000308705 0 0 0.158951 0.157206 
137200 0.00172229 0.156847 0.000307227 0 0 0.158882 0.157144 
137400 0.00171733 0.156784 0.000305748 0 0 0.158813 0.157081 
137600 0.00171236 0.156721 0.00030427 0 0 0.158743 0.157018 
137800 0.0017074 0.156659 0.000302791 0 0 0.158674 0.156956 
138000 0.00170244 0.156596 0.000301312 0 0 0.158605 0.156893 
138200 0.00169748 0.156533 0.000299834 0 0 0.158536 0.15683 
138400 0.00169252 0.156471 0.000298355 0 0 0.158467 0.156768 
138600 0.00168756 0.156408 0.000296877 0 0 0.158398 0.156705 
138800 0.00168259 0.156345 0.000295398 0 0 0.158328 0.156642 
139000 0.00167763 0.156283 0.000293919 0 0 0.158259 0.15658 
139200 0.00167267 0.15622 0.000292441 0 0 0.15819 0.156517 
139400 0.00166802 0.156159 0.000291105 0 0 0.158123 0.156456 
139600 0.00166337 0.156098 0.000289769 0 0 0.158057 0.156395 
139800 0.00165872 0.156037 0.000288433 0 0 0.15799 0.156334 
140000 0.00165407 0.155976 0.000287098 0 0 0.157923 0.156273 
140200 0.00164942 0.155915 0.000285762 0 0 0.157857 0.156212 
140400 0.00164477 0.155854 0.000284426 0 0 0.15779 0.156151 
140600 0.00164012 0.155793 0.00028309 0 0 0.157724 0.15609 
140800 0.00163548 0.155732 0.000281754 0 0 0.157657 0.156029 
141000 0.00163083 0.155671 0.000280418 0 0 0.15759 0.155968 
141200 0.00162618 0.15561 0.000279083 0 0 0.157524 0.155907 
141400 0.00162153 0.155549 0.000277747 0 0 0.157457 0.155846 
141600 0.00161688 0.155488 0.000276411 0 0 0.15739 0.155785 
141800 0.00161223 0.155427 0.000275075 0 0 0.157324 0.155724 
142000 0.00160777 0.155367 0.000273804 0 0 0.157258 0.155663 
142200 0.0016035 0.155309 0.000272598 0 0 0.157193 0.155601 
142400 0.00159923 0.155251 0.000271392 0 0 0.157128 0.15554 
142600 0.00159496 0.155193 0.000270185 0 0 0.157063 0.155479 
142800 0.00159069 0.155134 0.000268979 0 0 0.156999 0.155418 
143000 0.00158642 0.155076 0.000267773 0 0 0.156934 0.155357 
143200 0.00158215 0.155018 0.000266566 0 0 0.156869 0.155295 
143400 0.00157788 0.15496 0.00026536 0 0 0.156804 0.155234 
143600 0.00157361 0.154902 0.000264154 0 0 0.156739 0.155173 
143800 0.00156935 0.154844 0.000262948 0 0 0.156674 0.155112 
144000 0.00156508 0.154785 0.000261741 0 0 0.156609 0.155051 
144200 0.00156081 0.154727 0.000260535 0 0 0.156544 0.154989 
144400 0.00155654 0.154669 0.000259329 0 0 0.156479 0.154928 
144600 0.00155227 0.154611 0.000258122 0 0 0.156414 0.154867 
144800 0.00154806 0.154553 0.000256954 0 0 0.15635 0.154807 
145000 0.00154391 0.154494 0.000255823 0 0 0.156286 0.154749 
145200 0.00153977 0.154436 0.000254693 0 0 0.156221 0.154691 
145400 0.00153562 0.154378 0.000253562 0 0 0.156157 0.154633 
145600 0.00153148 0.15432 0.000252432 0 0 0.156093 0.154574 
145800 0.00152733 0.154262 0.000251301 0 0 0.156029 0.154516 
146000 0.00152318 0.154204 0.000250171 0 0 0.155964 0.154458 
146200 0.00151904 0.154145 0.00024904 0 0 0.1559 0.1544 
146400 0.00151489 0.154087 0.00024791 0 0 0.155836 0.154342 
146600 0.00151075 0.154029 0.000246779 0 0 0.155772 0.154284 
146800 0.0015066 0.153971 0.000245649 0 0 0.155707 0.154225 
147000 0.00150245 0.153913 0.000244518 0 0 0.155643 0.154167 
147200 0.00149831 0.153854 0.000243388 0 0 0.155579 0.154109 
147400 0.00149416 0.153796 0.000242257 0 0 0.155515 0.154051 
147600 0.00149018 0.153739 0.000241185 0 0 0.155453 0.153992 
147800 0.00148636 0.153683 0.00024017 0 0 0.155393 0.153932 
148000 0.00148254 0.153627 0.000239155 0 0 0.155334 0.153873 
148200 0.00147872 0.153571 0.00023814 0 0 0.155274 0.153813 
148400 0.00147491 0.153514 0.000237125 0 0 0.155215 0.153754 
148600 0.00147109 0.153458 0.00023611 0 0 0.155155 0.153694 
148800 0.00146727 0.153402 0.000235095 0 0 0.155095 0.153635 
149000 0.00146345 0.153346 0.00023408 0 0 0.155036 0.153575 
149200 0.00145963 0.15329 0.000233065 0 0 0.154976 0.153515 
149400 0.00145582 0.153234 0.00023205 0 0 0.154917 0.153456 
149600 0.001452 0.153177 0.000231035 0 0 0.154857 0.153396 
149800 0.00144818 0.153121 0.00023002 0 0 0.154798 0.153337 
150000 0.00144436 0.153065 0.000229005 0 0 0.154738 0.153277 
150200 0.00144028 0.153004 0.000227923 0 0 0.154677 0.153216 
150400 0.00143619 0.152943 0.000226841 0 0 0.154616 0.153156 
150600 0.00143261 0.152889 0.000225913 0 0 0.154556 0.153101 
150800 0.00142903 0.152835 0.000224985 0 0 0.154496 0.153047 
151000 0.00142544 0.152781 0.000224057 0 0 0.154436 0.152993 
151200 0.00142186 0.152726 0.000223129 0 0 0.154377 0.152938 
151400 0.00141828 0.152672 0.000222202 0 0 0.154317 0.152884 
151600 0.0014147 0.152618 0.000221274 0 0 0.154257 0.15283 
151800 0.00141111 0.152563 0.000220346 0 0 0.154197 0.152775 
152000 0.00140753 0.152509 0.000219418 0 0 0.154137 0.152721 
152200 0.00140395 0.152455 0.00021849 0 0 0.154077 0.152667 
152400 0.00140037 0.1524 0.000217562 0 0 0.154017 0.152613 
152600 0.00139678 0.152346 0.000216635 0 0 0.153957 0.152558 
152800 0.0013932 0.152292 0.000215707 0 0 0.153897 0.152504 
153000 0.00138962 0.152237 0.000214779 0 0 0.153837 0.15245 
153200 0.00138603 0.152183 0.000213851 0 0 0.153777 0.152395 
153400 0.00138245 0.152129 0.000212923 0 0 0.153717 0.152341 
153600 0.00137901 0.152071 0.000212052 0 0 0.153656 0.152283 
153800 0.00137557 0.152013 0.000211181 0 0 0.153596 0.152226 
154000 0.00137213 0.151956 0.000210309 0 0 0.153535 0.152168 
154200 0.00136869 0.151898 0.000209438 0 0 0.153475 0.15211 
154400 0.00136525 0.15184 0.000208567 0 0 0.153414 0.152052 
154600 0.00136181 0.151782 0.000207696 0 0 0.153354 0.151995 
154800 0.00135837 0.151725 0.000206824 0 0 0.153293 0.151937 
155000 0.00135493 0.151667 0.000205953 0 0 0.153232 0.151879 
155200 0.00135149 0.151609 0.000205082 0 0 0.153172 0.151821 
155400 0.00134805 0.151551 0.00020421 0 0 0.153111 0.151764 
155600 0.00134461 0.151494 0.000203339 0 0 0.153051 0.151706 
155800 0.00134117 0.151436 0.000202468 0 0 0.15299 0.151648 
156000 0.00133773 0.151378 0.000201597 0 0 0.15293 0.15159 
156200 0.00133429 0.15132 0.000200725 0 0 0.152869 0.151533 
156400 0.00133085 0.151263 0.000199854 0 0 0.152808 0.151475 
156600 0.00132753 0.151208 0.000199039 0 0 0.152748 0.151421 
156800 0.0013242 0.151154 0.000198225 0 0 0.152687 0.151366 
157000 0.00132088 0.1511 0.00019741 0 0 0.152627 0.151312 
157200 0.00131755 0.151045 0.000196595 0 0 0.152566 0.151258 
157400 0.00131423 0.150991 0.000195781 0 0 0.152506 0.151203 
157600 0.0013109 0.150937 0.000194966 0 0 0.152445 0.151149 
157800 0.00130758 0.150883 0.000194151 0 0 0.152384 0.151095 
158000 0.00130425 0.150828 0.000193337 0 0 0.152324 0.15104 
158200 0.00130093 0.150774 0.000192522 0 0 0.152263 0.150986 
158400 0.0012976 0.15072 0.000191707 0 0 0.152203 0.150932 
158600 0.00129428 0.150665 0.000190892 0 0 0.152142 0.150877 
158800 0.00129095 0.150611 0.000190078 0 0 0.152082 0.150823 
159000 0.00128763 0.150557 0.000189263 0 0 0.152021 0.150769 
159200 0.0012843 0.150502 0.000188448 0 0 0.15196 0.150715 
159400 0.00128098 0.150448 0.000187634 0 0 0.1519 0.15066 
159600 0.00127787 0.150395 0.000186892 0 0 0.151844 0.150604 
159800 0.00127477 0.150342 0.00018615 0 0 0.151788 0.150549 
160000 0.00127166 0.150289 0.000185408 0 0 0.151732 0.150493 
160200 0.00126855 0.150236 0.000184666 0 0 0.151676 0.150437 
160400 0.00126545 0.150182 0.000183924 0 0 0.15162 0.150381 
160600 0.00126234 0.150129 0.000183182 0 0 0.151564 0.150325 
160800 0.00125923 0.150076 0.000182441 0 0 0.151509 0.150269 
161000 0.00125613 0.150023 0.000181699 0 0 0.151453 0.150213 
161200 0.00125302 0.14997 0.000180957 0 0 0.151397 0.150157 
161400 0.00124991 0.149917 0.000180215 0 0 0.151341 0.150101 
161600 0.00124681 0.149864 0.000179473 0 0 0.151285 0.150046 
161800 0.0012437 0.14981 0.000178731 0 0 0.151229 0.14999 
162000 0.00124059 0.149757 0.000177989 0 0 0.151173 0.149934 
162200 0.00123749 0.149704 0.000177247 0 0 0.151117 0.149878 
162400 0.00123438 0.149651 0.000176506 0 0 0.151062 0.149822 
162600 0.00123138 0.149597 0.000175798 0 0 0.151006 0.149767 
162800 0.00122848 0.149543 0.000175124 0 0 0.150949 0.149713 
163000 0.00122557 0.149489 0.000174451 0 0 0.150893 0.149659 
163200 0.00122267 0.149435 0.000173777 0 0 0.150837 0.149605 
163400 0.00121977 0.149381 0.000173103 0 0 0.150781 0.14955 
163600 0.00121687 0.149327 0.00017243 0 0 0.150724 0.149496 
163800 0.00121397 0.149273 0.000171756 0 0 0.150668 0.149442 
164000 0.00121107 0.149218 0.000171083 0 0 0.150612 0.149388 
164200 0.00120817 0.149164 0.000170409 0 0 0.150556 0.149334 
164400 0.00120526 0.14911 0.000169735 0 0 0.1505 0.14928 
164600 0.00120236 0.149056 0.000169062 0 0 0.150443 0.149226 
164800 0.00119946 0.149002 0.000168388 0 0 0.150387 0.149172 
165000 0.00119656 0.148948 0.000167714 0 0 0.150331 0.149117 
165200 0.00119366 0.148894 0.000167041 0 0 0.150275 0.149063 
165400 0.00119076 0.148839 0.000166367 0 0 0.150219 0.149009 
165600 0.00118785 0.148785 0.000165694 0 0 0.150162 0.148955 
165800 0.00118506 0.148733 0.000165051 0 0 0.150107 0.148903 
166000 0.00118238 0.148683 0.000164439 0 0 0.150052 0.148853 
166200 0.00117969 0.148633 0.000163827 0 0 0.149997 0.148803 
166400 0.00117701 0.148583 0.000163215 0 0 0.149941 0.148753 
166600 0.00117433 0.148534 0.000162603 0 0 0.149886 0.148703 
166800 0.00117164 0.148484 0.000161991 0 0 0.149831 0.148653 
167000 0.00116896 0.148434 0.000161379 0 0 0.149776 0.148603 
167200 0.00116627 0.148384 0.000160767 0 0 0.149721 0.148553 
167400 0.00116359 0.148334 0.000160154 0 0 0.149666 0.148504 
167600 0.00116091 0.148284 0.000159542 0 0 0.149611 0.148454 
167800 0.00115822 0.148234 0.00015893 0 0 0.149556 0.148404 
168000 0.00115554 0.148184 0.000158318 0 0 0.149501 0.148354 
168200 0.00115285 0.148134 0.000157706 0 0 0.149446 0.148304 
168400 0.00115017 0.148084 0.000157094 0 0 0.149391 0.148254 
168600 0.00114749 0.148034 0.000156482 0 0 0.149336 0.148204 
168800 0.0011448 0.147984 0.00015587 0 0 0.149281 0.148154 
169000 0.00114212 0.147934 0.000155258 0 0 0.149226 0.148104 
169200 0.00113951 0.147882 0.000154685 0 0 0.149171 0.148052 
169400 0.00113691 0.147829 0.000154111 0 0 0.149115 0.147999 
169600 0.0011343 0.147777 0.000153538 0 0 0.14906 0.147947 
169800 0.00113169 0.147724 0.000152964 0 0 0.149005 0.147894 
170000 0.00112909 0.147672 0.000152391 0 0 0.14895 0.147842 
170200 0.00112648 0.14762 0.000151817 0 0 0.148895 0.147789 
170400 0.00112388 0.147567 0.000151244 0 0 0.14884 0.147737 
170600 0.00112127 0.147515 0.00015067 0 0 0.148785 0.147684 
170800 0.00111867 0.147462 0.000150097 0 0 0.14873 0.147632 
171000 0.00111606 0.14741 0.000149523 0 0 0.148675 0.147579 
171200 0.00111345 0.147357 0.00014895 0 0 0.14862 0.147527 
171400 0.00111085 0.147305 0.000148376 0 0 0.148565 0.147474 
171600 0.00110824 0.147252 0.000147803 0 0 0.14851 0.147422 
171800 0.00110564 0.1472 0.000147229 0 0 0.148455 0.147369 
172000 0.00110303 0.147147 0.000146656 0 0 0.1484 0.147317 
172200 0.00110043 0.147095 0.000146082 0 0 0.148345 0.147264 
172400 0.00109787 0.147043 0.000145526 0 0 0.14829 0.147212 
172600 0.00109537 0.146993 0.000144986 0 0 0.148237 0.147159 
172800 0.00109287 0.146943 0.000144446 0 0 0.148184 0.147107 
173000 0.00109037 0.146894 0.000143906 0 0 0.148131 0.147054 
173200 0.00108787 0.146844 0.000143366 0 0 0.148078 0.147002 
173400 0.00108537 0.146794 0.000142825 0 0 0.148025 0.146949 
173600 0.00108286 0.146744 0.000142285 0 0 0.147972 0.146897 
173800 0.00108036 0.146694 0.000141745 0 0 0.147919 0.146844 
174000 0.00107786 0.146644 0.000141205 0 0 0.147866 0.146792 
174200 0.00107536 0.146594 0.000140665 0 0 0.147813 0.146739 
174400 0.00107286 0.146544 0.000140125 0 0 0.14776 0.146687 
174600 0.00107036 0.146494 0.000139585 0 0 0.147707 0.146634 
174800 0.00106786 0.146444 0.000139045 0 0 0.147654 0.146582 
175000 0.00106536 0.146394 0.000138505 0 0 0.147601 0.146529 
175200 0.00106285 0.146344 0.000137965 0 0 0.147548 0.146477 
175400 0.00106035 0.146294 0.000137425 0 0 0.147495 0.146424 
175600 0.00105785 0.146245 0.000136885 0 0 0.147442 0.146372 
175800 0.00105559 0.146195 0.00013641 0 0 0.14739 0.146322 
176000 0.00105333 0.146146 0.000135935 0 0 0.147338 0.146273 
176200 0.00105107 0.146096 0.000135459 0 0 0.147286 0.146223 
176400 0.00104881 0.146047 0.000134984 0 0 0.147234 0.146174 
176600 0.00104655 0.145997 0.000134509 0 0 0.147182 0.146124 
176800 0.00104429 0.145948 0.000134034 0 0 0.14713 0.146075 
177000 0.00104203 0.145898 0.000133558 0 0 0.147078 0.146025 
177200 0.00103977 0.145849 0.000133083 0 0 0.147026 0.145976 
177400 0.00103751 0.145799 0.000132608 0 0 0.146974 0.145926 
177600 0.00103525 0.14575 0.000132133 0 0 0.146922 0.145877 
177800 0.00103299 0.1457 0.000131657 0 0 0.146871 0.145827 
178000 0.00103073 0.145651 0.000131182 0 0 0.146819 0.145778 
178200 0.00102847 0.145601 0.000130707 0 0 0.146767 0.145728 
178400 0.00102621 0.145552 0.000130232 0 0 0.146715 0.145679 
178600 0.00102395 0.145502 0.000129756 0 0 0.146663 0.145629 
178800 0.00102169 0.145453 0.000129281 0 0 0.146611 0.14558 
179000 0.00101943 0.145403 0.000128806 0 0 0.146559 0.14553 
179200 0.0010172 0.145354 0.000128345 0 0 0.146507 0.145481 
179400 0.00101502 0.145304 0.000127899 0 0 0.146455 0.145431 
179600 0.00101283 0.145255 0.000127453 0 0 0.146403 0.145382 
179800 0.00101065 0.145205 0.000127007 0 0 0.146351 0.145332 
180000 0.00100846 0.145156 0.000126561 0 0 0.146299 0.145283 
180200 0.00100627 0.145106 0.000126115 0 0 0.146247 0.145233 
180400 0.00100409 0.145057 0.000125668 0 0 0.146196 0.145184 
180600 0.0010019 0.145007 0.000125222 0 0 0.146144 0.145134 
180800 0.000999713 0.144958 0.000124776 0 0 0.146092 0.145085 
181000 0.000997526 0.144908 0.00012433 0 0 0.14604 0.145035 
181200 0.00099534 0.144859 0.000123884 0 0 0.145988 0.144986 
181400 0.000993153 0.144809 0.000123438 0 0 0.145936 0.144936 
181600 0.000990967 0.14476 0.000122992 0 0 0.145884 0.144887 
181800 0.00098878 0.14471 0.000122545 0 0 0.145832 0.144837 
182000 0.000986594 0.144661 0.000122099 0 0 0.14578 0.144788 
182200 0.000984407 0.144611 0.000121653 0 0 0.145728 0.144738 
182400 0.000982221 0.144562 0.000121207 0 0 0.145676 0.144689 
182600 0.000980034 0.144512 0.000120761 0 0 0.145624 0.144639 
182800 0.000977922 0.144465 0.000120341 0 0 0.145573 0.14459 
183000 0.00097581 0.144418 0.000119922 0 0 0.145521 0.144541 
183200 0.000973698 0.144371 0.000119502 0 0 0.145469 0.144491 
183400 0.000971585 0.144324 0.000119083 0 0 0.145417 0.144442 
183600 0.000969473 0.144277 0.000118664 0 0 0.145365 0.144392 
183800 0.000967361 0.14423 0.000118244 0 0 0.145313 0.144343 
184000 0.000965249 0.144183 0.000117825 0 0 0.145261 0.144293 
184200 0.000963137 0.144136 0.000117405 0 0 0.145209 0.144244 
184400 0.000961024 0.144089 0.000116986 0 0 0.145157 0.144194 
184600 0.000958912 0.144042 0.000116566 0 0 0.145105 0.144145 
184800 0.0009568 0.143994 0.000116147 0 0 0.145053 0.144095 
185000 0.000954688 0.143947 0.000115727 0 0 0.145001 0.144046 
185200 0.000952576 0.1439 0.000115308 0 0 0.144949 0.143996 
185400 0.000950464 0.143853 0.000114888 0 0 0.144898 0.143947 
185600 0.000948351 0.143806 0.000114469 0 0 0.144846 0.143897 
185800 0.000946239 0.143759 0.000114049 0 0 0.144794 0.143848 
186000 0.000944127 0.143712 0.00011363 0 0 0.144742 0.143798 
186200 0.000942106 0.143665 0.000113234 0 0 0.144692 0.143751 
186400 0.000940178 0.143617 0.000112863 0 0 0.144646 0.143706 
186600 0.000938249 0.14357 0.000112491 0 0 0.144599 0.143661 
186800 0.00093632 0.143523 0.00011212 0 0 0.144552 0.143616 
187000 0.000934392 0.143476 0.000111748 0 0 0.144505 0.143571 
187200 0.000932463 0.143428 0.000111377 0 0 0.144458 0.143526 
187400 0.000930534 0.143381 0.000111005 0 0 0.144412 0.143481 
187600 0.000928605 0.143334 0.000110633 0 0 0.144365 0.143436 
187800 0.000926677 0.143286 0.000110262 0 0 0.144318 0.143391 
188000 0.000924748 0.143239 0.00010989 0 0 0.144271 0.143346 
188200 0.000922819 0.143192 0.000109519 0 0 0.144224 0.143301 
188400 0.000920891 0.143144 0.000109147 0 0 0.144177 0.143256 
188600 0.000918962 0.143097 0.000108776 0 0 0.144131 0.143211 
188800 0.000917033 0.14305 0.000108404 0 0 0.144084 0.143165 
189000 0.000915104 0.143002 0.000108032 0 0 0.144037 0.14312 
189200 0.000913176 0.142955 0.000107661 0 0 0.14399 0.143075 
189400 0.000911247 0.142908 0.000107289 0 0 0.143943 0.14303 
189600 0.000909318 0.14286 0.000106918 0 0 0.143896 0.142985 
189800 0.00090739 0.142813 0.000106546 0 0 0.14385 0.14294 
190000 0.000905554 0.142766 0.000106198 0 0 0.1438 0.142894 
190200 0.000903718 0.142719 0.000105849 0 0 0.14375 0.142847 
190400 0.000901881 0.142673 0.0001055 0 0 0.143701 0.1428 
190600 0.000900046 0.142626 0.000105152 0 0 0.143651 0.142753 
190800 0.00089821 0.142579 0.000104803 0 0 0.143602 0.142706 
191000 0.000896374 0.142532 0.000104454 0 0 0.143552 0.142659 
191200 0.000894538 0.142485 0.000104106 0 0 0.143502 0.142613 
191400 0.000892702 0.142439 0.000103757 0 0 0.143453 0.142566 
191600 0.000890866 0.142392 0.000103409 0 0 0.143403 0.142519 
191800 0.00088903 0.142345 0.00010306 0 0 0.143354 0.142472 
192000 0.000887194 0.142298 0.000102711 0 0 0.143304 0.142425 
192200 0.000885358 0.142251 0.000102363 0 0 0.143254 0.142379 
192400 0.000883522 0.142204 0.000102014 0 0 0.143205 0.142332 
192600 0.000881686 0.142158 0.000101665 0 0 0.143155 0.142285 
192800 0.00087985 0.142111 0.000101317 0 0 0.143106 0.142238 
193000 0.000878014 0.142064 0.000100968 0 0 0.143056 0.142191 
193200 0.000876178 0.142017 0.000100619 0 0 0.143006 0.142144 
193400 0.000874342 0.14197 0.000100271 0 0 0.142957 0.142098 
193600 0.000872553 0.141924 9.9938E-005 0 0 0.142908 0.142051 
193800 0.00087081 0.141879 9.96209E-005 0 0 0.14286 0.142006 
194000 0.000869068 0.141833 9.93037E-005 0 0 0.142812 0.14196 
194200 0.000867326 0.141787 9.89866E-005 0 0 0.142765 0.141915 
194400 0.000865584 0.141742 9.86695E-005 0 0 0.142717 0.141869 
194600 0.000863842 0.141696 9.83524E-005 0 0 0.142669 0.141823 
194800 0.0008621 0.141651 9.80352E-005 0 0 0.142621 0.141778 
195000 0.000860358 0.141605 9.77181E-005 0 0 0.142573 0.141732 
195200 0.000858616 0.141559 9.7401E-005 0 0 0.142525 0.141687 
195400 0.000856874 0.141514 9.70839E-005 0 0 0.142478 0.141641 
195600 0.000855132 0.141468 9.67668E-005 0 0 0.14243 0.141596 
195800 0.00085339 0.141423 9.64496E-005 0 0 0.142382 0.14155 
196000 0.000851648 0.141377 9.61325E-005 0 0 0.142334 0.141504 
196200 0.000849906 0.141331 9.58154E-005 0 0 0.142286 0.141459 
196400 0.000848164 0.141286 9.54983E-005 0 0 0.142238 0.141413 
196600 0.000846422 0.14124 9.51811E-005 0 0 0.142191 0.141368 
196800 0.00084468 0.141195 9.4864E-005 0 0 0.142143 0.141322 
197000 0.000842938 0.141149 9.45469E-005 0 0 0.142095 0.141276 
197200 0.000841195 0.141104 9.42298E-005 0 0 0.142047 0.141231 
197400 0.000839496 0.141059 9.39203E-005 0 0 0.142 0.141185 
197600 0.000837841 0.141015 9.36186E-005 0 0 0.141953 0.141138 
197800 0.000836185 0.140972 9.33169E-005 0 0 0.141906 0.141091 
198000 0.000834529 0.140928 9.30151E-005 0 0 0.141859 0.141044 
198200 0.000832873 0.140884 9.27134E-005 0 0 0.141813 0.140997 
198400 0.000831217 0.140841 9.24117E-005 0 0 0.141766 0.140951 
198600 0.000829561 0.140797 9.21099E-005 0 0 0.141719 0.140904 
198800 0.000827905 0.140753 9.18082E-005 0 0 0.141672 0.140857 
199000 0.000826249 0.140709 9.15064E-005 0 0 0.141625 0.14081 
199200 0.000824593 0.140666 9.12047E-005 0 0 0.141578 0.140763 
199400 0.000822937 0.140622 9.0903E-005 0 0 0.141532 0.140716 
199600 0.000821281 0.140578 9.06012E-005 0 0 0.141485 0.14067 
199800 0.000819625 0.140535 9.02995E-005 0 0 0.141438 0.140623 
200000 0.000817969 0.140491 8.99978E-005 0 0 0.141391 0.140576 
