1000 0.962697 0.0186178 1859.74 0 0 1860.65 1859.75 
1200 0.918622 0.025467 1112.96 0 0 1113.87 1112.97 
1400 0.875917 0.0329082 717.902 0 0 718.808 717.916 
1600 0.831141 0.0406163 488.736 0 0 489.492 488.753 
1800 0.784872 0.0483421 346.692 0 0 347.514 346.755 
2000 0.738982 0.0559981 253.874 0 0 254.653 253.939 
2200 0.694637 0.0634538 191.369 0 0 192.149 191.438 
2400 0.652484 0.0706291 147.718 0 0 148.425 147.789 
2600 0.613079 0.077503 116.211 0 0 116.906 116.285 
2800 0.576107 0.0840039 92.9488 0 0 93.644 93.0673 
3000 0.54161 0.0901685 75.4359 0 0 76.0467 75.5144 
3200 0.509505 0.0959443 62.0404 0 0 62.6089 62.1208 
3400 0.480084 0.10136 51.5792 0 0 52.1476 51.6914 
3600 0.452968 0.10638 43.3042 0 0 43.8695 43.3941 
3800 0.427962 0.111075 36.6976 0 0 37.2362 36.8082 
4000 0.404976 0.115428 31.3335 0 0 31.8554 31.4496 
4200 0.383935 0.119444 26.9737 0 0 27.4779 27.0918 
4400 0.364537 0.123218 23.3605 0 0 23.8477 23.483 
4600 0.34668 0.126663 20.3485 0 0 20.8205 20.4724 
4800 0.330279 0.129889 17.8293 0 0 18.2873 17.9582 
5000 0.315122 0.132897 15.6981 0 0 16.148 15.8316 
5200 0.301179 0.135687 13.8981 0 0 14.3344 14.0324 
5400 0.288265 0.138276 12.3475 0 0 12.7755 12.4866 
5600 0.276287 0.140691 11.0173 0 0 11.4371 11.1613 
5800 0.265232 0.142953 9.87357 0 0 10.2817 10.0144 
6000 0.254896 0.14509 8.87194 0 0 9.27104 9.01695 
6200 0.245361 0.147078 8.00645 0 0 8.39998 8.15613 
6400 0.236385 0.148954 7.2404 0 0 7.62696 7.39049 
6600 0.228051 0.150715 6.57375 0 0 6.95357 6.72423 
6800 0.220201 0.152372 5.97807 0 0 6.35133 6.13277 
7000 0.212907 0.153954 5.45801 0 0 5.82491 5.61159 
7200 0.20597 0.155436 4.98848 0 0 5.34934 5.1443 
7400 0.199514 0.156885 4.57496 0 0 4.932 4.73322 
7600 0.193365 0.158211 4.20227 0 0 4.5532 4.36055 
7800 0.187614 0.159497 3.87012 0 0 4.21728 4.02963 
8000 0.182148 0.16073 3.56853 0 0 3.9115 3.72939 
8200 0.177013 0.161917 3.30035 0 0 3.63938 3.46246 
8400 0.172079 0.163053 3.05464 0 0 3.38952 3.21757 
8600 0.167419 0.164105 2.83384 0 0 3.16551 2.99796 
8800 0.162989 0.165148 2.63337 0 0 2.96149 2.79849 
9000 0.158761 0.166152 2.45066 0 0 2.77554 2.61665 
9200 0.154717 0.167117 2.28397 0 0 2.60593 2.45105 
9400 0.150868 0.168039 2.1315 0 0 2.45061 2.29964 
9600 0.147157 0.168936 1.99185 0 0 2.30777 2.16065 
9800 0.143622 0.169772 1.86378 0 0 2.17732 2.03355 
10000 0.140221 0.170617 1.74649 0 0 2.05737 1.91723 
10200 0.137007 0.171429 1.64102 0 0 1.94932 1.81227 
10400 0.133736 0.172224 1.53744 0 0 1.84348 1.70968 
10600 0.130804 0.172939 1.44865 0 0 1.75222 1.62177 
10800 0.127956 0.173654 1.36508 0 0 1.66661 1.53907 
11000 0.125112 0.174369 1.28648 0 0 1.58595 1.46095 
11200 0.122344 0.175076 1.21211 0 0 1.50953 1.38741 
11400 0.119726 0.175748 1.14495 0 0 1.44039 1.32076 
11600 0.117247 0.176364 1.08389 0 0 1.37744 1.26012 
11800 0.114789 0.177003 1.02491 0 0 1.31676 1.2018 
12000 0.112422 0.177619 0.970437 0 0 1.2606 1.14793 
12200 0.110142 0.178193 0.92039 0 0 1.20873 1.09839 
12400 0.107859 0.178776 0.871917 0 0 1.1584 1.05063 
12600 0.105793 0.179312 0.829394 0 0 1.11414 1.00847 
12800 0.103653 0.179869 0.787491 0 0 1.07076 0.967265 
13000 0.101589 0.180383 0.748482 0 0 1.03034 0.928728 
13200 0.0996276 0.180884 0.71236 0 0 0.992842 0.893107 
13400 0.0977456 0.181388 0.678579 0 0 0.957721 0.859948 
13600 0.095866 0.181864 0.646453 0 0 0.924254 0.828162 
13800 0.094074 0.182319 0.616932 0 0 0.893434 0.799241 
14000 0.0923141 0.182771 0.588808 0 0 0.864018 0.771604 
14200 0.0905849 0.183219 0.561994 0 0 0.835919 0.745157 
14400 0.0889354 0.183647 0.537285 0 0 0.809963 0.721057 
14600 0.08731 0.184053 0.513706 0 0 0.785133 0.697861 
14800 0.0857172 0.184457 0.491188 0 0 0.761349 0.675653 
15000 0.0841698 0.18487 0.469939 0 0 0.738814 0.654722 
15200 0.0826894 0.185252 0.450446 0 0 0.718228 0.635496 
15400 0.0812123 0.185625 0.431466 0 0 0.698185 0.61693 
15600 0.0797634 0.18599 0.413467 0 0 0.679296 0.599491 
15800 0.0783866 0.186345 0.397054 0 0 0.661767 0.583362 
16000 0.0770358 0.186687 0.381127 0 0 0.644743 0.567738 
16200 0.0757184 0.187014 0.365804 0 0 0.628368 0.552766 
16400 0.0744019 0.187335 0.351268 0 0 0.612923 0.538488 
16600 0.0731179 0.187648 0.337385 0 0 0.598149 0.524896 
16800 0.0719087 0.187943 0.324704 0 0 0.584556 0.512615 
17000 0.0706999 0.188242 0.312505 0 0 0.571465 0.500833 
17200 0.0694914 0.188543 0.300565 0 0 0.558644 0.489319 
17400 0.068335 0.188838 0.289367 0 0 0.546585 0.478291 
17600 0.0672109 0.189119 0.278621 0 0 0.53502 0.467743 
17800 0.0661464 0.189374 0.268713 0 0 0.524372 0.458086 
18000 0.0650822 0.189625 0.259153 0 0 0.514014 0.448777 
18200 0.0640182 0.189873 0.249824 0 0 0.503848 0.439699 
18400 0.0629757 0.190102 0.241007 0 0 0.494093 0.431113 
18600 0.0619472 0.190328 0.232376 0 0 0.484537 0.422709 
18800 0.0610112 0.190563 0.2246 0 0 0.476129 0.415165 
19000 0.0600753 0.190793 0.21695 0 0 0.467817 0.407743 
19200 0.0591398 0.191005 0.209676 0 0 0.459792 0.400683 
19400 0.0582139 0.191216 0.202575 0 0 0.45196 0.393785 
19600 0.0573022 0.191423 0.195734 0 0 0.444419 0.387131 
19800 0.0564166 0.191611 0.189273 0 0 0.437275 0.38086 
20000 0.0555522 0.191783 0.183122 0 0 0.430457 0.374904 
20200 0.0547145 0.191963 0.177333 0 0 0.423998 0.369283 
20400 0.0538948 0.192138 0.171622 0 0 0.417622 0.363727 
20600 0.0530884 0.192308 0.166209 0 0 0.411579 0.358491 
20800 0.0522891 0.192474 0.160957 0 0 0.405716 0.353427 
21000 0.0515299 0.192624 0.156003 0 0 0.40016 0.348631 
21200 0.0507923 0.192765 0.151208 0 0 0.39477 0.343979 
21400 0.0500655 0.192905 0.146663 0 0 0.389625 0.339571 
21600 0.0493461 0.193043 0.142283 0 0 0.384643 0.335327 
21800 0.0486269 0.193171 0.138035 0 0 0.379813 0.331205 
22000 0.047908 0.193289 0.133917 0 0 0.375133 0.327206 
22200 0.0472117 0.193412 0.129931 0 0 0.370591 0.323344 
22400 0.0465493 0.193542 0.126144 0 0 0.366255 0.319688 
22600 0.0458956 0.193667 0.122437 0 0 0.362005 0.316106 
22800 0.045268 0.193775 0.118966 0 0 0.358013 0.312745 
23000 0.0446411 0.193883 0.115511 0 0 0.354035 0.309397 
23200 0.0440279 0.19397 0.112342 0 0 0.350342 0.306312 
23400 0.0434147 0.194057 0.109173 0 0 0.346649 0.303227 
23600 0.0428316 0.194143 0.106192 0 0 0.343178 0.300346 
23800 0.0422561 0.194228 0.103258 0 0 0.339763 0.297516 
24000 0.0416923 0.19431 0.100453 0 0 0.336474 0.294794 
24200 0.0411402 0.19439 0.0977782 0 0 0.333311 0.292182 
24400 0.0405921 0.194469 0.0951356 0 0 0.330184 0.289604 
24600 0.040066 0.194547 0.0926749 0 0 0.327262 0.287221 
24800 0.0395399 0.194624 0.0902141 0 0 0.324341 0.284839 
25000 0.0390247 0.194689 0.0878588 0 0 0.321551 0.282545 
25200 0.038513 0.194749 0.0855387 0 0 0.318805 0.280282 
25400 0.0380129 0.194807 0.0833042 0 0 0.316139 0.278105 
25600 0.0375339 0.194861 0.0812287 0 0 0.313621 0.276088 
25800 0.0370549 0.194915 0.0791532 0 0 0.311104 0.27407 
26000 0.0365877 0.194955 0.0771781 0 0 0.308711 0.272136 
26200 0.0361226 0.194992 0.0752208 0 0 0.306342 0.270216 
26400 0.0356679 0.195034 0.0733295 0 0 0.304045 0.268368 
26600 0.0352323 0.195086 0.071561 0 0 0.301883 0.266651 
26800 0.0347968 0.195138 0.0697925 0 0 0.299722 0.264935 
27000 0.03437 0.195166 0.0681092 0 0 0.297643 0.26328 
27200 0.0339461 0.195185 0.0664543 0 0 0.295591 0.261645 
27400 0.0335266 0.195207 0.0648226 0 0 0.293567 0.260035 
27600 0.0331312 0.195241 0.0633227 0 0 0.291701 0.258566 
27800 0.0327359 0.195276 0.0618229 0 0 0.289835 0.257097 
28000 0.0323449 0.195301 0.0603652 0 0 0.288011 0.255663 
28200 0.0319593 0.195317 0.058959 0 0 0.286238 0.254273 
28400 0.0315736 0.195332 0.0575529 0 0 0.284466 0.252882 
28600 0.0312063 0.195347 0.0562522 0 0 0.282809 0.251597 
28800 0.0308452 0.195361 0.0549867 0 0 0.28119 0.250346 
29000 0.0304841 0.195376 0.0537211 0 0 0.279571 0.249096 
29200 0.0301391 0.195376 0.052547 0 0 0.278063 0.247922 
29400 0.029795 0.195376 0.0513777 0 0 0.276562 0.246753 
29600 0.0294519 0.195376 0.0502148 0 0 0.275066 0.245591 
29800 0.029118 0.195385 0.04911 0 0 0.273624 0.244494 
30000 0.0287841 0.195394 0.0480052 0 0 0.272182 0.243398 
30200 0.0284563 0.195404 0.0469534 0 0 0.27081 0.242331 
30400 0.0281429 0.195389 0.0459525 0 0 0.269485 0.241341 
30600 0.0278295 0.195374 0.0449515 0 0 0.268159 0.240351 
30800 0.0275202 0.195363 0.0439762 0 0 0.266866 0.239378 
31000 0.0272207 0.195359 0.0430608 0 0 0.265647 0.238447 
31200 0.0269212 0.195356 0.0421454 0 0 0.264428 0.237515 
31400 0.0266275 0.195348 0.0412548 0 0 0.263234 0.236609 
31600 0.0263473 0.195331 0.040422 0 0 0.262099 0.235762 
31800 0.0260672 0.195314 0.0395892 0 0 0.260963 0.234915 
32000 0.0257884 0.195297 0.0387664 0 0 0.25984 0.234077 
32200 0.0255153 0.19528 0.037984 0 0 0.25877 0.233271 
32400 0.0252421 0.195263 0.0372016 0 0 0.257699 0.232465 
32600 0.0249708 0.195245 0.0364263 0 0 0.256637 0.231666 
32800 0.0247156 0.195212 0.0357158 0 0 0.255649 0.230935 
33000 0.0244604 0.19518 0.0350052 0 0 0.254662 0.230204 
33200 0.0242052 0.195147 0.0342947 0 0 0.253674 0.229473 
33400 0.0239583 0.195126 0.0336337 0 0 0.252738 0.228775 
33600 0.0237124 0.195107 0.0329782 0 0 0.251807 0.228081 
33800 0.0234665 0.195088 0.0323228 0 0 0.250877 0.227387 
34000 0.0232289 0.195054 0.0316995 0 0 0.249981 0.226733 
34200 0.0229958 0.195013 0.0310936 0 0 0.249103 0.226101 
34400 0.0227628 0.194971 0.0304877 0 0 0.248225 0.225468 
34600 0.0225343 0.194933 0.0299006 0 0 0.247372 0.224851 
34800 0.0223144 0.194899 0.0293485 0 0 0.246567 0.224262 
35000 0.0220946 0.194866 0.0287964 0 0 0.245761 0.223674 
35200 0.0218747 0.194832 0.0282442 0 0 0.244956 0.223085 
35400 0.0216609 0.19479 0.0277251 0 0 0.244186 0.222519 
35600 0.0214474 0.194746 0.0272078 0 0 0.243418 0.221955 
35800 0.0212339 0.194703 0.0266904 0 0 0.24265 0.221391 
36000 0.0210287 0.19466 0.0262014 0 0 0.241912 0.220858 
36200 0.0208303 0.194616 0.0257356 0 0 0.2412 0.220351 
36400 0.0206319 0.194572 0.0252698 0 0 0.240489 0.219844 
36600 0.0204335 0.194528 0.024804 0 0 0.239777 0.219336 
36800 0.0202424 0.194484 0.024369 0 0 0.2391 0.218853 
37000 0.0200512 0.19444 0.0239341 0 0 0.238424 0.218369 
37200 0.0198601 0.194396 0.0234992 0 0 0.237748 0.217886 
37400 0.0196734 0.194347 0.0230806 0 0 0.237094 0.217419 
37600 0.0194923 0.194293 0.0226819 0 0 0.236469 0.216971 
37800 0.0193111 0.194239 0.0222831 0 0 0.235843 0.216524 
38000 0.0191299 0.194184 0.0218844 0 0 0.235217 0.216077 
38200 0.0189572 0.19414 0.0215149 0 0 0.234625 0.215655 
38400 0.0187867 0.194099 0.0211527 0 0 0.234041 0.21524 
38600 0.0186161 0.194057 0.0207905 0 0 0.233457 0.214825 
38800 0.0184457 0.194014 0.0204293 0 0 0.232874 0.214411 
39000 0.0182797 0.19395 0.0200885 0 0 0.23231 0.214021 
39200 0.0181137 0.193886 0.0197476 0 0 0.231746 0.21363 
39400 0.0179477 0.193822 0.0194068 0 0 0.231182 0.21324 
39600 0.0177851 0.193762 0.0190747 0 0 0.230629 0.212852 
39800 0.0176302 0.19371 0.0187629 0 0 0.2301 0.212471 
40000 0.0174752 0.193659 0.0184511 0 0 0.229572 0.21209 
40200 0.0173223 0.193603 0.0181505 0 0 0.229062 0.211744 
40400 0.0171719 0.193544 0.0178565 0 0 0.228559 0.2114 
40600 0.0170252 0.193481 0.0175725 0 0 0.228066 0.211059 
40800 0.0168785 0.193418 0.0172884 0 0 0.227574 0.210718 
41000 0.0167318 0.193354 0.0170043 0 0 0.227081 0.210377 
41200 0.0165874 0.193291 0.0167299 0 0 0.2266 0.210043 
41400 0.0164458 0.193229 0.0164673 0 0 0.226135 0.209717 
41600 0.0163042 0.193167 0.0162047 0 0 0.225669 0.209391 
41800 0.0161626 0.193104 0.0159421 0 0 0.225204 0.209065 
42000 0.0160249 0.193041 0.0156894 0 0 0.224753 0.208746 
42200 0.015892 0.192978 0.0154486 0 0 0.224319 0.208436 
42400 0.0157591 0.192915 0.0152079 0 0 0.223886 0.208126 
42600 0.0156261 0.192851 0.0149671 0 0 0.223452 0.207815 
42800 0.0154952 0.192788 0.0147327 0 0 0.223023 0.207514 
43000 0.0153681 0.192726 0.0145101 0 0 0.222602 0.207231 
43200 0.0152409 0.192663 0.0142875 0 0 0.222182 0.206947 
43400 0.0151138 0.192601 0.0140649 0 0 0.221762 0.206663 
43600 0.0149883 0.192537 0.0138464 0 0 0.221348 0.206381 
43800 0.0148696 0.192469 0.0136443 0 0 0.220962 0.206105 
44000 0.0147508 0.192401 0.0134422 0 0 0.220575 0.205829 
44200 0.0146321 0.192334 0.0132401 0 0 0.220189 0.205553 
44400 0.0145133 0.192266 0.013038 0 0 0.219803 0.205276 
44600 0.0143973 0.192194 0.0128474 0 0 0.219426 0.205018 
44800 0.0142816 0.192121 0.0126581 0 0 0.219049 0.204762 
45000 0.0141659 0.192049 0.0124687 0 0 0.218673 0.204505 
45200 0.0140501 0.191977 0.0122794 0 0 0.218297 0.204249 
45400 0.0139391 0.191901 0.0121007 0 0 0.217933 0.204002 
45600 0.0138312 0.191824 0.0119291 0 0 0.217579 0.203761 
45800 0.0137232 0.191747 0.0117575 0 0 0.217225 0.203521 
46000 0.0136153 0.19167 0.011586 0 0 0.216871 0.20328 
46200 0.0135081 0.191594 0.0114164 0 0 0.21652 0.20304 
46400 0.0134051 0.191527 0.0112579 0 0 0.216188 0.202805 
46600 0.0133022 0.19146 0.0110995 0 0 0.215857 0.202569 
46800 0.0131992 0.191393 0.0109411 0 0 0.215525 0.202333 
47000 0.0130963 0.191326 0.0107827 0 0 0.215194 0.202098 
47200 0.0129966 0.191253 0.0106319 0 0 0.214872 0.20187 
47400 0.0128988 0.191176 0.0104851 0 0 0.214554 0.201646 
47600 0.0128009 0.191099 0.0103384 0 0 0.214237 0.201423 
47800 0.012703 0.191022 0.0101917 0 0 0.21392 0.201199 
48000 0.0126054 0.190946 0.0100456 0 0 0.213603 0.200977 
48200 0.0125123 0.19087 0.00991187 0 0 0.213302 0.200767 
48400 0.0124193 0.190795 0.00977814 0 0 0.213 0.200557 
48600 0.0123262 0.19072 0.00964441 0 0 0.212699 0.200347 
48800 0.0122332 0.190645 0.00951068 0 0 0.212397 0.200138 
49000 0.0121421 0.19057 0.009381 0 0 0.212101 0.199932 
49200 0.0120545 0.190497 0.00925884 0 0 0.211815 0.199736 
49400 0.011967 0.190423 0.00913668 0 0 0.211528 0.199539 
49600 0.0118794 0.19035 0.00901453 0 0 0.211242 0.199343 
49800 0.0117919 0.190276 0.00889237 0 0 0.210955 0.199146 
50000 0.0117053 0.190182 0.00876991 0 0 0.210648 0.198954 
50200 0.0116216 0.190102 0.00865709 0 0 0.21037 0.198759 
50400 0.0115378 0.190022 0.00854427 0 0 0.210092 0.198563 
50600 0.011454 0.189942 0.00843146 0 0 0.209813 0.198368 
50800 0.0113703 0.189862 0.00831864 0 0 0.209535 0.198172 
51000 0.0112899 0.189783 0.00821216 0 0 0.209271 0.197986 
51200 0.0112111 0.189704 0.00810838 0 0 0.209013 0.197804 
51400 0.0111322 0.189624 0.00800461 0 0 0.208755 0.197622 
51600 0.0110533 0.189545 0.00790084 0 0 0.208497 0.19744 
51800 0.0109744 0.189466 0.00779707 0 0 0.208238 0.197258 
52000 0.0108979 0.189386 0.00769811 0 0 0.207988 0.197082 
52200 0.0108224 0.189306 0.00760121 0 0 0.207741 0.19691 
52400 0.0107468 0.189226 0.00750432 0 0 0.207494 0.196738 
52600 0.0106713 0.189146 0.00740742 0 0 0.207246 0.196566 
52800 0.0105958 0.189066 0.00731052 0 0 0.206999 0.196394 
53000 0.0105233 0.188987 0.00721966 0 0 0.206755 0.196225 
53200 0.0104524 0.188909 0.00713205 0 0 0.206514 0.196058 
53400 0.0103815 0.188831 0.00704444 0 0 0.206272 0.195891 
53600 0.0103106 0.188754 0.00695683 0 0 0.20603 0.195724 
53800 0.0102397 0.188676 0.00686922 0 0 0.205788 0.195557 
54000 0.0101702 0.188595 0.00678451 0 0 0.205551 0.195391 
54200 0.0101024 0.188509 0.00670336 0 0 0.205319 0.195225 
54400 0.0100346 0.188424 0.0066222 0 0 0.205087 0.19506 
54600 0.00996689 0.188339 0.00654105 0 0 0.204856 0.194894 
54800 0.00989913 0.188254 0.0064599 0 0 0.204624 0.194729 
55000 0.00983194 0.188171 0.00637999 0 0 0.204395 0.194566 
55200 0.00976708 0.188095 0.00630509 0 0 0.204176 0.194411 
55400 0.00970221 0.188019 0.00623018 0 0 0.203956 0.194256 
55600 0.00963735 0.187944 0.00615528 0 0 0.203737 0.194102 
55800 0.00957248 0.187868 0.00608037 0 0 0.203518 0.193947 
56000 0.00950762 0.187792 0.00600547 0 0 0.203298 0.193793 
56200 0.00944688 0.18771 0.00593621 0 0 0.203084 0.193641 
56400 0.00938687 0.187627 0.00586795 0 0 0.202871 0.193489 
56600 0.00932686 0.187544 0.00579969 0 0 0.202657 0.193337 
56800 0.00926684 0.187461 0.00573143 0 0 0.202444 0.193185 
57000 0.00920683 0.187378 0.00566317 0 0 0.202231 0.193032 
57200 0.00914748 0.187293 0.00559692 0 0 0.202021 0.192881 
57400 0.00908934 0.187204 0.0055344 0 0 0.201819 0.192732 
57600 0.00903121 0.187115 0.00547187 0 0 0.201617 0.192583 
57800 0.00897307 0.187026 0.00540935 0 0 0.201415 0.192433 
58000 0.00891494 0.186937 0.00534683 0 0 0.201213 0.192284 
58200 0.0088568 0.186848 0.00528431 0 0 0.201011 0.192135 
58400 0.00880167 0.186766 0.00522538 0 0 0.200811 0.191993 
58600 0.00874755 0.186685 0.00516766 0 0 0.20061 0.191854 
58800 0.00869343 0.186605 0.00510993 0 0 0.20041 0.191714 
59000 0.0086393 0.186525 0.00505221 0 0 0.20021 0.191575 
59200 0.00858518 0.186445 0.00499449 0 0 0.20001 0.191436 
59400 0.00853109 0.186365 0.00493688 0 0 0.199811 0.191297 
59600 0.00847771 0.186282 0.00488156 0 0 0.199631 0.191158 
59800 0.00842432 0.186198 0.00482624 0 0 0.199451 0.191019 
60000 0.00837094 0.186115 0.00477091 0 0 0.19927 0.190881 
60200 0.00831953 0.186026 0.00471876 0 0 0.199074 0.190746 
60400 0.00826813 0.185937 0.00466661 0 0 0.198878 0.190611 
60600 0.00821723 0.185851 0.00461534 0 0 0.198686 0.190476 
60800 0.00816785 0.185772 0.00456672 0 0 0.198507 0.190341 
61000 0.00811847 0.185693 0.0045181 0 0 0.198328 0.190207 
61200 0.00806909 0.185614 0.00446948 0 0 0.198149 0.190072 
61400 0.00801971 0.185535 0.00442086 0 0 0.19797 0.189938 
61600 0.00797033 0.185456 0.00437224 0 0 0.197791 0.189803 
61800 0.00792212 0.185375 0.00432481 0 0 0.197613 0.189672 
62000 0.00787611 0.185293 0.00427955 0 0 0.197438 0.189546 
62200 0.00783009 0.185211 0.0042343 0 0 0.197264 0.18942 
62400 0.00778407 0.185128 0.00418905 0 0 0.197089 0.189294 
62600 0.00773805 0.185046 0.0041438 0 0 0.196915 0.189168 
62800 0.00769203 0.184963 0.00409855 0 0 0.19674 0.189043 
63000 0.00764645 0.184879 0.00405444 0 0 0.196566 0.188917 
63200 0.00760188 0.184789 0.00401302 0 0 0.196392 0.188794 
63400 0.00755731 0.1847 0.00397159 0 0 0.196219 0.18867 
63600 0.00751274 0.18461 0.00393016 0 0 0.196046 0.188546 
63800 0.00746817 0.184521 0.00388873 0 0 0.195872 0.188422 
64000 0.00742361 0.184431 0.0038473 0 0 0.195699 0.188298 
64200 0.00737945 0.184343 0.00380636 0 0 0.195527 0.188175 
64400 0.00733763 0.184262 0.00376815 0 0 0.195365 0.188053 
64600 0.00729582 0.18418 0.00372995 0 0 0.195203 0.187931 
64800 0.007254 0.184099 0.00369175 0 0 0.19504 0.187809 
65000 0.00721219 0.184018 0.00365355 0 0 0.194878 0.187688 
65200 0.00717037 0.183936 0.00361535 0 0 0.194716 0.187566 
65400 0.00712856 0.183855 0.00357715 0 0 0.194554 0.187444 
65600 0.00708883 0.18377 0.00354183 0 0 0.194393 0.187325 
65800 0.00704935 0.183684 0.00350683 0 0 0.194233 0.187206 
66000 0.00700986 0.183598 0.00347183 0 0 0.194073 0.187087 
66200 0.00697037 0.183512 0.00343683 0 0 0.193913 0.186968 
66400 0.00693088 0.183426 0.00340183 0 0 0.193754 0.186849 
66600 0.00689139 0.18334 0.00336683 0 0 0.193594 0.18673 
66800 0.00685269 0.183257 0.00333333 0 0 0.193439 0.186612 
67000 0.00681479 0.183178 0.00330132 0 0 0.193289 0.186494 
67200 0.00677688 0.183099 0.00326932 0 0 0.193139 0.186376 
67400 0.00673897 0.18302 0.00323731 0 0 0.192989 0.186259 
67600 0.00670106 0.182941 0.0032053 0 0 0.192839 0.186141 
67800 0.00666315 0.182862 0.00317329 0 0 0.192689 0.186023 
68000 0.00662524 0.182783 0.00314128 0 0 0.192539 0.185906 
68200 0.00658969 0.1827 0.0031116 0 0 0.192392 0.185797 
68400 0.00655427 0.182618 0.00308204 0 0 0.192244 0.185689 
68600 0.00651885 0.182535 0.00305248 0 0 0.192096 0.185581 
68800 0.00648343 0.182452 0.00302292 0 0 0.191949 0.185473 
69000 0.00644801 0.182369 0.00299336 0 0 0.191801 0.185365 
69200 0.00641259 0.182286 0.0029638 0 0 0.191654 0.185256 
69400 0.00637771 0.182204 0.00293492 0 0 0.191507 0.185147 
69600 0.00634409 0.182121 0.00290761 0 0 0.191361 0.185032 
69800 0.00631046 0.182038 0.0028803 0 0 0.191216 0.184918 
70000 0.00627683 0.181955 0.00285299 0 0 0.19107 0.184804 
70200 0.0062432 0.181872 0.00282568 0 0 0.190925 0.18469 
70400 0.00620958 0.181789 0.00279837 0 0 0.19078 0.184576 
70600 0.00617595 0.181706 0.00277106 0 0 0.190634 0.184461 
70800 0.00614307 0.181621 0.00274498 0 0 0.19049 0.184352 
71000 0.00611081 0.181533 0.00271992 0 0 0.190348 0.184246 
71200 0.00607854 0.181446 0.00269485 0 0 0.190206 0.184141 
71400 0.00604628 0.181359 0.00266979 0 0 0.190064 0.184035 
71600 0.00601401 0.181272 0.00264472 0 0 0.189921 0.18393 
71800 0.00598174 0.181184 0.00261966 0 0 0.189779 0.183824 
72000 0.00594948 0.181097 0.00259459 0 0 0.189637 0.183718 
72200 0.00591845 0.181015 0.00257088 0 0 0.1895 0.18361 
72400 0.00588809 0.180936 0.00254791 0 0 0.189365 0.183501 
72600 0.00585772 0.180856 0.00252493 0 0 0.18923 0.183392 
72800 0.00582736 0.180777 0.00250195 0 0 0.189096 0.183282 
73000 0.00579699 0.180697 0.00247898 0 0 0.188961 0.183173 
73200 0.00576663 0.180618 0.002456 0 0 0.188827 0.183064 
73400 0.00573627 0.180539 0.00243303 0 0 0.188692 0.182954 
73600 0.00570699 0.180456 0.00241122 0 0 0.188559 0.182849 
73800 0.00567845 0.180371 0.00239018 0 0 0.188427 0.182747 
74000 0.00564991 0.180286 0.00236915 0 0 0.188295 0.182644 
74200 0.00562136 0.180201 0.00234812 0 0 0.188164 0.182542 
74400 0.00559282 0.180116 0.00232708 0 0 0.188032 0.182439 
74600 0.00556428 0.180031 0.00230605 0 0 0.1879 0.182337 
74800 0.00553573 0.179946 0.00228502 0 0 0.187768 0.182234 
75000 0.00550781 0.179862 0.00226458 0 0 0.187637 0.182133 
75200 0.00548083 0.17978 0.00224505 0 0 0.187507 0.182033 
75400 0.00545385 0.179697 0.00222552 0 0 0.187377 0.181933 
75600 0.00542687 0.179615 0.00220599 0 0 0.187247 0.181833 
75800 0.00539989 0.179532 0.00218646 0 0 0.187117 0.181734 
76000 0.0053729 0.17945 0.00216693 0 0 0.186987 0.181634 
76200 0.00534592 0.179367 0.0021474 0 0 0.186857 0.181534 
76400 0.00531907 0.179285 0.00212804 0 0 0.186728 0.181434 
76600 0.00529339 0.179203 0.00211027 0 0 0.186601 0.181336 
76800 0.0052677 0.179122 0.00209249 0 0 0.186475 0.181237 
77000 0.00524202 0.17904 0.00207472 0 0 0.186348 0.181139 
77200 0.00521633 0.178959 0.00205695 0 0 0.186221 0.181041 
77400 0.00519065 0.178877 0.00203918 0 0 0.186095 0.180942 
77600 0.00516496 0.178796 0.0020214 0 0 0.185968 0.180844 
77800 0.00513928 0.178714 0.00200363 0 0 0.185842 0.180745 
78000 0.00511414 0.178633 0.00198666 0 0 0.18572 0.180644 
78200 0.00508936 0.178553 0.00197023 0 0 0.1856 0.180542 
78400 0.00506458 0.178472 0.0019538 0 0 0.185481 0.180439 
78600 0.00503981 0.178392 0.00193737 0 0 0.185362 0.180336 
78800 0.00501503 0.178311 0.00192094 0 0 0.185242 0.180234 
79000 0.00499025 0.178231 0.00190452 0 0 0.185123 0.180131 
79200 0.00496548 0.178151 0.00188809 0 0 0.185004 0.180028 
79400 0.0049407 0.17807 0.00187166 0 0 0.184885 0.179926 
79600 0.00491786 0.177989 0.00185619 0 0 0.184761 0.17983 
79800 0.00489502 0.177907 0.00184072 0 0 0.184637 0.179735 
80000 0.00487218 0.177825 0.00182526 0 0 0.184513 0.179639 
80200 0.00484965 0.177748 0.00181034 0 0 0.184401 0.179544 
80400 0.00482711 0.177671 0.00179542 0 0 0.184288 0.179449 
80600 0.00480458 0.177594 0.0017805 0 0 0.184175 0.179354 
80800 0.00478204 0.177516 0.00176558 0 0 0.184062 0.179259 
81000 0.00475963 0.177438 0.00175094 0 0 0.183948 0.179164 
81200 0.00473756 0.177354 0.00173714 0 0 0.183827 0.17907 
81400 0.00471549 0.177271 0.00172335 0 0 0.183707 0.178976 
81600 0.00469342 0.177187 0.00170955 0 0 0.183586 0.178882 
81800 0.00467135 0.177104 0.00169576 0 0 0.183465 0.178788 
82000 0.00464928 0.177021 0.00168196 0 0 0.183345 0.178694 
82200 0.00462721 0.176937 0.00166816 0 0 0.183224 0.1786 
82400 0.00460514 0.176854 0.00165437 0 0 0.183104 0.178506 
82600 0.00458347 0.176771 0.00164088 0 0 0.182985 0.178413 
82800 0.00456274 0.17669 0.00162809 0 0 0.182871 0.178321 
83000 0.004542 0.176609 0.0016153 0 0 0.182758 0.178229 
83200 0.00452127 0.176527 0.00160252 0 0 0.182644 0.178138 
83400 0.00450053 0.176446 0.00158973 0 0 0.18253 0.178046 
83600 0.0044798 0.176365 0.00157695 0 0 0.182416 0.177954 
83800 0.00445906 0.176284 0.00156416 0 0 0.182302 0.177863 
84000 0.00443833 0.176203 0.00155137 0 0 0.182188 0.177771 
84200 0.00441791 0.176122 0.00153886 0 0 0.182075 0.177679 
84400 0.00439846 0.176041 0.00152715 0 0 0.181964 0.177589 
84600 0.004379 0.175961 0.00151544 0 0 0.181853 0.177498 
84800 0.00435955 0.17588 0.00150373 0 0 0.181742 0.177408 
85000 0.00434009 0.1758 0.00149202 0 0 0.181631 0.177317 
85200 0.00432064 0.17572 0.00148031 0 0 0.18152 0.177226 
85400 0.00430118 0.175639 0.0014686 0 0 0.181409 0.177136 
85600 0.00428172 0.175559 0.00145689 0 0 0.181298 0.177045 
85800 0.00426227 0.175478 0.00144519 0 0 0.181187 0.176955 
86000 0.00424366 0.175399 0.00143437 0 0 0.181082 0.176865 
86200 0.00422506 0.17532 0.00142356 0 0 0.180977 0.176775 
86400 0.00420646 0.17524 0.00141275 0 0 0.180873 0.176686 
86600 0.00418785 0.175161 0.00140194 0 0 0.180768 0.176596 
86800 0.00416925 0.175081 0.00139113 0 0 0.180663 0.176507 
87000 0.00415064 0.175002 0.00138032 0 0 0.180559 0.176417 
87200 0.00413204 0.174922 0.00136951 0 0 0.180454 0.176328 
87400 0.00411343 0.174843 0.0013587 0 0 0.180349 0.176238 
87600 0.0040955 0.174765 0.00134847 0 0 0.180243 0.176147 
87800 0.00407794 0.174687 0.00133855 0 0 0.180136 0.176055 
88000 0.00406037 0.17461 0.00132863 0 0 0.180029 0.175962 
88200 0.0040428 0.174532 0.00131872 0 0 0.179922 0.17587 
88400 0.00402523 0.174455 0.0013088 0 0 0.179814 0.175777 
88600 0.00400766 0.174377 0.00129888 0 0 0.179707 0.175685 
88800 0.00399009 0.174299 0.00128897 0 0 0.1796 0.175593 
89000 0.00397253 0.174222 0.00127905 0 0 0.179493 0.1755 
89200 0.00395506 0.174144 0.00126922 0 0 0.179386 0.175409 
89400 0.00393853 0.174069 0.00126016 0 0 0.179281 0.175323 
89600 0.003922 0.173993 0.00125109 0 0 0.179177 0.175238 
89800 0.00390547 0.173917 0.00124203 0 0 0.179072 0.175152 
90000 0.00388894 0.173841 0.00123297 0 0 0.178967 0.175067 
90200 0.00387241 0.173765 0.0012239 0 0 0.178862 0.174982 
90400 0.00385588 0.17369 0.00121484 0 0 0.178758 0.174896 
90600 0.00383935 0.173614 0.00120578 0 0 0.178653 0.174811 
90800 0.00382282 0.173538 0.00119671 0 0 0.178548 0.174725 
91000 0.00380659 0.173461 0.0011879 0 0 0.178445 0.17464 
91200 0.00379091 0.173382 0.00117956 0 0 0.178346 0.174556 
91400 0.00377524 0.173303 0.00117122 0 0 0.178247 0.174472 
91600 0.00375957 0.173223 0.00116288 0 0 0.178148 0.174388 
91800 0.00374389 0.173144 0.00115453 0 0 0.178048 0.174304 
92000 0.00372822 0.173065 0.00114619 0 0 0.177949 0.17422 
92200 0.00371254 0.172986 0.00113785 0 0 0.17785 0.174136 
92400 0.00369687 0.172906 0.00112951 0 0 0.177751 0.174052 
92600 0.00368119 0.172827 0.00112117 0 0 0.177651 0.173968 
92800 0.00366587 0.17275 0.0011131 0 0 0.177551 0.173882 
93000 0.00365098 0.172676 0.00110536 0 0 0.17745 0.173794 
93200 0.00363608 0.172601 0.00109762 0 0 0.177349 0.173706 
93400 0.00362119 0.172527 0.00108989 0 0 0.177247 0.173617 
93600 0.0036063 0.172453 0.00108215 0 0 0.177146 0.173529 
93800 0.0035914 0.172378 0.00107441 0 0 0.177045 0.173441 
94000 0.00357651 0.172304 0.00106667 0 0 0.176944 0.173353 
94200 0.00356161 0.17223 0.00105894 0 0 0.176842 0.173264 
94400 0.00354672 0.172155 0.0010512 0 0 0.176741 0.173176 
94600 0.00353216 0.17208 0.00104373 0 0 0.176642 0.173091 
94800 0.0035181 0.172004 0.00103666 0 0 0.176547 0.17301 
95000 0.00350404 0.171928 0.00102959 0 0 0.176451 0.172929 
95200 0.00348997 0.171851 0.00102252 0 0 0.176356 0.172848 
95400 0.00347591 0.171775 0.00101545 0 0 0.17626 0.172767 
95600 0.00346185 0.171699 0.00100839 0 0 0.176165 0.172687 
95800 0.00344779 0.171623 0.00100132 0 0 0.176069 0.172606 
96000 0.00343373 0.171546 0.000994249 0 0 0.175974 0.172525 
96200 0.00341966 0.17147 0.000987181 0 0 0.175878 0.172444 
96400 0.00340572 0.171394 0.000980196 0 0 0.175783 0.172363 
96600 0.00339243 0.171318 0.000973689 0 0 0.175689 0.172283 
96800 0.00337914 0.171242 0.000967182 0 0 0.175595 0.172202 
97000 0.00336584 0.171166 0.000960676 0 0 0.175501 0.172122 
97200 0.00335255 0.17109 0.000954168 0 0 0.175407 0.172041 
97400 0.00333926 0.171014 0.000947662 0 0 0.175313 0.171961 
97600 0.00332597 0.170938 0.000941155 0 0 0.175219 0.17188 
97800 0.00331268 0.170862 0.000934648 0 0 0.175125 0.1718 
98000 0.00329939 0.170786 0.000928141 0 0 0.175031 0.171719 
98200 0.0032861 0.170709 0.000921634 0 0 0.174937 0.171638 
98400 0.00327331 0.170634 0.000915524 0 0 0.174843 0.171559 
98600 0.0032607 0.17056 0.000909546 0 0 0.174749 0.171479 
98800 0.00324808 0.170485 0.000903568 0 0 0.174655 0.1714 
99000 0.00323547 0.17041 0.00089759 0 0 0.174561 0.17132 
99200 0.00322285 0.170336 0.000891612 0 0 0.174467 0.171241 
99400 0.00321024 0.170261 0.000885634 0 0 0.174373 0.171161 
99600 0.00319762 0.170186 0.000879656 0 0 0.174279 0.171081 
99800 0.003185 0.170111 0.000873678 0 0 0.174185 0.171002 
100000 0.00317239 0.170037 0.0008677 0 0 0.174091 0.170922 
100200 0.00316211 0.169976 0.000862638 0 0 0.173988 0.170819 
100400 0.00314982 0.1699 0.000856999 0 0 0.173893 0.170739 
100600 0.00313753 0.169825 0.00085136 0 0 0.173799 0.17066 
100800 0.00312523 0.16975 0.000845721 0 0 0.173705 0.17058 
101000 0.00311294 0.169675 0.000840081 0 0 0.173611 0.1705 
101200 0.00310065 0.169599 0.000834442 0 0 0.173517 0.170421 
101400 0.00308835 0.169524 0.000828803 0 0 0.173423 0.170341 
101600 0.00307606 0.169449 0.000823164 0 0 0.173329 0.170261 
101800 0.00306377 0.169374 0.000817525 0 0 0.173235 0.170182 
102000 0.00305147 0.169298 0.000811886 0 0 0.173141 0.170102 
102200 0.00303972 0.169223 0.000806535 0 0 0.17305 0.170022 
102400 0.00302851 0.169147 0.000801473 0 0 0.172962 0.169942 
102600 0.0030173 0.169071 0.000796411 0 0 0.172874 0.169862 
102800 0.00300609 0.168996 0.000791349 0 0 0.172785 0.169782 
103000 0.00299488 0.16892 0.000786287 0 0 0.172697 0.169702 
103200 0.00298367 0.168844 0.000781225 0 0 0.172608 0.169622 
103400 0.00297247 0.168769 0.000776163 0 0 0.17252 0.169543 
103600 0.00296125 0.168693 0.000771101 0 0 0.172432 0.169463 
103800 0.00295005 0.168617 0.000766039 0 0 0.172343 0.169383 
104000 0.00293884 0.168542 0.000760977 0 0 0.172255 0.169303 
104200 0.00292808 0.168469 0.000756217 0 0 0.172169 0.169226 
104400 0.00291777 0.1684 0.000751757 0 0 0.172085 0.169153 
104600 0.00290746 0.168331 0.000747298 0 0 0.172 0.16908 
104800 0.00289715 0.168262 0.000742839 0 0 0.171916 0.169007 
105000 0.00288684 0.168193 0.000738379 0 0 0.171832 0.168934 
105200 0.00287653 0.168124 0.00073392 0 0 0.171748 0.168861 
105400 0.00286623 0.168055 0.000729461 0 0 0.171664 0.168788 
105600 0.00285592 0.167986 0.000725001 0 0 0.17158 0.168715 
105800 0.00284561 0.167917 0.000720542 0 0 0.171496 0.168642 
106000 0.0028353 0.167848 0.000716082 0 0 0.171411 0.168569 
106200 0.00282499 0.167779 0.000711623 0 0 0.171327 0.168496 
106400 0.00281455 0.167704 0.000707194 0 0 0.171238 0.168416 
106600 0.00280412 0.167628 0.000702765 0 0 0.171149 0.168336 
106800 0.00279368 0.167552 0.000698335 0 0 0.171059 0.168257 
107000 0.00278324 0.167476 0.000693906 0 0 0.17097 0.168177 
107200 0.0027728 0.167401 0.000689477 0 0 0.170881 0.168097 
107400 0.00276236 0.167325 0.000685048 0 0 0.170791 0.168017 
107600 0.00275193 0.167249 0.000680619 0 0 0.170702 0.167937 
107800 0.00274149 0.167174 0.000676189 0 0 0.170613 0.167857 
108000 0.00273105 0.167098 0.00067176 0 0 0.170524 0.167777 
108200 0.00272061 0.167022 0.000667331 0 0 0.170434 0.167697 
108400 0.00271147 0.166956 0.000663535 0 0 0.170353 0.167627 
108600 0.00270233 0.166891 0.000659738 0 0 0.170272 0.167558 
108800 0.00269319 0.166825 0.000655942 0 0 0.170191 0.167488 
109000 0.00268406 0.166759 0.000652145 0 0 0.170109 0.167418 
109200 0.00267492 0.166693 0.000648349 0 0 0.170028 0.167349 
109400 0.00266578 0.166627 0.000644552 0 0 0.169947 0.167279 
109600 0.00265664 0.166561 0.000640756 0 0 0.169866 0.167209 
109800 0.0026475 0.166495 0.000636959 0 0 0.169785 0.16714 
110000 0.00263836 0.16643 0.000633163 0 0 0.169704 0.16707 
110200 0.00262922 0.166364 0.000629366 0 0 0.169622 0.167 
110400 0.00262008 0.166298 0.00062557 0 0 0.169541 0.166931 
110600 0.00261087 0.166226 0.000621874 0 0 0.169456 0.166854 
110800 0.00260166 0.166154 0.000618178 0 0 0.169371 0.166778 
111000 0.00259245 0.166082 0.000614482 0 0 0.169286 0.166702 
111200 0.00258325 0.16601 0.000610786 0 0 0.169201 0.166626 
111400 0.00257404 0.165937 0.00060709 0 0 0.169116 0.16655 
111600 0.00256483 0.165865 0.000603394 0 0 0.169031 0.166474 
111800 0.00255562 0.165793 0.000599698 0 0 0.168946 0.166398 
112000 0.00254641 0.165721 0.000596002 0 0 0.168861 0.166322 
112200 0.00253721 0.165649 0.000592306 0 0 0.168776 0.166245 
112400 0.002528 0.165577 0.00058861 0 0 0.168691 0.166169 
112600 0.00251914 0.165506 0.000585113 0 0 0.168608 0.166095 
112800 0.00251062 0.165436 0.000581815 0 0 0.168526 0.166021 
113000 0.00250211 0.165367 0.000578517 0 0 0.168445 0.165948 
113200 0.00249359 0.165297 0.000575219 0 0 0.168364 0.165874 
113400 0.00248507 0.165227 0.000571921 0 0 0.168283 0.1658 
113600 0.00247656 0.165158 0.000568623 0 0 0.168202 0.165727 
113800 0.00246804 0.165088 0.000565325 0 0 0.16812 0.165653 
114000 0.00245953 0.165018 0.000562027 0 0 0.168039 0.16558 
114200 0.00245101 0.164949 0.000558729 0 0 0.167958 0.165506 
114400 0.0024425 0.164879 0.000555431 0 0 0.167877 0.165433 
114600 0.00243398 0.164809 0.000552133 0 0 0.167796 0.165359 
114800 0.00242582 0.164741 0.000548999 0 0 0.167716 0.165287 
115000 0.00241801 0.164674 0.000546028 0 0 0.167639 0.165217 
115200 0.00241019 0.164608 0.000543056 0 0 0.167561 0.165147 
115400 0.00240238 0.164541 0.000540085 0 0 0.167483 0.165076 
115600 0.00239457 0.164474 0.000537114 0 0 0.167406 0.165006 
115800 0.00238676 0.164408 0.000534143 0 0 0.167328 0.164936 
116000 0.00237895 0.164341 0.000531172 0 0 0.16725 0.164866 
116200 0.00237114 0.164274 0.000528201 0 0 0.167173 0.164795 
116400 0.00236333 0.164208 0.00052523 0 0 0.167095 0.164725 
116600 0.00235551 0.164141 0.000522258 0 0 0.167017 0.164655 
116800 0.0023477 0.164074 0.000519287 0 0 0.16694 0.164584 
117000 0.00233989 0.164008 0.000516316 0 0 0.166862 0.164514 
117200 0.002332 0.163938 0.000513402 0 0 0.166781 0.164444 
117400 0.0023241 0.163868 0.000510487 0 0 0.1667 0.164375 
117600 0.00231621 0.163799 0.000507573 0 0 0.166618 0.164305 
117800 0.00230831 0.163729 0.000504658 0 0 0.166537 0.164235 
118000 0.00230042 0.163659 0.000501744 0 0 0.166456 0.164165 
118200 0.00229253 0.16359 0.000498829 0 0 0.166375 0.164096 
118400 0.00228463 0.16352 0.000495915 0 0 0.166294 0.164026 
118600 0.00227674 0.16345 0.000493001 0 0 0.166213 0.163956 
118800 0.00226884 0.163381 0.000490086 0 0 0.166131 0.163887 
119000 0.00226095 0.163311 0.000487172 0 0 0.16605 0.163817 
119200 0.00225305 0.163241 0.000484257 0 0 0.165969 0.163747 
119400 0.0022461 0.163177 0.000481761 0 0 0.165895 0.163679 
119600 0.00223915 0.163112 0.000479265 0 0 0.16582 0.163611 
119800 0.0022322 0.163047 0.00047677 0 0 0.165746 0.163543 
120000 0.00222525 0.162983 0.000474274 0 0 0.165671 0.163475 
120200 0.0022183 0.162918 0.000471778 0 0 0.165597 0.163406 
120400 0.00221135 0.162853 0.000469282 0 0 0.165522 0.163338 
120600 0.0022044 0.162789 0.000466786 0 0 0.165448 0.16327 
120800 0.00219745 0.162724 0.000464291 0 0 0.165374 0.163202 
121000 0.0021905 0.162659 0.000461795 0 0 0.165299 0.163134 
121200 0.00218355 0.162595 0.000459299 0 0 0.165225 0.163066 
121400 0.00217659 0.16253 0.000456803 0 0 0.16515 0.162997 
121600 0.00216964 0.162465 0.000454307 0 0 0.165076 0.162929 
121800 0.00216291 0.162401 0.000451952 0 0 0.165004 0.162862 
122000 0.00215617 0.162337 0.000449597 0 0 0.164932 0.162794 
122200 0.00214943 0.162274 0.000447242 0 0 0.164861 0.162727 
122400 0.0021427 0.16221 0.000444887 0 0 0.164789 0.16266 
122600 0.00213596 0.162146 0.000442531 0 0 0.164717 0.162592 
122800 0.00212922 0.162082 0.000440176 0 0 0.164646 0.162525 
123000 0.00212249 0.162018 0.000437821 0 0 0.164574 0.162457 
123200 0.00211575 0.161954 0.000435466 0 0 0.164502 0.16239 
123400 0.00210901 0.16189 0.000433111 0 0 0.164431 0.162323 
123600 0.00210228 0.161826 0.000430755 0 0 0.164359 0.162255 
123800 0.00209554 0.161763 0.0004284 0 0 0.164287 0.162188 
124000 0.0020888 0.161699 0.000426045 0 0 0.164216 0.16212 
124200 0.00208235 0.161631 0.000423855 0 0 0.16414 0.162053 
124400 0.0020759 0.161564 0.000421665 0 0 0.164065 0.161986 
124600 0.00206945 0.161497 0.000419475 0 0 0.16399 0.161918 
124800 0.002063 0.161429 0.000417285 0 0 0.163915 0.161851 
125000 0.00205655 0.161362 0.000415095 0 0 0.163839 0.161783 
125200 0.00205009 0.161294 0.000412905 0 0 0.163764 0.161716 
125400 0.00204364 0.161227 0.000410715 0 0 0.163689 0.161649 
125600 0.00203719 0.16116 0.000408525 0 0 0.163614 0.161581 
125800 0.00203074 0.161092 0.000406335 0 0 0.163539 0.161514 
126000 0.00202429 0.161025 0.000404145 0 0 0.163463 0.161447 
126200 0.00201784 0.160957 0.000401955 0 0 0.163388 0.161379 
126400 0.00201138 0.16089 0.000399765 0 0 0.163313 0.161312 
126600 0.00200515 0.160825 0.000397709 0 0 0.163239 0.161244 
126800 0.00199891 0.160761 0.000395652 0 0 0.163164 0.161175 
127000 0.00199267 0.160696 0.000393596 0 0 0.16309 0.161107 
127200 0.00198644 0.160631 0.000391539 0 0 0.163015 0.161039 
127400 0.0019802 0.160567 0.000389483 0 0 0.162941 0.160971 
127600 0.00197396 0.160502 0.000387427 0 0 0.162866 0.160903 
127800 0.00196773 0.160437 0.00038537 0 0 0.162792 0.160834 
128000 0.00196149 0.160373 0.000383314 0 0 0.162718 0.160766 
128200 0.00195525 0.160308 0.000381257 0 0 0.162643 0.160698 
128400 0.00194902 0.160243 0.000379201 0 0 0.162569 0.16063 
128600 0.00194278 0.160179 0.000377144 0 0 0.162494 0.160562 
128800 0.00193654 0.160114 0.000375088 0 0 0.16242 0.160494 
129000 0.00193098 0.160051 0.000373303 0 0 0.16235 0.160431 
129200 0.00192542 0.159988 0.000371519 0 0 0.162281 0.160368 
129400 0.00191986 0.159925 0.000369734 0 0 0.162212 0.160305 
129600 0.0019143 0.159862 0.000367949 0 0 0.162142 0.160242 
129800 0.00190874 0.159799 0.000366165 0 0 0.162073 0.160179 
130000 0.00190318 0.159736 0.00036438 0 0 0.162003 0.160116 
130200 0.00189762 0.159673 0.000362595 0 0 0.161934 0.160053 
130400 0.00189206 0.15961 0.000360811 0 0 0.161864 0.15999 
130600 0.0018865 0.159548 0.000359026 0 0 0.161795 0.159927 
130800 0.00188094 0.159485 0.000357241 0 0 0.161726 0.159864 
131000 0.00187538 0.159422 0.000355457 0 0 0.161656 0.159801 
131200 0.00186982 0.159359 0.000353672 0 0 0.161587 0.159738 
131400 0.00186426 0.159296 0.000351887 0 0 0.161517 0.159675 
131600 0.00185872 0.159234 0.00035015 0 0 0.161445 0.159607 
131800 0.00185317 0.159172 0.000348412 0 0 0.161373 0.159538 
132000 0.00184763 0.15911 0.000346674 0 0 0.161301 0.159469 
132200 0.00184209 0.159047 0.000344936 0 0 0.161229 0.1594 
132400 0.00183654 0.158985 0.000343198 0 0 0.161156 0.159331 
132600 0.001831 0.158923 0.00034146 0 0 0.161084 0.159262 
132800 0.00182546 0.158861 0.000339722 0 0 0.161012 0.159194 
133000 0.00181991 0.158799 0.000337984 0 0 0.16094 0.159125 
133200 0.00181437 0.158737 0.000336246 0 0 0.160868 0.159056 
133400 0.00180883 0.158675 0.000334508 0 0 0.160795 0.158987 
133600 0.00180328 0.158613 0.00033277 0 0 0.160723 0.158918 
133800 0.00179774 0.158551 0.000331032 0 0 0.160651 0.158849 
134000 0.00179248 0.15849 0.00032941 0 0 0.160583 0.158785 
134200 0.00178751 0.15843 0.000327904 0 0 0.160519 0.158725 
134400 0.00178254 0.15837 0.000326398 0 0 0.160455 0.158665 
134600 0.00177756 0.15831 0.000324892 0 0 0.160392 0.158605 
134800 0.00177259 0.15825 0.000323386 0 0 0.160328 0.158545 
135000 0.00176761 0.15819 0.00032188 0 0 0.160264 0.158486 
135200 0.00176264 0.15813 0.000320374 0 0 0.160201 0.158426 
135400 0.00175767 0.15807 0.000318868 0 0 0.160137 0.158366 
135600 0.00175269 0.158011 0.000317362 0 0 0.160073 0.158306 
135800 0.00174772 0.157951 0.000315856 0 0 0.160009 0.158246 
136000 0.00174275 0.157891 0.000314349 0 0 0.159946 0.158186 
136200 0.00173777 0.157831 0.000312843 0 0 0.159882 0.158126 
136400 0.0017328 0.157771 0.000311337 0 0 0.159818 0.158066 
136600 0.00172782 0.157711 0.000309831 0 0 0.159754 0.158006 
136800 0.00172289 0.157648 0.000308361 0 0 0.159685 0.157943 
137000 0.00171795 0.157585 0.000306891 0 0 0.159616 0.15788 
137200 0.00171302 0.157522 0.000305422 0 0 0.159546 0.157817 
137400 0.00170808 0.157459 0.000303952 0 0 0.159477 0.157755 
137600 0.00170315 0.157396 0.000302482 0 0 0.159407 0.157692 
137800 0.00169821 0.157333 0.000301012 0 0 0.159338 0.157629 
138000 0.00169328 0.15727 0.000299542 0 0 0.159268 0.157566 
138200 0.00168834 0.157208 0.000298072 0 0 0.159199 0.157503 
138400 0.00168341 0.157145 0.000296602 0 0 0.15913 0.15744 
138600 0.00167847 0.157082 0.000295132 0 0 0.15906 0.157377 
138800 0.00167354 0.157019 0.000293662 0 0 0.158991 0.157314 
139000 0.0016686 0.156956 0.000292192 0 0 0.158921 0.157251 
139200 0.00166367 0.156893 0.000290722 0 0 0.158852 0.157188 
139400 0.00165905 0.156832 0.000289394 0 0 0.158785 0.157127 
139600 0.00165442 0.15677 0.000288066 0 0 0.158718 0.157065 
139800 0.0016498 0.156709 0.000286739 0 0 0.158651 0.157004 
140000 0.00164517 0.156648 0.000285411 0 0 0.158584 0.156943 
140200 0.00164055 0.156586 0.000284083 0 0 0.158518 0.156882 
140400 0.00163592 0.156525 0.000282755 0 0 0.158451 0.15682 
140600 0.0016313 0.156464 0.000281427 0 0 0.158384 0.156759 
140800 0.00162667 0.156402 0.000280099 0 0 0.158317 0.156698 
141000 0.00162205 0.156341 0.000278771 0 0 0.15825 0.156636 
141200 0.00161743 0.15628 0.000277443 0 0 0.158183 0.156575 
141400 0.0016128 0.156218 0.000276115 0 0 0.158116 0.156514 
141600 0.00160818 0.156157 0.000274787 0 0 0.15805 0.156452 
141800 0.00160355 0.156096 0.000273459 0 0 0.157983 0.156391 
142000 0.00159912 0.156036 0.000272195 0 0 0.157917 0.15633 
142200 0.00159487 0.155977 0.000270996 0 0 0.157852 0.156268 
142400 0.00159062 0.155919 0.000269797 0 0 0.157786 0.156207 
142600 0.00158638 0.155861 0.000268598 0 0 0.157721 0.156145 
142800 0.00158213 0.155802 0.000267398 0 0 0.157656 0.156084 
143000 0.00157788 0.155744 0.000266199 0 0 0.157591 0.156022 
143200 0.00157364 0.155685 0.000265 0 0 0.157526 0.155961 
143400 0.00156939 0.155627 0.000263801 0 0 0.157461 0.155899 
143600 0.00156515 0.155568 0.000262602 0 0 0.157396 0.155838 
143800 0.0015609 0.15551 0.000261402 0 0 0.15733 0.155777 
144000 0.00155665 0.155452 0.000260203 0 0 0.157265 0.155715 
144200 0.00155241 0.155393 0.000259004 0 0 0.1572 0.155654 
144400 0.00154816 0.155335 0.000257805 0 0 0.157135 0.155592 
144600 0.00154391 0.155276 0.000256606 0 0 0.15707 0.155531 
144800 0.00153973 0.155218 0.000255444 0 0 0.157005 0.155471 
145000 0.0015356 0.155159 0.00025432 0 0 0.156941 0.155412 
145200 0.00153148 0.155101 0.000253196 0 0 0.156876 0.155354 
145400 0.00152736 0.155042 0.000252072 0 0 0.156812 0.155295 
145600 0.00152323 0.154984 0.000250949 0 0 0.156747 0.155237 
145800 0.00151911 0.154926 0.000249825 0 0 0.156683 0.155179 
146000 0.00151499 0.154867 0.000248701 0 0 0.156618 0.15512 
146200 0.00151086 0.154809 0.000247577 0 0 0.156554 0.155062 
146400 0.00150674 0.15475 0.000246453 0 0 0.156489 0.155003 
146600 0.00150261 0.154692 0.000245329 0 0 0.156425 0.154945 
146800 0.00149849 0.154633 0.000244205 0 0 0.15636 0.154886 
147000 0.00149437 0.154575 0.000243082 0 0 0.156296 0.154828 
147200 0.00149024 0.154516 0.000241958 0 0 0.156231 0.154769 
147400 0.00148612 0.154458 0.000240834 0 0 0.156167 0.154711 
147600 0.00148216 0.154401 0.000239767 0 0 0.156105 0.154652 
147800 0.00147836 0.154344 0.000238758 0 0 0.156045 0.154592 
148000 0.00147456 0.154288 0.000237749 0 0 0.155985 0.154532 
148200 0.00147077 0.154231 0.00023674 0 0 0.155925 0.154472 
148400 0.00146697 0.154175 0.000235731 0 0 0.155866 0.154413 
148600 0.00146317 0.154118 0.000234722 0 0 0.155806 0.154353 
148800 0.00145937 0.154062 0.000233713 0 0 0.155746 0.154293 
149000 0.00145558 0.154006 0.000232704 0 0 0.155686 0.154233 
149200 0.00145178 0.153949 0.000231695 0 0 0.155626 0.154173 
149400 0.00144798 0.153893 0.000230686 0 0 0.155567 0.154114 
149600 0.00144418 0.153836 0.000229677 0 0 0.155507 0.154054 
149800 0.00144039 0.15378 0.000228668 0 0 0.155447 0.153994 
150000 0.00143659 0.153723 0.000227659 0 0 0.155387 0.153934 
150200 0.00143252 0.153662 0.000226584 0 0 0.155326 0.153873 
150400 0.00142846 0.153601 0.000225508 0 0 0.155265 0.153812 
150600 0.0014249 0.153547 0.000224586 0 0 0.155205 0.153757 
150800 0.00142133 0.153492 0.000223663 0 0 0.155145 0.153703 
151000 0.00141777 0.153437 0.000222741 0 0 0.155084 0.153648 
151200 0.00141421 0.153383 0.000221818 0 0 0.155024 0.153594 
151400 0.00141064 0.153328 0.000220896 0 0 0.154964 0.153539 
151600 0.00140708 0.153274 0.000219974 0 0 0.154904 0.153485 
151800 0.00140352 0.153219 0.000219051 0 0 0.154844 0.15343 
152000 0.00139995 0.153165 0.000218129 0 0 0.154784 0.153376 
152200 0.00139639 0.15311 0.000217206 0 0 0.154723 0.153321 
152400 0.00139283 0.153056 0.000216284 0 0 0.154663 0.153266 
152600 0.00138926 0.153001 0.000215362 0 0 0.154603 0.153212 
152800 0.0013857 0.152947 0.000214439 0 0 0.154543 0.153157 
153000 0.00138214 0.152892 0.000213517 0 0 0.154483 0.153103 
153200 0.00137857 0.152837 0.000212594 0 0 0.154422 0.153048 
153400 0.00137501 0.152783 0.000211672 0 0 0.154362 0.152994 
153600 0.00137159 0.152725 0.000210806 0 0 0.154302 0.152936 
153800 0.00136817 0.152667 0.00020994 0 0 0.154241 0.152878 
154000 0.00136475 0.152609 0.000209074 0 0 0.15418 0.15282 
154200 0.00136133 0.152551 0.000208207 0 0 0.154119 0.152762 
154400 0.0013579 0.152493 0.000207341 0 0 0.154058 0.152704 
154600 0.00135448 0.152435 0.000206475 0 0 0.153998 0.152646 
154800 0.00135106 0.152377 0.000205609 0 0 0.153937 0.152588 
155000 0.00134764 0.152319 0.000204743 0 0 0.153876 0.15253 
155200 0.00134422 0.152261 0.000203877 0 0 0.153815 0.152472 
155400 0.0013408 0.152203 0.00020301 0 0 0.153754 0.152414 
155600 0.00133737 0.152145 0.000202144 0 0 0.153693 0.152356 
155800 0.00133395 0.152087 0.000201278 0 0 0.153633 0.152298 
156000 0.00133053 0.152029 0.000200412 0 0 0.153572 0.15224 
156200 0.00132711 0.151971 0.000199546 0 0 0.153511 0.152182 
156400 0.00132369 0.151913 0.00019868 0 0 0.15345 0.152124 
156600 0.00132038 0.151858 0.00019787 0 0 0.153389 0.152069 
156800 0.00131707 0.151804 0.00019706 0 0 0.153329 0.152015 
157000 0.00131377 0.151749 0.00019625 0 0 0.153268 0.15196 
157200 0.00131046 0.151695 0.00019544 0 0 0.153207 0.151906 
157400 0.00130715 0.15164 0.00019463 0 0 0.153146 0.151851 
157600 0.00130385 0.151586 0.00019382 0 0 0.153085 0.151797 
157800 0.00130054 0.151531 0.00019301 0 0 0.153025 0.151742 
158000 0.00129723 0.151477 0.0001922 0 0 0.152964 0.151688 
158200 0.00129393 0.151422 0.000191391 0 0 0.152903 0.151633 
158400 0.00129062 0.151368 0.000190581 0 0 0.152842 0.151578 
158600 0.00128731 0.151313 0.000189771 0 0 0.152781 0.151524 
158800 0.001284 0.151258 0.000188961 0 0 0.152721 0.151469 
159000 0.0012807 0.151204 0.000188151 0 0 0.15266 0.151415 
159200 0.00127739 0.151149 0.000187341 0 0 0.152599 0.15136 
159400 0.00127408 0.151095 0.000186531 0 0 0.152538 0.151306 
159600 0.00127099 0.151041 0.000185794 0 0 0.152482 0.15125 
159800 0.0012679 0.150988 0.000185056 0 0 0.152426 0.151193 
160000 0.00126481 0.150935 0.000184319 0 0 0.15237 0.151137 
160200 0.00126172 0.150881 0.000183581 0 0 0.152314 0.151081 
160400 0.00125863 0.150828 0.000182844 0 0 0.152258 0.151025 
160600 0.00125554 0.150774 0.000182106 0 0 0.152202 0.150969 
160800 0.00125245 0.150721 0.000181368 0 0 0.152145 0.150913 
161000 0.00124936 0.150668 0.000180631 0 0 0.152089 0.150857 
161200 0.00124627 0.150614 0.000179893 0 0 0.152033 0.150801 
161400 0.00124319 0.150561 0.000179156 0 0 0.151977 0.150744 
161600 0.0012401 0.150507 0.000178418 0 0 0.151921 0.150688 
161800 0.00123701 0.150454 0.000177681 0 0 0.151865 0.150632 
162000 0.00123392 0.150401 0.000176943 0 0 0.151809 0.150576 
162200 0.00123083 0.150347 0.000176206 0 0 0.151753 0.15052 
162400 0.00122774 0.150294 0.000175468 0 0 0.151696 0.150464 
162600 0.00122475 0.15024 0.000174765 0 0 0.15164 0.150409 
162800 0.00122186 0.150186 0.000174095 0 0 0.151584 0.150354 
163000 0.00121898 0.150131 0.000173425 0 0 0.151527 0.1503 
163200 0.00121609 0.150077 0.000172756 0 0 0.151471 0.150246 
163400 0.0012132 0.150022 0.000172086 0 0 0.151415 0.150191 
163600 0.00121032 0.149968 0.000171417 0 0 0.151358 0.150137 
163800 0.00120743 0.149914 0.000170747 0 0 0.151302 0.150082 
164000 0.00120455 0.149859 0.000170077 0 0 0.151245 0.150028 
164200 0.00120166 0.149805 0.000169408 0 0 0.151189 0.149974 
164400 0.00119877 0.149751 0.000168738 0 0 0.151132 0.149919 
164600 0.00119589 0.149696 0.000168068 0 0 0.151076 0.149865 
164800 0.001193 0.149642 0.000167399 0 0 0.15102 0.149811 
165000 0.00119012 0.149588 0.000166729 0 0 0.150963 0.149756 
165200 0.00118723 0.149533 0.000166059 0 0 0.150907 0.149702 
165400 0.00118434 0.149479 0.00016539 0 0 0.15085 0.149648 
165600 0.00118146 0.149424 0.00016472 0 0 0.150794 0.149593 
165800 0.00117868 0.149372 0.000164081 0 0 0.150738 0.149541 
166000 0.00117601 0.149322 0.000163473 0 0 0.150683 0.149491 
166200 0.00117334 0.149272 0.000162864 0 0 0.150628 0.149441 
166400 0.00117067 0.149222 0.000162256 0 0 0.150572 0.14939 
166600 0.001168 0.149172 0.000161647 0 0 0.150517 0.14934 
166800 0.00116533 0.149121 0.000161039 0 0 0.150462 0.14929 
167000 0.00116266 0.149071 0.00016043 0 0 0.150407 0.14924 
167200 0.00115999 0.149021 0.000159822 0 0 0.150351 0.14919 
167400 0.00115732 0.148971 0.000159213 0 0 0.150296 0.14914 
167600 0.00115466 0.148921 0.000158605 0 0 0.150241 0.149089 
167800 0.00115199 0.148871 0.000157996 0 0 0.150185 0.149039 
168000 0.00114932 0.14882 0.000157388 0 0 0.15013 0.148989 
168200 0.00114665 0.14877 0.00015678 0 0 0.150075 0.148939 
168400 0.00114398 0.14872 0.000156171 0 0 0.15002 0.148889 
168600 0.00114131 0.14867 0.000155563 0 0 0.149964 0.148839 
168800 0.00113864 0.14862 0.000154954 0 0 0.149909 0.148788 
169000 0.00113597 0.14857 0.000154346 0 0 0.149854 0.148738 
169200 0.00113338 0.148517 0.000153776 0 0 0.149799 0.148686 
169400 0.00113078 0.148464 0.000153206 0 0 0.149743 0.148633 
169600 0.00112819 0.148411 0.000152635 0 0 0.149688 0.14858 
169800 0.0011256 0.148359 0.000152065 0 0 0.149633 0.148527 
170000 0.00112301 0.148306 0.000151495 0 0 0.149577 0.148475 
170200 0.00112042 0.148253 0.000150925 0 0 0.149522 0.148422 
170400 0.00111783 0.148201 0.000150355 0 0 0.149467 0.148369 
170600 0.00111523 0.148148 0.000149785 0 0 0.149412 0.148317 
170800 0.00111264 0.148095 0.000149215 0 0 0.149356 0.148264 
171000 0.00111005 0.148042 0.000148645 0 0 0.149301 0.148211 
171200 0.00110746 0.14799 0.000148075 0 0 0.149246 0.148158 
171400 0.00110487 0.147937 0.000147504 0 0 0.149191 0.148106 
171600 0.00110228 0.147884 0.000146934 0 0 0.149135 0.148053 
171800 0.00109968 0.147831 0.000146364 0 0 0.14908 0.148 
172000 0.00109709 0.147779 0.000145794 0 0 0.149025 0.147947 
172200 0.0010945 0.147726 0.000145224 0 0 0.148969 0.147895 
172400 0.00109196 0.147675 0.000144671 0 0 0.148915 0.147842 
172600 0.00108947 0.147624 0.000144134 0 0 0.148862 0.147789 
172800 0.00108699 0.147574 0.000143597 0 0 0.148809 0.147737 
173000 0.0010845 0.147524 0.00014306 0 0 0.148755 0.147684 
173200 0.00108201 0.147474 0.000142523 0 0 0.148702 0.147631 
173400 0.00107952 0.147424 0.000141986 0 0 0.148649 0.147578 
173600 0.00107703 0.147374 0.000141449 0 0 0.148595 0.147526 
173800 0.00107455 0.147323 0.000140912 0 0 0.148542 0.147473 
174000 0.00107206 0.147273 0.000140376 0 0 0.148489 0.14742 
174200 0.00106957 0.147223 0.000139839 0 0 0.148435 0.147368 
174400 0.00106708 0.147173 0.000139302 0 0 0.148382 0.147315 
174600 0.0010646 0.147123 0.000138765 0 0 0.148329 0.147262 
174800 0.00106211 0.147073 0.000138228 0 0 0.148276 0.147209 
175000 0.00105962 0.147023 0.000137691 0 0 0.148222 0.147157 
175200 0.00105713 0.146972 0.000137154 0 0 0.148169 0.147104 
175400 0.00105464 0.146922 0.000136618 0 0 0.148116 0.147051 
175600 0.00105216 0.146872 0.000136081 0 0 0.148062 0.146999 
175800 0.00104991 0.146822 0.000135608 0 0 0.14801 0.146949 
176000 0.00104766 0.146773 0.000135136 0 0 0.147958 0.146899 
176200 0.00104541 0.146723 0.000134663 0 0 0.147906 0.146849 
176400 0.00104316 0.146673 0.000134191 0 0 0.147854 0.1468 
176600 0.00104092 0.146623 0.000133718 0 0 0.147802 0.14675 
176800 0.00103867 0.146574 0.000133246 0 0 0.14775 0.1467 
177000 0.00103642 0.146524 0.000132774 0 0 0.147698 0.146651 
177200 0.00103417 0.146474 0.000132301 0 0 0.147645 0.146601 
177400 0.00103192 0.146425 0.000131829 0 0 0.147593 0.146551 
177600 0.00102968 0.146375 0.000131356 0 0 0.147541 0.146501 
177800 0.00102743 0.146325 0.000130884 0 0 0.147489 0.146452 
178000 0.00102518 0.146276 0.000130411 0 0 0.147437 0.146402 
178200 0.00102293 0.146226 0.000129939 0 0 0.147385 0.146352 
178400 0.00102068 0.146176 0.000129466 0 0 0.147333 0.146303 
178600 0.00101843 0.146126 0.000128994 0 0 0.147281 0.146253 
178800 0.00101619 0.146077 0.000128522 0 0 0.147229 0.146203 
179000 0.00101394 0.146027 0.000128049 0 0 0.147176 0.146154 
179200 0.00101173 0.145977 0.000127591 0 0 0.147124 0.146104 
179400 0.00100955 0.145928 0.000127148 0 0 0.147072 0.146054 
179600 0.00100738 0.145878 0.000126704 0 0 0.14702 0.146004 
179800 0.0010052 0.145828 0.000126261 0 0 0.146968 0.145955 
180000 0.00100303 0.145778 0.000125817 0 0 0.146916 0.145905 
180200 0.00100085 0.145729 0.000125374 0 0 0.146864 0.145855 
180400 0.000998679 0.145679 0.00012493 0 0 0.146812 0.145806 
180600 0.000996504 0.145629 0.000124486 0 0 0.146759 0.145756 
180800 0.000994329 0.14558 0.000124043 0 0 0.146707 0.145706 
181000 0.000992155 0.14553 0.000123599 0 0 0.146655 0.145656 
181200 0.00098998 0.14548 0.000123156 0 0 0.146603 0.145607 
181400 0.000987805 0.145431 0.000122712 0 0 0.146551 0.145557 
181600 0.00098563 0.145381 0.000122269 0 0 0.146499 0.145507 
181800 0.000983456 0.145331 0.000121825 0 0 0.146447 0.145458 
182000 0.000981281 0.145281 0.000121382 0 0 0.146395 0.145408 
182200 0.000979106 0.145232 0.000120938 0 0 0.146343 0.145358 
182400 0.000976931 0.145182 0.000120495 0 0 0.14629 0.145309 
182600 0.000974757 0.145132 0.000120051 0 0 0.146238 0.145259 
182800 0.000972656 0.145085 0.000119634 0 0 0.146186 0.145209 
183000 0.000970555 0.145038 0.000119217 0 0 0.146134 0.145159 
183200 0.000968454 0.14499 0.0001188 0 0 0.146082 0.14511 
183400 0.000966353 0.144943 0.000118383 0 0 0.14603 0.14506 
183600 0.000964253 0.144896 0.000117966 0 0 0.145978 0.14501 
183800 0.000962152 0.144848 0.000117549 0 0 0.145926 0.144961 
184000 0.000960051 0.144801 0.000117132 0 0 0.145874 0.144911 
184200 0.00095795 0.144754 0.000116715 0 0 0.145821 0.144861 
184400 0.000955849 0.144707 0.000116298 0 0 0.145769 0.144811 
184600 0.000953749 0.144659 0.000115881 0 0 0.145717 0.144762 
184800 0.000951648 0.144612 0.000115464 0 0 0.145665 0.144712 
185000 0.000949547 0.144565 0.000115047 0 0 0.145613 0.144662 
185200 0.000947446 0.144517 0.00011463 0 0 0.145561 0.144613 
185400 0.000945345 0.14447 0.000114213 0 0 0.145509 0.144563 
185600 0.000943244 0.144423 0.000113796 0 0 0.145457 0.144513 
185800 0.000941144 0.144376 0.000113379 0 0 0.145404 0.144464 
186000 0.000939043 0.144328 0.000112962 0 0 0.145352 0.144414 
186200 0.000937033 0.144281 0.000112569 0 0 0.145303 0.144366 
186400 0.000935115 0.144233 0.0001122 0 0 0.145256 0.144321 
186600 0.000933197 0.144186 0.00011183 0 0 0.145209 0.144276 
186800 0.000931278 0.144138 0.000111461 0 0 0.145162 0.144231 
187000 0.00092936 0.144091 0.000111091 0 0 0.145115 0.144185 
187200 0.000927442 0.144043 0.000110722 0 0 0.145068 0.14414 
187400 0.000925523 0.143996 0.000110353 0 0 0.145021 0.144095 
187600 0.000923605 0.143948 0.000109983 0 0 0.144974 0.14405 
187800 0.000921687 0.143901 0.000109614 0 0 0.144927 0.144004 
188000 0.000919768 0.143853 0.000109245 0 0 0.14488 0.143959 
188200 0.00091785 0.143805 0.000108875 0 0 0.144833 0.143914 
188400 0.000915931 0.143758 0.000108506 0 0 0.144786 0.143869 
188600 0.000914013 0.14371 0.000108136 0 0 0.144739 0.143823 
188800 0.000912095 0.143663 0.000107767 0 0 0.144692 0.143778 
189000 0.000910177 0.143615 0.000107398 0 0 0.144645 0.143733 
189200 0.000908258 0.143568 0.000107028 0 0 0.144597 0.143688 
189400 0.00090634 0.14352 0.000106659 0 0 0.14455 0.143642 
189600 0.000904421 0.143473 0.000106289 0 0 0.144503 0.143597 
189800 0.000902503 0.143425 0.00010592 0 0 0.144456 0.143552 
190000 0.000900677 0.143378 0.000105574 0 0 0.144407 0.143505 
190200 0.000898851 0.143331 0.000105227 0 0 0.144357 0.143458 
190400 0.000897025 0.143284 0.00010488 0 0 0.144307 0.143411 
190600 0.000895199 0.143237 0.000104534 0 0 0.144257 0.143364 
190800 0.000893372 0.14319 0.000104187 0 0 0.144207 0.143317 
191000 0.000891546 0.143143 0.000103841 0 0 0.144158 0.14327 
191200 0.00088972 0.143096 0.000103494 0 0 0.144108 0.143223 
191400 0.000887894 0.143049 0.000103147 0 0 0.144058 0.143176 
191600 0.000886068 0.143002 0.000102801 0 0 0.144008 0.143129 
191800 0.000884242 0.142955 0.000102454 0 0 0.143958 0.143082 
192000 0.000882416 0.142908 0.000102108 0 0 0.143908 0.143035 
192200 0.00088059 0.142861 0.000101761 0 0 0.143859 0.142988 
192400 0.000878763 0.142814 0.000101415 0 0 0.143809 0.142941 
192600 0.000876937 0.142767 0.000101068 0 0 0.143759 0.142893 
192800 0.000875111 0.14272 0.000100721 0 0 0.143709 0.142846 
193000 0.000873285 0.142673 0.000100375 0 0 0.143659 0.142799 
193200 0.000871459 0.142626 0.000100028 0 0 0.14361 0.142752 
193400 0.000869633 0.142579 9.96816E-005 0 0 0.14356 0.142705 
193600 0.000867853 0.142532 9.93507E-005 0 0 0.143511 0.142659 
193800 0.000866121 0.142487 9.90355E-005 0 0 0.143463 0.142613 
194000 0.000864388 0.142441 9.87202E-005 0 0 0.143415 0.142567 
194200 0.000862655 0.142395 9.8405E-005 0 0 0.143367 0.142522 
194400 0.000860923 0.142349 9.80897E-005 0 0 0.143319 0.142476 
194600 0.00085919 0.142304 9.77744E-005 0 0 0.143271 0.14243 
194800 0.000857457 0.142258 9.74592E-005 0 0 0.143223 0.142384 
195000 0.000855725 0.142212 9.71439E-005 0 0 0.143175 0.142339 
195200 0.000853992 0.142166 9.68286E-005 0 0 0.143127 0.142293 
195400 0.000852259 0.14212 9.65134E-005 0 0 0.143079 0.142247 
195600 0.000850527 0.142075 9.61981E-005 0 0 0.143031 0.142201 
195800 0.000848794 0.142029 9.58829E-005 0 0 0.142983 0.142155 
196000 0.000847061 0.141983 9.55676E-005 0 0 0.142935 0.14211 
196200 0.000845329 0.141937 9.52524E-005 0 0 0.142887 0.142064 
196400 0.000843596 0.141892 9.49371E-005 0 0 0.142839 0.142018 
196600 0.000841863 0.141846 9.46218E-005 0 0 0.142791 0.141972 
196800 0.00084013 0.1418 9.43066E-005 0 0 0.142743 0.141926 
197000 0.000838398 0.141754 9.39913E-005 0 0 0.142695 0.141881 
197200 0.000836665 0.141708 9.36761E-005 0 0 0.142647 0.141835 
197400 0.000834975 0.141664 9.33685E-005 0 0 0.142599 0.141789 
197600 0.000833328 0.14162 9.30685E-005 0 0 0.142552 0.141742 
197800 0.000831681 0.141576 9.27685E-005 0 0 0.142505 0.141694 
198000 0.000830034 0.141532 9.24686E-005 0 0 0.142458 0.141647 
198200 0.000828387 0.141488 9.21686E-005 0 0 0.142411 0.1416 
198400 0.00082674 0.141444 9.18686E-005 0 0 0.142364 0.141553 
198600 0.000825093 0.1414 9.15687E-005 0 0 0.142317 0.141506 
198800 0.000823446 0.141356 9.12687E-005 0 0 0.14227 0.141459 
199000 0.000821799 0.141312 9.09687E-005 0 0 0.142223 0.141412 
199200 0.000820152 0.141269 9.06688E-005 0 0 0.142176 0.141365 
199400 0.000818505 0.141225 9.03688E-005 0 0 0.142129 0.141318 
199600 0.000816858 0.141181 9.00688E-005 0 0 0.142082 0.141271 
199800 0.000815211 0.141137 8.97689E-005 0 0 0.142035 0.141224 
200000 0.000813564 0.141093 8.94689E-005 0 0 0.141988 0.141177 
