1000 1.07898 0.0126299 2209.61 0 0 2210.61 2209.61 
1200 1.03035 0.0173078 1322.4 0 0 1323.41 1322.4 
1400 0.983199 0.0224216 853.036 0 0 854.039 853.036 
1600 0.933742 0.0277598 580.75 0 0 581.575 580.75 
1800 0.882582 0.0331767 411.974 0 0 412.877 412.024 
2000 0.831799 0.0386167 301.684 0 0 302.536 301.734 
2200 0.782663 0.0439963 227.412 0 0 228.264 227.462 
2400 0.735906 0.0492601 175.541 0 0 176.308 175.592 
2600 0.692168 0.0543895 138.102 0 0 138.854 138.152 
2800 0.651077 0.0593139 110.459 0 0 111.211 110.559 
3000 0.612693 0.0640771 89.6477 0 0 90.2995 89.6979 
3200 0.576928 0.0686118 73.7291 0 0 74.3308 73.7793 
3400 0.544125 0.0729402 61.2974 0 0 61.8991 61.3833 
3600 0.51387 0.0770028 51.4636 0 0 52.0617 51.5211 
3800 0.485929 0.0808599 43.6125 0 0 44.1788 43.6928 
4000 0.460222 0.0844835 37.2379 0 0 37.7844 37.3231 
4200 0.436671 0.0878562 32.0568 0 0 32.5822 32.143 
4400 0.414937 0.0910817 27.7627 0 0 28.2681 27.853 
4600 0.394916 0.094032 24.1832 0 0 24.6706 24.274 
4800 0.37651 0.0968373 21.1894 0 0 21.6602 21.2851 
5000 0.359493 0.0994749 18.6566 0 0 19.1178 18.7568 
5200 0.343831 0.101944 16.5175 0 0 16.9626 16.6178 
5400 0.32931 0.104244 14.6746 0 0 15.1099 14.7799 
5600 0.31584 0.106407 13.0938 0 0 13.5194 13.2041 
5800 0.303392 0.108452 11.7345 0 0 12.1463 11.8405 
6000 0.291756 0.110405 10.5441 0 0 10.9452 10.6544 
6200 0.281015 0.112234 9.51554 0 0 9.91009 9.63086 
6400 0.270896 0.113964 8.60512 0 0 8.99143 8.72044 
6600 0.261496 0.115609 7.81284 0 0 8.19119 7.92816 
6800 0.252639 0.117156 7.1049 0 0 7.47551 7.22481 
7000 0.244405 0.118656 6.48681 0 0 6.84993 6.60503 
7200 0.236569 0.120067 5.92879 0 0 6.28478 6.0493 
7400 0.229273 0.121461 5.43733 0 0 5.78883 5.56044 
7600 0.222321 0.122735 4.9944 0 0 5.33869 5.11722 
7800 0.215815 0.123991 4.59965 0 0 4.93952 4.72366 
8000 0.209629 0.125196 4.24122 0 0 4.57615 4.36657 
8200 0.203815 0.126371 3.92249 0 0 4.25279 4.04909 
8400 0.198225 0.127497 3.63046 0 0 3.95589 3.75781 
8600 0.192942 0.128544 3.36805 0 0 3.68971 3.49662 
8800 0.187919 0.129596 3.1298 0 0 3.44728 3.25935 
9000 0.18312 0.130613 2.91265 0 0 3.22634 3.04306 
9200 0.178529 0.131601 2.71453 0 0 3.02481 2.84608 
9400 0.174157 0.132547 2.53332 0 0 2.84027 2.66599 
9600 0.169938 0.133476 2.36735 0 0 2.67056 2.50066 
9800 0.165918 0.134337 2.21514 0 0 2.51558 2.34947 
10000 0.162048 0.135224 2.07574 0 0 2.37306 2.21111 
10200 0.158388 0.136076 1.95039 0 0 2.2447 2.08627 
10400 0.154661 0.136916 1.82729 0 0 2.11895 1.96421 
10600 0.151318 0.13768 1.72176 0 0 2.01056 1.85964 
10800 0.148071 0.138444 1.62244 0 0 1.90885 1.76127 
11000 0.144824 0.139208 1.52901 0 0 1.81303 1.66835 
11200 0.141663 0.139973 1.44062 0 0 1.72226 1.58087 
11400 0.138672 0.140707 1.36081 0 0 1.64015 1.50158 
11600 0.135838 0.14138 1.28823 0 0 1.56537 1.42945 
11800 0.133027 0.142079 1.21814 0 0 1.49331 1.36008 
12000 0.130318 0.142757 1.1534 0 0 1.42661 1.296 
12200 0.127707 0.143392 1.09391 0 0 1.36501 1.23707 
12400 0.125092 0.144038 1.0363 0 0 1.30525 1.18026 
12600 0.122725 0.14464 0.985764 0 0 1.2527 1.13012 
12800 0.12027 0.145264 0.935961 0 0 1.20119 1.08111 
13000 0.117902 0.145845 0.889598 0 0 1.15321 1.03528 
13200 0.11565 0.146414 0.846667 0 0 1.1087 0.992917 
13400 0.113491 0.146987 0.806517 0 0 1.06701 0.953481 
13600 0.111331 0.147527 0.768335 0 0 1.02728 0.915684 
13800 0.10927 0.14805 0.733248 0 0 0.990701 0.881287 
14000 0.107246 0.14857 0.699823 0 0 0.955789 0.848419 
14200 0.105257 0.149087 0.667953 0 0 0.922442 0.816972 
14400 0.103359 0.149588 0.638586 0 0 0.891642 0.788321 
14600 0.101488 0.150063 0.610562 0 0 0.862186 0.760745 
14800 0.0996532 0.150534 0.583798 0 0 0.833971 0.734344 
15000 0.0978705 0.151017 0.558544 0 0 0.807231 0.70946 
15200 0.096164 0.151472 0.535376 0 0 0.782818 0.686604 
15400 0.094461 0.151915 0.512817 0 0 0.759047 0.664536 
15600 0.0927897 0.152349 0.491425 0 0 0.736652 0.643812 
15800 0.0912004 0.152771 0.471917 0 0 0.715865 0.624645 
16000 0.0896413 0.153178 0.452987 0 0 0.69568 0.606078 
16200 0.0881209 0.153566 0.434776 0 0 0.676272 0.588287 
16400 0.0866006 0.153954 0.417499 0 0 0.657963 0.571321 
16600 0.085117 0.154336 0.400999 0 0 0.640452 0.55517 
16800 0.0837192 0.1547 0.385927 0 0 0.624346 0.540585 
17000 0.0823214 0.155065 0.371428 0 0 0.608834 0.526592 
17200 0.0809236 0.155429 0.357237 0 0 0.59364 0.512917 
17400 0.0795866 0.155794 0.343928 0 0 0.579359 0.499821 
17600 0.0782863 0.156141 0.331155 0 0 0.565663 0.487297 
17800 0.0770544 0.156457 0.31938 0 0 0.553057 0.475836 
18000 0.0758224 0.156772 0.308017 0 0 0.540794 0.464789 
18200 0.0745904 0.157087 0.296929 0 0 0.528761 0.454016 
18400 0.0733828 0.157378 0.28645 0 0 0.517215 0.443828 
18600 0.0721914 0.157665 0.276192 0 0 0.505906 0.433857 
18800 0.0711073 0.157964 0.26695 0 0 0.49596 0.424913 
19000 0.0700232 0.158255 0.257857 0 0 0.486128 0.416112 
19200 0.0689391 0.158526 0.249212 0 0 0.476643 0.407738 
19400 0.0678659 0.158797 0.240772 0 0 0.467385 0.399558 
19600 0.0668089 0.159068 0.232642 0 0 0.458468 0.391672 
19800 0.0657818 0.159314 0.224962 0 0 0.450026 0.384244 
20000 0.064779 0.159541 0.217651 0 0 0.441971 0.377192 
20200 0.0638071 0.15978 0.210771 0 0 0.434343 0.370535 
20400 0.0628557 0.160011 0.203983 0 0 0.426809 0.363953 
20600 0.0619199 0.160239 0.19755 0 0 0.419675 0.357755 
20800 0.0609923 0.160465 0.191307 0 0 0.412756 0.351763 
21000 0.0601112 0.160671 0.185418 0 0 0.4062 0.346089 
21200 0.0592552 0.160866 0.17972 0 0 0.399842 0.340586 
21400 0.0584114 0.161059 0.174317 0 0 0.393774 0.335377 
21600 0.0575758 0.16125 0.169113 0 0 0.3879 0.330363 
21800 0.0567401 0.161429 0.164063 0 0 0.382206 0.325492 
22000 0.0559045 0.161597 0.159168 0 0 0.376691 0.320765 
22200 0.0550953 0.161771 0.154431 0 0 0.371339 0.316203 
22400 0.0543257 0.161958 0.149931 0 0 0.366232 0.311889 
22600 0.0535662 0.162138 0.145524 0 0 0.361228 0.307662 
22800 0.0528369 0.162297 0.141399 0 0 0.356533 0.303696 
23000 0.0521084 0.162456 0.137292 0 0 0.351856 0.299747 
23200 0.0513954 0.162589 0.133526 0 0 0.34751 0.296115 
23400 0.0506823 0.162723 0.12976 0 0 0.343165 0.292483 
23600 0.0500043 0.162854 0.126216 0 0 0.339087 0.289088 
23800 0.049335 0.162985 0.122728 0 0 0.335076 0.285753 
24000 0.0486793 0.163115 0.119395 0 0 0.331214 0.282549 
24200 0.0480371 0.163243 0.116216 0 0 0.327502 0.279477 
24400 0.0473994 0.16337 0.113075 0 0 0.323832 0.276445 
24600 0.0467873 0.163496 0.11015 0 0 0.320406 0.273646 
24800 0.0461752 0.163621 0.107225 0 0 0.31698 0.270846 
25000 0.0455756 0.163731 0.104426 0 0 0.313711 0.268157 
25200 0.0449802 0.163835 0.101668 0 0 0.310493 0.265503 
25400 0.0443981 0.163938 0.0990126 0 0 0.30737 0.262951 
25600 0.0438405 0.164038 0.0965458 0 0 0.304422 0.260584 
25800 0.043283 0.164139 0.094079 0 0 0.301474 0.258218 
26000 0.0427391 0.164222 0.0917315 0 0 0.298679 0.255953 
26200 0.0421976 0.164302 0.0894051 0 0 0.295912 0.253707 
26400 0.0416681 0.164388 0.0871572 0 0 0.293229 0.251545 
26600 0.041161 0.164484 0.0850552 0 0 0.290702 0.24954 
26800 0.0406538 0.164581 0.0829533 0 0 0.288176 0.247534 
27000 0.0401567 0.164648 0.0809525 0 0 0.285751 0.245601 
27200 0.0396631 0.164706 0.0789856 0 0 0.28336 0.243692 
27400 0.0391744 0.164766 0.0770463 0 0 0.281002 0.241813 
27600 0.0387138 0.164841 0.0752635 0 0 0.278829 0.240104 
27800 0.0382533 0.164915 0.0734808 0 0 0.276656 0.238396 
28000 0.0377978 0.164981 0.0717483 0 0 0.274534 0.236729 
28200 0.0373484 0.165037 0.070077 0 0 0.272472 0.235114 
28400 0.036899 0.165092 0.0684057 0 0 0.270411 0.233498 
28600 0.0364711 0.165147 0.0668598 0 0 0.268486 0.232006 
28800 0.0360502 0.1652 0.0653556 0 0 0.266605 0.230556 
29000 0.0356294 0.165254 0.0638514 0 0 0.264725 0.229105 
29200 0.0352273 0.16529 0.0624559 0 0 0.262977 0.227746 
29400 0.0348262 0.165325 0.0610661 0 0 0.261235 0.226391 
29600 0.0344263 0.165362 0.059684 0 0 0.2595 0.225046 
29800 0.0340372 0.165409 0.0583708 0 0 0.257829 0.22378 
30000 0.033648 0.165457 0.0570577 0 0 0.256158 0.222515 
30200 0.0332658 0.165512 0.0558076 0 0 0.254572 0.221278 
30400 0.0329004 0.165529 0.0546179 0 0 0.253042 0.220139 
30600 0.032535 0.165546 0.0534282 0 0 0.251513 0.219 
30800 0.0321744 0.165568 0.0522689 0 0 0.250021 0.217882 
31000 0.0318251 0.165601 0.0511809 0 0 0.248617 0.216812 
31200 0.0314758 0.165634 0.0500929 0 0 0.247213 0.215743 
31400 0.0311333 0.165663 0.0490344 0 0 0.245837 0.214703 
31600 0.0308066 0.165679 0.0480445 0 0 0.244527 0.213733 
31800 0.0304799 0.165695 0.0470547 0 0 0.243217 0.212762 
32000 0.0301548 0.165711 0.0460768 0 0 0.241923 0.211801 
32200 0.0298362 0.165727 0.0451469 0 0 0.240694 0.21088 
32400 0.0295175 0.165743 0.0442169 0 0 0.239465 0.209958 
32600 0.029201 0.165758 0.0432954 0 0 0.238246 0.209045 
32800 0.0289033 0.165758 0.0424509 0 0 0.237118 0.208214 
33000 0.0286056 0.165758 0.0416064 0 0 0.23599 0.207384 
33200 0.0283079 0.165758 0.0407619 0 0 0.234862 0.206554 
33400 0.0280199 0.165772 0.0399762 0 0 0.233791 0.205762 
33600 0.0277329 0.165787 0.0391972 0 0 0.232726 0.204976 
33800 0.027446 0.165803 0.0384181 0 0 0.231662 0.204189 
34000 0.0271688 0.165798 0.0376773 0 0 0.230637 0.203449 
34200 0.0268968 0.165783 0.0369571 0 0 0.229635 0.202735 
34400 0.0266249 0.165768 0.036237 0 0 0.228632 0.202021 
34600 0.0263583 0.165758 0.0355392 0 0 0.22766 0.201325 
34800 0.0261017 0.165758 0.0348829 0 0 0.226746 0.200661 
35000 0.0258451 0.165758 0.0342267 0 0 0.225831 0.199998 
35200 0.0255885 0.165758 0.0335705 0 0 0.224917 0.199334 
35400 0.0253389 0.165744 0.0329535 0 0 0.224045 0.198698 
35600 0.0250897 0.165729 0.0323386 0 0 0.223175 0.198064 
35800 0.0248405 0.165715 0.0317236 0 0 0.222305 0.19743 
36000 0.0246009 0.1657 0.0311424 0 0 0.22147 0.196834 
36200 0.0243693 0.165686 0.0305888 0 0 0.220665 0.196269 
36400 0.0241377 0.165672 0.0300351 0 0 0.21986 0.195704 
36600 0.0239061 0.165658 0.0294815 0 0 0.219055 0.195139 
36800 0.0236829 0.165644 0.0289645 0 0 0.218293 0.194603 
37000 0.0234598 0.16563 0.0284476 0 0 0.21753 0.194066 
37200 0.0232366 0.165615 0.0279307 0 0 0.216767 0.193529 
37400 0.0230187 0.165595 0.0274331 0 0 0.216033 0.193011 
37600 0.0228071 0.165568 0.0269592 0 0 0.215332 0.192517 
37800 0.0225956 0.16554 0.0264853 0 0 0.214631 0.192022 
38000 0.022384 0.165513 0.0260114 0 0 0.213931 0.191528 
38200 0.0221824 0.165497 0.0255722 0 0 0.213267 0.191065 
38400 0.0219831 0.165483 0.0251417 0 0 0.212612 0.190611 
38600 0.0217839 0.16547 0.0247112 0 0 0.211956 0.190156 
38800 0.021585 0.165455 0.0242819 0 0 0.211303 0.189703 
39000 0.0213911 0.165415 0.0238768 0 0 0.210674 0.189275 
39200 0.0211972 0.165375 0.0234717 0 0 0.210046 0.188847 
39400 0.0210034 0.165335 0.0230665 0 0 0.209417 0.188419 
39600 0.0208134 0.1653 0.0226718 0 0 0.208801 0.187996 
39800 0.0206325 0.165278 0.0223012 0 0 0.208212 0.187581 
40000 0.0204515 0.165257 0.0219306 0 0 0.207624 0.187167 
40200 0.0202729 0.165225 0.0215734 0 0 0.20706 0.186791 
40400 0.0200972 0.165191 0.021224 0 0 0.206503 0.186418 
40600 0.0199258 0.165153 0.0208863 0 0 0.205957 0.18605 
40800 0.0197545 0.165115 0.0205487 0 0 0.205411 0.185682 
41000 0.0195831 0.165077 0.020211 0 0 0.204866 0.185314 
41200 0.0194144 0.165039 0.0198849 0 0 0.204334 0.184954 
41400 0.0192489 0.165002 0.0195728 0 0 0.20382 0.184603 
41600 0.0190835 0.164964 0.0192607 0 0 0.203306 0.184252 
41800 0.018918 0.164926 0.0189485 0 0 0.202792 0.183901 
42000 0.0187571 0.164889 0.0186481 0 0 0.202295 0.183559 
42200 0.0186018 0.164852 0.018362 0 0 0.201818 0.183229 
42400 0.0184465 0.164816 0.0180758 0 0 0.201341 0.182899 
42600 0.0182912 0.164779 0.0177896 0 0 0.200864 0.182569 
42800 0.0181383 0.164743 0.017511 0 0 0.200394 0.182248 
43000 0.0179897 0.164706 0.0172465 0 0 0.199934 0.181946 
43200 0.017841 0.16467 0.0169819 0 0 0.199475 0.181644 
43400 0.0176924 0.164634 0.0167173 0 0 0.199016 0.181342 
43600 0.0175458 0.164596 0.0164576 0 0 0.198565 0.181042 
43800 0.0174071 0.164549 0.0162174 0 0 0.198145 0.180751 
44000 0.0172683 0.164502 0.0159772 0 0 0.197725 0.180459 
44200 0.0171295 0.164456 0.015737 0 0 0.197306 0.180168 
44400 0.0169908 0.164409 0.0154968 0 0 0.196886 0.179876 
44600 0.0168552 0.164362 0.0152702 0 0 0.196477 0.179606 
44800 0.0167199 0.164316 0.0150452 0 0 0.196069 0.179337 
45000 0.0165847 0.164269 0.0148201 0 0 0.19566 0.179069 
45200 0.0164494 0.164222 0.0145951 0 0 0.195252 0.178801 
45400 0.0163196 0.16417 0.0143827 0 0 0.194859 0.178545 
45600 0.0161934 0.164114 0.0141788 0 0 0.194476 0.178297 
45800 0.0160672 0.164057 0.0139749 0 0 0.194093 0.178049 
46000 0.015941 0.164001 0.0137709 0 0 0.19371 0.177801 
46200 0.0158157 0.163946 0.0135693 0 0 0.193331 0.177554 
46400 0.0156954 0.163902 0.013381 0 0 0.192974 0.177309 
46600 0.015575 0.163857 0.0131927 0 0 0.192618 0.177064 
46800 0.0154547 0.163813 0.0130044 0 0 0.192261 0.176819 
47000 0.0153344 0.163768 0.0128161 0 0 0.191905 0.176574 
47200 0.0152179 0.163717 0.0126369 0 0 0.19156 0.176339 
47400 0.0151034 0.163663 0.0124625 0 0 0.191222 0.17611 
47600 0.014989 0.163608 0.0122881 0 0 0.190885 0.175881 
47800 0.0148745 0.163554 0.0121137 0 0 0.190547 0.175652 
48000 0.0147604 0.163499 0.0119401 0 0 0.19021 0.175424 
48200 0.0146516 0.163446 0.0117811 0 0 0.18989 0.175211 
48400 0.0145427 0.163392 0.0116222 0 0 0.18957 0.174997 
48600 0.0144339 0.163339 0.0114632 0 0 0.18925 0.174784 
48800 0.0143251 0.163286 0.0113043 0 0 0.18893 0.174571 
49000 0.0142186 0.163233 0.0111501 0 0 0.188615 0.174363 
49200 0.0141162 0.163181 0.0110049 0 0 0.188313 0.174164 
49400 0.0140138 0.163128 0.0108597 0 0 0.18801 0.173966 
49600 0.0139115 0.163076 0.0107146 0 0 0.187707 0.173767 
49800 0.0138091 0.163024 0.0105694 0 0 0.187404 0.173569 
50000 0.0137079 0.16295 0.0104238 0 0 0.187067 0.173379 
50200 0.0136099 0.162892 0.0102897 0 0 0.186775 0.173181 
50400 0.013512 0.162834 0.0101556 0 0 0.186484 0.172983 
50600 0.013414 0.162775 0.0100215 0 0 0.186192 0.172784 
50800 0.0133161 0.162717 0.00988744 0 0 0.185901 0.172586 
51000 0.0132221 0.162657 0.00976087 0 0 0.185624 0.1724 
51200 0.0131299 0.162597 0.00963753 0 0 0.185353 0.17222 
51400 0.0130376 0.162537 0.00951419 0 0 0.185082 0.172039 
51600 0.0129454 0.162477 0.00939085 0 0 0.184812 0.171859 
51800 0.0128531 0.162417 0.00926751 0 0 0.184541 0.171678 
52000 0.0127636 0.162357 0.00914989 0 0 0.184279 0.171506 
52200 0.0126752 0.162298 0.00903472 0 0 0.184021 0.171337 
52400 0.0125869 0.162238 0.00891955 0 0 0.183763 0.171169 
52600 0.0124985 0.162178 0.00880438 0 0 0.183505 0.171 
52800 0.0124101 0.162119 0.00868921 0 0 0.183246 0.170831 
53000 0.0123253 0.16206 0.00858121 0 0 0.182993 0.170665 
53200 0.0122424 0.162002 0.00847708 0 0 0.182742 0.170501 
53400 0.0121595 0.161945 0.00837295 0 0 0.182492 0.170338 
53600 0.0120765 0.161887 0.00826881 0 0 0.182241 0.170174 
53800 0.0119936 0.161829 0.00816468 0 0 0.18199 0.17001 
54000 0.0119123 0.161767 0.008064 0 0 0.181745 0.169846 
54200 0.0118331 0.1617 0.00796754 0 0 0.181506 0.169684 
54400 0.0117538 0.161633 0.00787108 0 0 0.181268 0.169522 
54600 0.0116745 0.161566 0.00777463 0 0 0.181029 0.169359 
54800 0.0115953 0.1615 0.00767817 0 0 0.18079 0.169197 
55000 0.0115167 0.161435 0.0075832 0 0 0.180554 0.169037 
55200 0.0114408 0.161379 0.00749417 0 0 0.180329 0.168887 
55400 0.0113649 0.161322 0.00740514 0 0 0.180104 0.168737 
55600 0.011289 0.161266 0.00731611 0 0 0.179879 0.168587 
55800 0.011213 0.16121 0.00722707 0 0 0.179654 0.168437 
56000 0.0111371 0.161154 0.00713804 0 0 0.179429 0.168287 
56200 0.0110661 0.161091 0.00705572 0 0 0.17921 0.168141 
56400 0.0109959 0.161027 0.00697459 0 0 0.178991 0.167995 
56600 0.0109257 0.160963 0.00689346 0 0 0.178772 0.167849 
56800 0.0108555 0.1609 0.00681232 0 0 0.178553 0.167703 
57000 0.0107853 0.160836 0.00673119 0 0 0.178335 0.167558 
57200 0.0107159 0.160769 0.00665245 0 0 0.17812 0.167413 
57400 0.0106478 0.160698 0.00657813 0 0 0.177914 0.167269 
57600 0.0105798 0.160626 0.00650382 0 0 0.177708 0.167126 
57800 0.0105117 0.160554 0.00642951 0 0 0.177503 0.166983 
58000 0.0104437 0.160483 0.0063552 0 0 0.177297 0.16684 
58200 0.0103756 0.160411 0.00628088 0 0 0.177091 0.166696 
58400 0.0103111 0.160347 0.00621085 0 0 0.176887 0.166562 
58600 0.0102478 0.160285 0.00614224 0 0 0.176685 0.16643 
58800 0.0101845 0.160224 0.00607362 0 0 0.176483 0.166298 
59000 0.0101211 0.160162 0.00600502 0 0 0.176281 0.166166 
59200 0.0100578 0.160101 0.0059364 0 0 0.176078 0.166034 
59400 0.0099945 0.160039 0.00586794 0 0 0.175877 0.165902 
59600 0.00993204 0.159973 0.00580218 0 0 0.175696 0.16577 
59800 0.00986957 0.159907 0.00573643 0 0 0.175515 0.165639 
60000 0.0098071 0.159842 0.00567067 0 0 0.175335 0.165507 
60200 0.00974693 0.159769 0.00560868 0 0 0.175134 0.16538 
60400 0.00968677 0.159696 0.00554669 0 0 0.174933 0.165252 
60600 0.0096272 0.159626 0.00548575 0 0 0.174738 0.165125 
60800 0.00956941 0.159567 0.00542797 0 0 0.17456 0.164997 
61000 0.00951162 0.159507 0.00537018 0 0 0.174381 0.16487 
61200 0.00945384 0.159448 0.00531239 0 0 0.174203 0.164742 
61400 0.00939605 0.159388 0.0052546 0 0 0.174025 0.164615 
61600 0.00933826 0.159329 0.00519682 0 0 0.173846 0.164487 
61800 0.00928185 0.159267 0.00514043 0 0 0.173669 0.164364 
62000 0.00922798 0.159201 0.00508665 0 0 0.173495 0.164248 
62200 0.00917411 0.159134 0.00503286 0 0 0.173321 0.164132 
62400 0.00912024 0.159068 0.00497908 0 0 0.173147 0.164016 
62600 0.00906637 0.159002 0.00492529 0 0 0.172973 0.1639 
62800 0.00901251 0.158935 0.00487151 0 0 0.172799 0.163784 
63000 0.00895915 0.158867 0.00481908 0 0 0.172626 0.163668 
63200 0.00890697 0.158794 0.00476984 0 0 0.172455 0.163554 
63400 0.00885479 0.15872 0.0047206 0 0 0.172283 0.16344 
63600 0.00880262 0.158647 0.00467136 0 0 0.172112 0.163326 
63800 0.00875044 0.158574 0.00462212 0 0 0.171941 0.163212 
64000 0.00869826 0.1585 0.00457288 0 0 0.17177 0.163097 
64200 0.00864657 0.158428 0.00452421 0 0 0.1716 0.162984 
64400 0.00859764 0.158364 0.0044788 0 0 0.17144 0.162871 
64600 0.0085487 0.1583 0.0044334 0 0 0.171279 0.162759 
64800 0.00849977 0.158236 0.00438799 0 0 0.171119 0.162647 
65000 0.00845083 0.158171 0.00434259 0 0 0.170958 0.162534 
65200 0.0084019 0.158107 0.00429718 0 0 0.170798 0.162422 
65400 0.00835296 0.158043 0.00425178 0 0 0.170638 0.16231 
65600 0.00830647 0.157973 0.0042098 0 0 0.17048 0.1622 
65800 0.00826025 0.157903 0.0041682 0 0 0.170324 0.16209 
66000 0.00821403 0.157832 0.0041266 0 0 0.170167 0.16198 
66200 0.00816781 0.157762 0.004085 0 0 0.17001 0.161871 
66400 0.00812158 0.157691 0.0040434 0 0 0.169854 0.161761 
66600 0.00807536 0.157621 0.0040018 0 0 0.169697 0.161651 
66800 0.00803005 0.157555 0.00396198 0 0 0.169546 0.161543 
67000 0.00798566 0.157494 0.00392393 0 0 0.169401 0.161436 
67200 0.00794126 0.157432 0.00388589 0 0 0.169255 0.161329 
67400 0.00789686 0.157371 0.00384785 0 0 0.16911 0.161221 
67600 0.00785246 0.15731 0.0038098 0 0 0.168964 0.161114 
67800 0.00780807 0.157249 0.00377176 0 0 0.168819 0.161007 
68000 0.00776367 0.157187 0.00373371 0 0 0.168673 0.1609 
68200 0.00772205 0.15712 0.00369843 0 0 0.16853 0.160802 
68400 0.00768059 0.157052 0.0036633 0 0 0.168387 0.160703 
68600 0.00763912 0.156984 0.00362816 0 0 0.168243 0.160605 
68800 0.00759765 0.156916 0.00359303 0 0 0.1681 0.160507 
69000 0.00755618 0.156848 0.0035579 0 0 0.167957 0.160409 
69200 0.00751471 0.156781 0.00352276 0 0 0.167814 0.160311 
69400 0.00747388 0.156713 0.00348843 0 0 0.167671 0.160212 
69600 0.00743451 0.156646 0.00345597 0 0 0.16753 0.160108 
69800 0.00739514 0.156579 0.00342351 0 0 0.167389 0.160004 
70000 0.00735577 0.156512 0.00339105 0 0 0.167248 0.1599 
70200 0.0073164 0.156446 0.00335859 0 0 0.167107 0.159796 
70400 0.00727704 0.156379 0.00332613 0 0 0.166965 0.159692 
70600 0.00723767 0.156312 0.00329367 0 0 0.166824 0.159588 
70800 0.00719917 0.156242 0.00326268 0 0 0.166685 0.159489 
71000 0.00716138 0.156169 0.00323288 0 0 0.166547 0.159394 
71200 0.0071236 0.156097 0.00320309 0 0 0.166409 0.1593 
71400 0.00708581 0.156024 0.0031733 0 0 0.166271 0.159206 
71600 0.00704803 0.155951 0.00314351 0 0 0.166133 0.159111 
71800 0.00701024 0.155879 0.00311371 0 0 0.165995 0.159017 
72000 0.00697246 0.155806 0.00308392 0 0 0.165857 0.158922 
72200 0.00693612 0.155739 0.00305574 0 0 0.165725 0.158824 
72400 0.00690056 0.155675 0.00302843 0 0 0.165597 0.158725 
72600 0.006865 0.155611 0.00300112 0 0 0.165469 0.158625 
72800 0.00682944 0.155547 0.00297381 0 0 0.165341 0.158526 
73000 0.00679388 0.155483 0.0029465 0 0 0.165213 0.158426 
73200 0.00675832 0.155419 0.00291919 0 0 0.165085 0.158327 
73400 0.00672276 0.155355 0.00289188 0 0 0.164957 0.158227 
73600 0.00668848 0.155287 0.00286596 0 0 0.16483 0.158133 
73800 0.00665506 0.155218 0.00284096 0 0 0.164705 0.158042 
74000 0.00662163 0.155148 0.00281596 0 0 0.16458 0.157952 
74200 0.00658821 0.155079 0.00279096 0 0 0.164454 0.157861 
74400 0.00655478 0.155009 0.00276596 0 0 0.164329 0.157771 
74600 0.00652135 0.154939 0.00274096 0 0 0.164204 0.15768 
74800 0.00648793 0.15487 0.00271596 0 0 0.164078 0.15759 
75000 0.00645524 0.1548 0.00269168 0 0 0.163954 0.1575 
75200 0.00642364 0.154732 0.00266846 0 0 0.16383 0.15741 
75400 0.00639205 0.154663 0.00264525 0 0 0.163706 0.157321 
75600 0.00636045 0.154594 0.00262203 0 0 0.163583 0.157232 
75800 0.00632886 0.154526 0.00259882 0 0 0.163459 0.157142 
76000 0.00629726 0.154457 0.0025756 0 0 0.163336 0.157053 
76200 0.00626567 0.154388 0.00255239 0 0 0.163212 0.156964 
76400 0.00623423 0.15432 0.00252938 0 0 0.163089 0.156875 
76600 0.00620414 0.154253 0.00250826 0 0 0.162968 0.156788 
76800 0.00617406 0.154186 0.00248713 0 0 0.162848 0.156701 
77000 0.00614398 0.154119 0.00246601 0 0 0.162728 0.156614 
77200 0.0061139 0.154052 0.00244488 0 0 0.162607 0.156527 
77400 0.00608381 0.153986 0.00242376 0 0 0.162487 0.15644 
77600 0.00605373 0.153919 0.00240263 0 0 0.162367 0.156353 
77800 0.00602365 0.153852 0.00238151 0 0 0.162246 0.156266 
78000 0.0059942 0.153785 0.00236134 0 0 0.162131 0.156176 
78200 0.00596517 0.15372 0.00234181 0 0 0.162019 0.156084 
78400 0.00593614 0.153654 0.00232229 0 0 0.161907 0.155992 
78600 0.00590711 0.153588 0.00230276 0 0 0.161794 0.155899 
78800 0.00587809 0.153522 0.00228323 0 0 0.161682 0.155807 
79000 0.00584906 0.153456 0.0022637 0 0 0.16157 0.155715 
79200 0.00582003 0.15339 0.00224418 0 0 0.161458 0.155622 
79400 0.005791 0.153324 0.00222465 0 0 0.161346 0.15553 
79600 0.00576426 0.153257 0.00220626 0 0 0.161229 0.155446 
79800 0.00573752 0.15319 0.00218788 0 0 0.161112 0.155363 
80000 0.00571078 0.153123 0.00216949 0 0 0.160995 0.155279 
80200 0.00568439 0.15306 0.00215176 0 0 0.160889 0.155195 
80400 0.005658 0.152996 0.00213403 0 0 0.160784 0.15511 
80600 0.00563161 0.152933 0.0021163 0 0 0.160678 0.155026 
80800 0.00560523 0.15287 0.00209856 0 0 0.160573 0.154941 
81000 0.00557897 0.152805 0.00208116 0 0 0.160465 0.154857 
81200 0.00555311 0.152736 0.00206477 0 0 0.160352 0.154776 
81400 0.00552726 0.152666 0.00204837 0 0 0.160238 0.154694 
81600 0.0055014 0.152597 0.00203197 0 0 0.160125 0.154612 
81800 0.00547554 0.152527 0.00201557 0 0 0.160011 0.15453 
82000 0.00544968 0.152458 0.00199918 0 0 0.159898 0.154448 
82200 0.00542382 0.152389 0.00198278 0 0 0.159784 0.154366 
82400 0.00539797 0.152319 0.00196638 0 0 0.15967 0.154284 
82600 0.00537258 0.15225 0.00195034 0 0 0.159559 0.154202 
82800 0.00534829 0.152182 0.00193515 0 0 0.159453 0.154121 
83000 0.005324 0.152113 0.00191995 0 0 0.159347 0.15404 
83200 0.00529971 0.152045 0.00190475 0 0 0.159242 0.153959 
83400 0.00527542 0.151976 0.00188955 0 0 0.159136 0.153878 
83600 0.00525113 0.151908 0.00187436 0 0 0.15903 0.153797 
83800 0.00522683 0.151839 0.00185916 0 0 0.158924 0.153716 
84000 0.00520254 0.151771 0.00184396 0 0 0.158818 0.153635 
84200 0.00517863 0.151703 0.00182908 0 0 0.158713 0.153555 
84400 0.00515584 0.151636 0.00181517 0 0 0.15861 0.153476 
84600 0.00513305 0.151569 0.00180125 0 0 0.158506 0.153397 
84800 0.00511026 0.151502 0.00178733 0 0 0.158403 0.153318 
85000 0.00508747 0.151435 0.00177342 0 0 0.1583 0.153239 
85200 0.00506468 0.151368 0.0017595 0 0 0.158196 0.15316 
85400 0.00504189 0.151301 0.00174558 0 0 0.158093 0.153081 
85600 0.0050191 0.151235 0.00173166 0 0 0.15799 0.153002 
85800 0.00499631 0.151168 0.00171775 0 0 0.157886 0.152923 
86000 0.00497451 0.151102 0.0017049 0 0 0.15779 0.152845 
86200 0.00495271 0.151036 0.00169205 0 0 0.157694 0.152766 
86400 0.00493092 0.15097 0.0016792 0 0 0.157598 0.152688 
86600 0.00490912 0.150904 0.00166635 0 0 0.157502 0.15261 
86800 0.00488732 0.150837 0.0016535 0 0 0.157406 0.152532 
87000 0.00486553 0.150771 0.00164065 0 0 0.15731 0.152454 
87200 0.00484373 0.150705 0.0016278 0 0 0.157214 0.152376 
87400 0.00482193 0.150639 0.00161495 0 0 0.157118 0.152298 
87600 0.00480092 0.150574 0.00160279 0 0 0.157019 0.152217 
87800 0.00478034 0.15051 0.001591 0 0 0.15692 0.152135 
88000 0.00475976 0.150445 0.00157921 0 0 0.15682 0.152053 
88200 0.00473918 0.150381 0.00156743 0 0 0.15672 0.151971 
88400 0.00471859 0.150316 0.00155564 0 0 0.156621 0.151889 
88600 0.00469801 0.150252 0.00154385 0 0 0.156521 0.151807 
88800 0.00467743 0.150187 0.00153207 0 0 0.156421 0.151725 
89000 0.00465684 0.150123 0.00152028 0 0 0.156321 0.151643 
89200 0.00463638 0.150058 0.00150859 0 0 0.156222 0.151561 
89400 0.00461701 0.149995 0.00149782 0 0 0.156125 0.151487 
89600 0.00459765 0.149932 0.00148705 0 0 0.156027 0.151412 
89800 0.00457828 0.149869 0.00147628 0 0 0.15593 0.151338 
90000 0.00455891 0.149806 0.0014655 0 0 0.155832 0.151263 
90200 0.00453954 0.149743 0.00145473 0 0 0.155735 0.151189 
90400 0.00452017 0.14968 0.00144396 0 0 0.155638 0.151114 
90600 0.00450081 0.149617 0.00143319 0 0 0.15554 0.15104 
90800 0.00448144 0.149554 0.00142241 0 0 0.155443 0.150965 
91000 0.00446242 0.149489 0.00141194 0 0 0.155348 0.150891 
91200 0.00444406 0.149422 0.00140203 0 0 0.155258 0.150818 
91400 0.00442569 0.149354 0.00139211 0 0 0.155168 0.150745 
91600 0.00440732 0.149287 0.0013822 0 0 0.155077 0.150672 
91800 0.00438896 0.149219 0.00137228 0 0 0.154987 0.150598 
92000 0.00437059 0.149151 0.00136237 0 0 0.154897 0.150525 
92200 0.00435223 0.149084 0.00135245 0 0 0.154807 0.150452 
92400 0.00433386 0.149016 0.00134254 0 0 0.154717 0.150379 
92600 0.0043155 0.148949 0.00133262 0 0 0.154627 0.150306 
92800 0.00429754 0.148884 0.00132303 0 0 0.154535 0.15023 
93000 0.00428009 0.148823 0.00131383 0 0 0.154441 0.150153 
93200 0.00426264 0.148762 0.00130464 0 0 0.154346 0.150075 
93400 0.00424519 0.148701 0.00129544 0 0 0.154252 0.149998 
93600 0.00422774 0.14864 0.00128624 0 0 0.154158 0.14992 
93800 0.00421029 0.148579 0.00127705 0 0 0.154064 0.149843 
94000 0.00419284 0.148518 0.00126785 0 0 0.15397 0.149765 
94200 0.00417538 0.148457 0.00125865 0 0 0.153875 0.149687 
94400 0.00415793 0.148397 0.00124946 0 0 0.153781 0.14961 
94600 0.00414087 0.148334 0.00124058 0 0 0.15369 0.149535 
94800 0.00412439 0.148269 0.00123218 0 0 0.153603 0.149465 
95000 0.00410791 0.148204 0.00122377 0 0 0.153517 0.149394 
95200 0.00409144 0.148139 0.00121537 0 0 0.15343 0.149324 
95400 0.00407496 0.148074 0.00120697 0 0 0.153343 0.149253 
95600 0.00405848 0.148009 0.00119857 0 0 0.153256 0.149183 
95800 0.004042 0.147944 0.00119017 0 0 0.15317 0.149112 
96000 0.00402552 0.147879 0.00118177 0 0 0.153083 0.149042 
96200 0.00400905 0.147814 0.00117336 0 0 0.152996 0.148971 
96400 0.0039927 0.147749 0.00116506 0 0 0.15291 0.148901 
96600 0.00397713 0.147685 0.00115733 0 0 0.152824 0.148832 
96800 0.00396155 0.147621 0.00114959 0 0 0.152739 0.148762 
97000 0.00394598 0.147557 0.00114186 0 0 0.152654 0.148693 
97200 0.0039304 0.147493 0.00113413 0 0 0.152568 0.148624 
97400 0.00391483 0.147429 0.00112639 0 0 0.152483 0.148554 
97600 0.00389925 0.147365 0.00111866 0 0 0.152398 0.148485 
97800 0.00388368 0.147301 0.00111092 0 0 0.152312 0.148416 
98000 0.0038681 0.147237 0.00110319 0 0 0.152227 0.148346 
98200 0.00385253 0.147173 0.00109546 0 0 0.152142 0.148277 
98400 0.00383755 0.147109 0.00108819 0 0 0.152056 0.148208 
98600 0.00382276 0.147046 0.00108109 0 0 0.15197 0.148139 
98800 0.00380798 0.146983 0.00107398 0 0 0.151884 0.148071 
99000 0.0037932 0.14692 0.00106688 0 0 0.151798 0.148002 
99200 0.00377841 0.146857 0.00105977 0 0 0.151712 0.147933 
99400 0.00376363 0.146794 0.00105267 0 0 0.151626 0.147864 
99600 0.00374885 0.146731 0.00104556 0 0 0.15154 0.147796 
99800 0.00373406 0.146668 0.00103846 0 0 0.151454 0.147727 
100000 0.00371928 0.146605 0.00103135 0 0 0.151368 0.147658 
100200 0.00370724 0.146555 0.00102533 0 0 0.151268 0.147558 
100400 0.00369284 0.146492 0.00101863 0 0 0.151184 0.147489 
100600 0.00367843 0.146428 0.00101193 0 0 0.151099 0.147421 
100800 0.00366402 0.146365 0.00100523 0 0 0.151015 0.147352 
101000 0.00364961 0.146302 0.000998522 0 0 0.15093 0.147283 
101200 0.0036352 0.146238 0.00099182 0 0 0.150846 0.147215 
101400 0.00362079 0.146175 0.000985117 0 0 0.150761 0.147146 
101600 0.00360639 0.146112 0.000978415 0 0 0.150677 0.147077 
101800 0.00359198 0.146048 0.000971712 0 0 0.150592 0.147009 
102000 0.00357757 0.145985 0.000965009 0 0 0.150508 0.14694 
102200 0.0035638 0.145921 0.000958649 0 0 0.150426 0.146871 
102400 0.00355066 0.145856 0.000952633 0 0 0.150345 0.146801 
102600 0.00353753 0.14579 0.000946616 0 0 0.150265 0.14673 
102800 0.00352439 0.145725 0.000940599 0 0 0.150185 0.14666 
103000 0.00351125 0.14566 0.000934583 0 0 0.150105 0.14659 
103200 0.00349812 0.145595 0.000928566 0 0 0.150025 0.14652 
103400 0.00348498 0.14553 0.000922549 0 0 0.149944 0.14645 
103600 0.00347184 0.145464 0.000916533 0 0 0.149864 0.14638 
103800 0.00345871 0.145399 0.000910516 0 0 0.149784 0.146309 
104000 0.00344557 0.145334 0.000904499 0 0 0.149704 0.146239 
104200 0.00343296 0.145273 0.000898841 0 0 0.149625 0.146173 
104400 0.00342088 0.145216 0.000893541 0 0 0.149549 0.146111 
104600 0.0034088 0.145158 0.00088824 0 0 0.149473 0.146049 
104800 0.00339672 0.145101 0.00088294 0 0 0.149396 0.145987 
105000 0.00338464 0.145044 0.00087764 0 0 0.14932 0.145925 
105200 0.00337256 0.144986 0.000872339 0 0 0.149243 0.145863 
105400 0.00336048 0.144929 0.000867039 0 0 0.149167 0.145801 
105600 0.0033484 0.144872 0.000861738 0 0 0.149091 0.145738 
105800 0.00333632 0.144814 0.000856438 0 0 0.149014 0.145676 
106000 0.00332423 0.144757 0.000851138 0 0 0.148938 0.145614 
106200 0.00331215 0.1447 0.000845838 0 0 0.148861 0.145552 
106400 0.00329992 0.144635 0.000840573 0 0 0.148781 0.145482 
106600 0.00328769 0.14457 0.000835309 0 0 0.148701 0.145412 
106800 0.00327545 0.144504 0.000830044 0 0 0.148621 0.145342 
107000 0.00326322 0.144439 0.000824779 0 0 0.14854 0.145271 
107200 0.00325098 0.144374 0.000819515 0 0 0.14846 0.145201 
107400 0.00323875 0.144309 0.00081425 0 0 0.14838 0.145131 
107600 0.00322652 0.144244 0.000808985 0 0 0.1483 0.145061 
107800 0.00321428 0.144178 0.000803721 0 0 0.14822 0.144991 
108000 0.00320205 0.144113 0.000798456 0 0 0.148139 0.14492 
108200 0.00318981 0.144048 0.000793192 0 0 0.148059 0.14485 
108400 0.0031791 0.143993 0.000788679 0 0 0.147986 0.144791 
108600 0.00316839 0.143939 0.000784167 0 0 0.147913 0.144732 
108800 0.00315768 0.143884 0.000779654 0 0 0.14784 0.144673 
109000 0.00314697 0.143829 0.000775142 0 0 0.147767 0.144613 
109200 0.00313626 0.143775 0.00077063 0 0 0.147694 0.144554 
109400 0.00312555 0.14372 0.000766117 0 0 0.147622 0.144495 
109600 0.00311483 0.143665 0.000761605 0 0 0.147549 0.144435 
109800 0.00310412 0.14361 0.000757092 0 0 0.147476 0.144376 
110000 0.00309341 0.143556 0.00075258 0 0 0.147403 0.144317 
110200 0.0030827 0.143501 0.000748067 0 0 0.14733 0.144258 
110400 0.00307199 0.143446 0.000743555 0 0 0.147257 0.144198 
110600 0.0030612 0.143384 0.000739162 0 0 0.147181 0.144132 
110800 0.00305041 0.143322 0.000734769 0 0 0.147104 0.144065 
111000 0.00303961 0.14326 0.000730375 0 0 0.147028 0.143998 
111200 0.00302882 0.143198 0.000725982 0 0 0.146951 0.143931 
111400 0.00301803 0.143136 0.000721589 0 0 0.146875 0.143864 
111600 0.00300724 0.143074 0.000717196 0 0 0.146799 0.143797 
111800 0.00299645 0.143012 0.000712803 0 0 0.146722 0.143731 
112000 0.00298565 0.14295 0.00070841 0 0 0.146646 0.143664 
112200 0.00297486 0.142888 0.000704017 0 0 0.146569 0.143597 
112400 0.00296407 0.142826 0.000699624 0 0 0.146493 0.14353 
112600 0.00295368 0.142765 0.000695467 0 0 0.146418 0.143465 
112800 0.0029437 0.142706 0.000691547 0 0 0.146345 0.143401 
113000 0.00293372 0.142646 0.000687627 0 0 0.146272 0.143337 
113200 0.00292374 0.142587 0.000683708 0 0 0.146199 0.143273 
113400 0.00291376 0.142528 0.000679788 0 0 0.146127 0.143209 
113600 0.00290377 0.142469 0.000675868 0 0 0.146054 0.143146 
113800 0.00289379 0.142409 0.000671948 0 0 0.145981 0.143082 
114000 0.00288381 0.14235 0.000668028 0 0 0.145908 0.143018 
114200 0.00287383 0.142291 0.000664108 0 0 0.145835 0.142954 
114400 0.00286385 0.142232 0.000660188 0 0 0.145762 0.14289 
114600 0.00285386 0.142172 0.000656268 0 0 0.145689 0.142826 
114800 0.00284429 0.142114 0.000652542 0 0 0.145618 0.142764 
115000 0.00283514 0.142058 0.000649011 0 0 0.145548 0.142703 
115200 0.00282598 0.142001 0.000645479 0 0 0.145478 0.142642 
115400 0.00281683 0.141944 0.000641948 0 0 0.145408 0.142581 
115600 0.00280767 0.141888 0.000638416 0 0 0.145339 0.14252 
115800 0.00279852 0.141831 0.000634885 0 0 0.145269 0.142459 
116000 0.00278936 0.141774 0.000631353 0 0 0.145199 0.142398 
116200 0.0027802 0.141718 0.000627822 0 0 0.145129 0.142337 
116400 0.00277105 0.141661 0.00062429 0 0 0.14506 0.142276 
116600 0.00276189 0.141604 0.000620759 0 0 0.14499 0.142215 
116800 0.00275274 0.141548 0.000617227 0 0 0.14492 0.142154 
117000 0.00274358 0.141491 0.000613696 0 0 0.14485 0.142093 
117200 0.00273433 0.141432 0.000610232 0 0 0.144777 0.142033 
117400 0.00272508 0.141372 0.000606768 0 0 0.144704 0.141974 
117600 0.00271582 0.141313 0.000603304 0 0 0.144631 0.141915 
117800 0.00270657 0.141254 0.000599839 0 0 0.144559 0.141856 
118000 0.00269732 0.141195 0.000596375 0 0 0.144486 0.141796 
118200 0.00268806 0.141135 0.000592911 0 0 0.144413 0.141737 
118400 0.00267881 0.141076 0.000589447 0 0 0.14434 0.141678 
118600 0.00266956 0.141017 0.000585983 0 0 0.144267 0.141619 
118800 0.00266031 0.140958 0.000582519 0 0 0.144194 0.141559 
119000 0.00265105 0.140898 0.000579055 0 0 0.144121 0.1415 
119200 0.0026418 0.140839 0.000575591 0 0 0.144048 0.141441 
119400 0.00263365 0.140785 0.000572624 0 0 0.143981 0.141382 
119600 0.0026255 0.140731 0.000569657 0 0 0.143914 0.141324 
119800 0.00261736 0.140676 0.000566691 0 0 0.143847 0.141265 
120000 0.00260921 0.140622 0.000563724 0 0 0.143781 0.141207 
120200 0.00260106 0.140568 0.000560758 0 0 0.143714 0.141148 
120400 0.00259291 0.140513 0.000557791 0 0 0.143647 0.14109 
120600 0.00258477 0.140459 0.000554825 0 0 0.14358 0.141031 
120800 0.00257662 0.140405 0.000551858 0 0 0.143513 0.140973 
121000 0.00256847 0.14035 0.000548892 0 0 0.143446 0.140914 
121200 0.00256033 0.140296 0.000545925 0 0 0.14338 0.140856 
121400 0.00255218 0.140242 0.000542959 0 0 0.143313 0.140797 
121600 0.00254403 0.140187 0.000539992 0 0 0.143246 0.140739 
121800 0.00253613 0.140133 0.000537193 0 0 0.143183 0.14068 
122000 0.00252824 0.140079 0.000534393 0 0 0.14312 0.140622 
122200 0.00252034 0.140024 0.000531594 0 0 0.143058 0.140563 
122400 0.00251244 0.13997 0.000528795 0 0 0.142995 0.140505 
122600 0.00250455 0.139916 0.000525995 0 0 0.142932 0.140446 
122800 0.00249665 0.139861 0.000523196 0 0 0.14287 0.140388 
123000 0.00248875 0.139807 0.000520397 0 0 0.142807 0.140329 
123200 0.00248086 0.139753 0.000517597 0 0 0.142744 0.140271 
123400 0.00247296 0.139699 0.000514798 0 0 0.142682 0.140212 
123600 0.00246506 0.139644 0.000511998 0 0 0.142619 0.140154 
123800 0.00245716 0.13959 0.000509199 0 0 0.142556 0.140095 
124000 0.00244927 0.139536 0.000506399 0 0 0.142494 0.140037 
124200 0.00244171 0.139477 0.000503796 0 0 0.142427 0.139978 
124400 0.00243414 0.139419 0.000501193 0 0 0.14236 0.13992 
124600 0.00242658 0.13936 0.00049859 0 0 0.142293 0.139861 
124800 0.00241902 0.139302 0.000495987 0 0 0.142226 0.139803 
125000 0.00241146 0.139243 0.000493384 0 0 0.14216 0.139744 
125200 0.00240389 0.139185 0.000490781 0 0 0.142093 0.139686 
125400 0.00239633 0.139126 0.000488178 0 0 0.142026 0.139628 
125600 0.00238877 0.139068 0.000485575 0 0 0.141959 0.139569 
125800 0.00238121 0.139009 0.000482972 0 0 0.141892 0.139511 
126000 0.00237364 0.138951 0.000480369 0 0 0.141825 0.139452 
126200 0.00236608 0.138892 0.000477766 0 0 0.141758 0.139394 
126400 0.00235852 0.138834 0.000475163 0 0 0.141692 0.139335 
126600 0.00235121 0.138779 0.000472719 0 0 0.141625 0.139277 
126800 0.00234389 0.138725 0.000470275 0 0 0.141558 0.139218 
127000 0.00233658 0.138671 0.00046783 0 0 0.141491 0.13916 
127200 0.00232927 0.138616 0.000465386 0 0 0.141424 0.139101 
127400 0.00232196 0.138562 0.000462942 0 0 0.141357 0.139043 
127600 0.00231465 0.138508 0.000460498 0 0 0.14129 0.138984 
127800 0.00230733 0.138453 0.000458053 0 0 0.141224 0.138926 
128000 0.00230002 0.138399 0.000455609 0 0 0.141157 0.138867 
128200 0.00229271 0.138345 0.000453165 0 0 0.14109 0.138809 
128400 0.0022854 0.13829 0.00045072 0 0 0.141023 0.13875 
128600 0.00227809 0.138236 0.000448276 0 0 0.140956 0.138692 
128800 0.00227077 0.138182 0.000445832 0 0 0.140889 0.138633 
129000 0.00226426 0.138128 0.000443711 0 0 0.140828 0.138579 
129200 0.00225774 0.138074 0.000441589 0 0 0.140766 0.138525 
129400 0.00225122 0.13802 0.000439468 0 0 0.140704 0.138471 
129600 0.0022447 0.137966 0.000437347 0 0 0.140642 0.138417 
129800 0.00223818 0.137912 0.000435226 0 0 0.140581 0.138363 
130000 0.00223167 0.137858 0.000433105 0 0 0.140519 0.138309 
130200 0.00222515 0.137804 0.000430983 0 0 0.140457 0.138255 
130400 0.00221863 0.13775 0.000428862 0 0 0.140396 0.138201 
130600 0.00221211 0.137696 0.000426741 0 0 0.140334 0.138147 
130800 0.00220559 0.137642 0.00042462 0 0 0.140272 0.138093 
131000 0.00219908 0.137588 0.000422498 0 0 0.140211 0.138039 
131200 0.00219256 0.137534 0.000420377 0 0 0.140149 0.137985 
131400 0.00218604 0.13748 0.000418256 0 0 0.140087 0.137931 
131600 0.00217954 0.137428 0.00041619 0 0 0.140023 0.137871 
131800 0.00217304 0.137376 0.000414124 0 0 0.139959 0.137811 
132000 0.00216655 0.137323 0.000412059 0 0 0.139895 0.137751 
132200 0.00216005 0.137271 0.000409993 0 0 0.13983 0.13769 
132400 0.00215355 0.137219 0.000407927 0 0 0.139766 0.13763 
132600 0.00214705 0.137167 0.000405862 0 0 0.139702 0.13757 
132800 0.00214056 0.137115 0.000403796 0 0 0.139638 0.13751 
133000 0.00213406 0.137063 0.00040173 0 0 0.139574 0.13745 
133200 0.00212756 0.137011 0.000399664 0 0 0.13951 0.13739 
133400 0.00212106 0.136958 0.000397599 0 0 0.139445 0.137329 
133600 0.00211456 0.136906 0.000395533 0 0 0.139381 0.137269 
133800 0.00210807 0.136854 0.000393467 0 0 0.139317 0.137209 
134000 0.0021019 0.136802 0.000391539 0 0 0.139257 0.137153 
134200 0.00209607 0.13675 0.000389749 0 0 0.139201 0.137101 
134400 0.00209024 0.136698 0.000387959 0 0 0.139146 0.137049 
134600 0.00208441 0.136646 0.000386169 0 0 0.13909 0.136997 
134800 0.00207858 0.136594 0.000384379 0 0 0.139034 0.136945 
135000 0.00207275 0.136542 0.000382589 0 0 0.138978 0.136893 
135200 0.00206692 0.13649 0.000380799 0 0 0.138923 0.136841 
135400 0.00206108 0.136438 0.000379008 0 0 0.138867 0.136789 
135600 0.00205525 0.136386 0.000377218 0 0 0.138811 0.136737 
135800 0.00204942 0.136334 0.000375428 0 0 0.138756 0.136685 
136000 0.00204359 0.136282 0.000373638 0 0 0.1387 0.136633 
136200 0.00203776 0.13623 0.000371848 0 0 0.138644 0.136581 
136400 0.00203193 0.136178 0.000370058 0 0 0.138589 0.136529 
136600 0.0020261 0.136126 0.000368268 0 0 0.138533 0.136477 
136800 0.00202031 0.136072 0.000366521 0 0 0.138471 0.136423 
137000 0.00201453 0.136018 0.000364773 0 0 0.138409 0.136369 
137200 0.00200874 0.135964 0.000363026 0 0 0.138348 0.136315 
137400 0.00200296 0.13591 0.000361279 0 0 0.138286 0.136261 
137600 0.00199717 0.135856 0.000359532 0 0 0.138224 0.136207 
137800 0.00199139 0.135802 0.000357785 0 0 0.138163 0.136153 
138000 0.0019856 0.135748 0.000356038 0 0 0.138101 0.136099 
138200 0.00197982 0.135694 0.000354291 0 0 0.138039 0.136045 
138400 0.00197403 0.13564 0.000352543 0 0 0.137977 0.135991 
138600 0.00196825 0.135586 0.000350796 0 0 0.137916 0.135937 
138800 0.00196246 0.135532 0.000349049 0 0 0.137854 0.135883 
139000 0.00195668 0.135478 0.000347302 0 0 0.137792 0.135829 
139200 0.00195089 0.135424 0.000345555 0 0 0.137731 0.135775 
139400 0.00194547 0.135372 0.000343976 0 0 0.137671 0.135723 
139600 0.00194005 0.13532 0.000342398 0 0 0.137612 0.135671 
139800 0.00193462 0.135268 0.00034082 0 0 0.137552 0.135619 
140000 0.0019292 0.135216 0.000339241 0 0 0.137493 0.135567 
140200 0.00192378 0.135164 0.000337663 0 0 0.137433 0.135515 
140400 0.00191836 0.135112 0.000336084 0 0 0.137374 0.135463 
140600 0.00191293 0.13506 0.000334506 0 0 0.137315 0.135411 
140800 0.00190751 0.135008 0.000332927 0 0 0.137255 0.135359 
141000 0.00190209 0.134956 0.000331349 0 0 0.137196 0.135307 
141200 0.00189667 0.134904 0.000329771 0 0 0.137136 0.135255 
141400 0.00189124 0.134852 0.000328192 0 0 0.137077 0.135203 
141600 0.00188582 0.1348 0.000326614 0 0 0.137018 0.135151 
141800 0.0018804 0.134748 0.000325035 0 0 0.136958 0.135099 
142000 0.0018752 0.134697 0.000323533 0 0 0.1369 0.135046 
142200 0.00187022 0.134647 0.000322108 0 0 0.136842 0.134993 
142400 0.00186524 0.134597 0.000320683 0 0 0.136785 0.134939 
142600 0.00186027 0.134547 0.000319257 0 0 0.136728 0.134885 
142800 0.00185529 0.134497 0.000317832 0 0 0.136671 0.134832 
143000 0.00185031 0.134447 0.000316406 0 0 0.136613 0.134778 
143200 0.00184533 0.134396 0.000314981 0 0 0.136556 0.134724 
143400 0.00184035 0.134346 0.000313556 0 0 0.136499 0.13467 
143600 0.00183538 0.134296 0.00031213 0 0 0.136441 0.134617 
143800 0.0018304 0.134246 0.000310705 0 0 0.136384 0.134563 
144000 0.00182542 0.134196 0.00030928 0 0 0.136327 0.134509 
144200 0.00182044 0.134146 0.000307854 0 0 0.136269 0.134455 
144400 0.00181546 0.134096 0.000306429 0 0 0.136212 0.134402 
144600 0.00181049 0.134045 0.000305004 0 0 0.136155 0.134348 
144800 0.00180558 0.133995 0.000303623 0 0 0.136098 0.134296 
145000 0.00180074 0.133945 0.000302287 0 0 0.13604 0.134246 
145200 0.00179591 0.133895 0.000300951 0 0 0.135983 0.134196 
145400 0.00179107 0.133845 0.000299615 0 0 0.135926 0.134146 
145600 0.00178624 0.133795 0.00029828 0 0 0.135868 0.134096 
145800 0.0017814 0.133745 0.000296944 0 0 0.135811 0.134045 
146000 0.00177657 0.133694 0.000295608 0 0 0.135754 0.133995 
146200 0.00177174 0.133644 0.000294272 0 0 0.135696 0.133945 
146400 0.0017669 0.133594 0.000292936 0 0 0.135639 0.133895 
146600 0.00176207 0.133544 0.0002916 0 0 0.135582 0.133845 
146800 0.00175723 0.133494 0.000290265 0 0 0.135525 0.133795 
147000 0.0017524 0.133444 0.000288929 0 0 0.135467 0.133745 
147200 0.00174756 0.133394 0.000287593 0 0 0.13541 0.133694 
147400 0.00174273 0.133343 0.000286257 0 0 0.135353 0.133644 
147600 0.00173808 0.133294 0.00028499 0 0 0.135298 0.133593 
147800 0.00173363 0.133246 0.00028379 0 0 0.135246 0.133541 
148000 0.00172918 0.133198 0.000282591 0 0 0.135194 0.133489 
148200 0.00172473 0.13315 0.000281392 0 0 0.135141 0.133437 
148400 0.00172027 0.133102 0.000280192 0 0 0.135089 0.133385 
148600 0.00171582 0.133054 0.000278993 0 0 0.135037 0.133332 
148800 0.00171137 0.133006 0.000277794 0 0 0.134985 0.13328 
149000 0.00170692 0.132957 0.000276594 0 0 0.134933 0.133228 
149200 0.00170246 0.132909 0.000275395 0 0 0.134881 0.133176 
149400 0.00169801 0.132861 0.000274196 0 0 0.134829 0.133124 
149600 0.00169356 0.132813 0.000272996 0 0 0.134776 0.133072 
149800 0.00168911 0.132765 0.000271797 0 0 0.134724 0.13302 
150000 0.00168466 0.132717 0.000270598 0 0 0.134672 0.132967 
150200 0.00167989 0.132667 0.000269319 0 0 0.134622 0.132917 
150400 0.00167513 0.132616 0.000268041 0 0 0.134572 0.132867 
150600 0.00167095 0.13257 0.000266944 0 0 0.134518 0.13282 
150800 0.00166677 0.132523 0.000265848 0 0 0.134465 0.132774 
151000 0.00166259 0.132476 0.000264752 0 0 0.134411 0.132727 
151200 0.00165842 0.132429 0.000263655 0 0 0.134358 0.13268 
151400 0.00165424 0.132382 0.000262559 0 0 0.134304 0.132633 
151600 0.00165006 0.132336 0.000261463 0 0 0.134251 0.132586 
151800 0.00164588 0.132289 0.000260366 0 0 0.134198 0.13254 
152000 0.0016417 0.132242 0.00025927 0 0 0.134144 0.132493 
152200 0.00163753 0.132195 0.000258173 0 0 0.134091 0.132446 
152400 0.00163335 0.132149 0.000257077 0 0 0.134037 0.132399 
152600 0.00162917 0.132102 0.000255981 0 0 0.133984 0.132352 
152800 0.00162499 0.132055 0.000254884 0 0 0.13393 0.132306 
153000 0.00162081 0.132008 0.000253788 0 0 0.133877 0.132259 
153200 0.00161663 0.131961 0.000252692 0 0 0.133823 0.132212 
153400 0.00161246 0.131915 0.000251595 0 0 0.13377 0.132165 
153600 0.00160844 0.131864 0.000250566 0 0 0.133716 0.132115 
153800 0.00160443 0.131814 0.000249536 0 0 0.133663 0.132065 
154000 0.00160042 0.131764 0.000248507 0 0 0.133609 0.132015 
154200 0.00159641 0.131714 0.000247477 0 0 0.133556 0.131965 
154400 0.0015924 0.131664 0.000246448 0 0 0.133502 0.131915 
154600 0.00158839 0.131614 0.000245418 0 0 0.133449 0.131864 
154800 0.00158438 0.131564 0.000244389 0 0 0.133395 0.131814 
155000 0.00158037 0.131513 0.000243359 0 0 0.133342 0.131764 
155200 0.00157636 0.131463 0.00024233 0 0 0.133288 0.131714 
155400 0.00157235 0.131413 0.0002413 0 0 0.133235 0.131664 
155600 0.00156833 0.131363 0.000240271 0 0 0.133181 0.131614 
155800 0.00156432 0.131313 0.000239241 0 0 0.133128 0.131564 
156000 0.00156031 0.131263 0.000238212 0 0 0.133074 0.131513 
156200 0.0015563 0.131213 0.000237182 0 0 0.133021 0.131463 
156400 0.00155229 0.131162 0.000236153 0 0 0.132967 0.131413 
156600 0.00154841 0.131116 0.00023519 0 0 0.132914 0.131366 
156800 0.00154453 0.131069 0.000234227 0 0 0.13286 0.13132 
157000 0.00154066 0.131022 0.000233265 0 0 0.132807 0.131273 
157200 0.00153678 0.130975 0.000232302 0 0 0.132754 0.131226 
157400 0.0015329 0.130928 0.000231339 0 0 0.1327 0.131179 
157600 0.00152903 0.130882 0.000230377 0 0 0.132647 0.131132 
157800 0.00152515 0.130835 0.000229414 0 0 0.132593 0.131086 
158000 0.00152127 0.130788 0.000228451 0 0 0.13254 0.131039 
158200 0.00151739 0.130741 0.000227489 0 0 0.132486 0.130992 
158400 0.00151352 0.130694 0.000226526 0 0 0.132433 0.130945 
158600 0.00150964 0.130648 0.000225563 0 0 0.132379 0.130898 
158800 0.00150576 0.130601 0.000224601 0 0 0.132326 0.130852 
159000 0.00150188 0.130554 0.000223638 0 0 0.132272 0.130805 
159200 0.00149801 0.130507 0.000222675 0 0 0.132219 0.130758 
159400 0.00149413 0.130461 0.000221713 0 0 0.132165 0.130711 
159600 0.00149051 0.130415 0.000220836 0 0 0.132117 0.130663 
159800 0.00148688 0.13037 0.000219959 0 0 0.132068 0.130614 
160000 0.00148326 0.130325 0.000219083 0 0 0.13202 0.130566 
160200 0.00147964 0.130279 0.000218206 0 0 0.131971 0.130517 
160400 0.00147601 0.130234 0.00021733 0 0 0.131923 0.130469 
160600 0.00147239 0.130189 0.000216453 0 0 0.131874 0.13042 
160800 0.00146877 0.130144 0.000215576 0 0 0.131826 0.130372 
161000 0.00146515 0.130098 0.0002147 0 0 0.131777 0.130323 
161200 0.00146152 0.130053 0.000213823 0 0 0.131729 0.130275 
161400 0.0014579 0.130008 0.000212946 0 0 0.13168 0.130226 
161600 0.00145428 0.129962 0.00021207 0 0 0.131631 0.130177 
161800 0.00145065 0.129917 0.000211193 0 0 0.131583 0.130129 
162000 0.00144703 0.129872 0.000210317 0 0 0.131534 0.13008 
162200 0.00144341 0.129827 0.00020944 0 0 0.131486 0.130032 
162400 0.00143979 0.129781 0.000208563 0 0 0.131437 0.129983 
162600 0.00143628 0.129735 0.000207727 0 0 0.131388 0.129936 
162800 0.0014329 0.129688 0.000206931 0 0 0.131338 0.129889 
163000 0.00142951 0.129641 0.000206135 0 0 0.131288 0.129842 
163200 0.00142613 0.129594 0.000205339 0 0 0.131238 0.129795 
163400 0.00142274 0.129547 0.000204543 0 0 0.131188 0.129748 
163600 0.00141936 0.1295 0.000203747 0 0 0.131137 0.129701 
163800 0.00141598 0.129453 0.000202951 0 0 0.131087 0.129654 
164000 0.00141259 0.129406 0.000202156 0 0 0.131037 0.129607 
164200 0.00140921 0.129359 0.00020136 0 0 0.130987 0.12956 
164400 0.00140582 0.129312 0.000200564 0 0 0.130937 0.129513 
164600 0.00140244 0.129265 0.000199768 0 0 0.130887 0.129466 
164800 0.00139905 0.129218 0.000198972 0 0 0.130837 0.129419 
165000 0.00139567 0.129171 0.000198176 0 0 0.130786 0.129372 
165200 0.00139228 0.129124 0.00019738 0 0 0.130736 0.129325 
165400 0.0013889 0.129077 0.000196584 0 0 0.130686 0.129278 
165600 0.00138552 0.12903 0.000195788 0 0 0.130636 0.129231 
165800 0.00138226 0.128985 0.000195028 0 0 0.130587 0.129186 
166000 0.00137913 0.128943 0.000194305 0 0 0.130538 0.129143 
166200 0.001376 0.1289 0.000193582 0 0 0.130489 0.129101 
166400 0.00137287 0.128858 0.000192859 0 0 0.130441 0.129058 
166600 0.00136974 0.128815 0.000192135 0 0 0.130392 0.129016 
166800 0.00136661 0.128773 0.000191412 0 0 0.130344 0.128973 
167000 0.00136348 0.12873 0.000190689 0 0 0.130295 0.128931 
167200 0.00136035 0.128687 0.000189966 0 0 0.130246 0.128888 
167400 0.00135722 0.128645 0.000189243 0 0 0.130198 0.128845 
167600 0.00135409 0.128602 0.000188519 0 0 0.130149 0.128803 
167800 0.00135096 0.12856 0.000187796 0 0 0.1301 0.12876 
168000 0.00134783 0.128517 0.000187073 0 0 0.130052 0.128718 
168200 0.0013447 0.128475 0.00018635 0 0 0.130003 0.128675 
168400 0.00134157 0.128432 0.000185627 0 0 0.129955 0.128633 
168600 0.00133844 0.12839 0.000184903 0 0 0.129906 0.12859 
168800 0.00133531 0.128347 0.00018418 0 0 0.129857 0.128548 
169000 0.00133218 0.128305 0.000183457 0 0 0.129809 0.128505 
169200 0.00132914 0.128259 0.000182779 0 0 0.12976 0.12846 
169400 0.0013261 0.128213 0.000182102 0 0 0.129711 0.128414 
169600 0.00132307 0.128168 0.000181424 0 0 0.129663 0.128368 
169800 0.00132003 0.128122 0.000180746 0 0 0.129614 0.128323 
170000 0.00131699 0.128077 0.000180069 0 0 0.129566 0.128277 
170200 0.00131395 0.128031 0.000179391 0 0 0.129517 0.128232 
170400 0.00131091 0.127985 0.000178714 0 0 0.129468 0.128186 
170600 0.00130787 0.12794 0.000178036 0 0 0.12942 0.12814 
170800 0.00130483 0.127894 0.000177358 0 0 0.129371 0.128095 
171000 0.00130179 0.127849 0.000176681 0 0 0.129323 0.128049 
171200 0.00129876 0.127803 0.000176003 0 0 0.129274 0.128004 
171400 0.00129572 0.127758 0.000175325 0 0 0.129225 0.127958 
171600 0.00129268 0.127712 0.000174648 0 0 0.129177 0.127913 
171800 0.00128964 0.127666 0.00017397 0 0 0.129128 0.127867 
172000 0.0012866 0.127621 0.000173293 0 0 0.129079 0.127821 
172200 0.00128356 0.127575 0.000172615 0 0 0.129031 0.127776 
172400 0.00128058 0.127531 0.000171957 0 0 0.128984 0.12773 
172600 0.00127767 0.127489 0.000171319 0 0 0.128938 0.127685 
172800 0.00127475 0.127446 0.000170681 0 0 0.128893 0.127639 
173000 0.00127183 0.127404 0.000170043 0 0 0.128847 0.127594 
173200 0.00126892 0.127361 0.000169404 0 0 0.128801 0.127548 
173400 0.001266 0.127319 0.000168766 0 0 0.128756 0.127502 
173600 0.00126308 0.127276 0.000168128 0 0 0.12871 0.127457 
173800 0.00126016 0.127233 0.00016749 0 0 0.128665 0.127411 
174000 0.00125725 0.127191 0.000166852 0 0 0.128619 0.127366 
174200 0.00125433 0.127148 0.000166214 0 0 0.128573 0.12732 
174400 0.00125141 0.127106 0.000165576 0 0 0.128528 0.127274 
174600 0.0012485 0.127063 0.000164938 0 0 0.128482 0.127229 
174800 0.00124558 0.127021 0.000164299 0 0 0.128437 0.127183 
175000 0.00124266 0.126978 0.000163661 0 0 0.128391 0.127138 
175200 0.00123974 0.126936 0.000163023 0 0 0.128346 0.127092 
175400 0.00123683 0.126893 0.000162385 0 0 0.1283 0.127047 
175600 0.00123391 0.126851 0.000161747 0 0 0.128254 0.127001 
175800 0.00123127 0.126808 0.000161185 0 0 0.128209 0.126958 
176000 0.00122864 0.126765 0.000160624 0 0 0.128163 0.126915 
176200 0.001226 0.126722 0.000160062 0 0 0.128117 0.126872 
176400 0.00122337 0.126679 0.000159501 0 0 0.128071 0.126829 
176600 0.00122073 0.126636 0.000158939 0 0 0.128025 0.126786 
176800 0.00121809 0.126593 0.000158378 0 0 0.127979 0.126743 
177000 0.00121546 0.12655 0.000157816 0 0 0.127934 0.1267 
177200 0.00121282 0.126507 0.000157255 0 0 0.127888 0.126657 
177400 0.00121019 0.126464 0.000156693 0 0 0.127842 0.126614 
177600 0.00120755 0.126421 0.000156131 0 0 0.127796 0.126571 
177800 0.00120492 0.126378 0.00015557 0 0 0.12775 0.126528 
178000 0.00120228 0.126335 0.000155008 0 0 0.127704 0.126485 
178200 0.00119964 0.126292 0.000154447 0 0 0.127658 0.126442 
178400 0.00119701 0.126249 0.000153885 0 0 0.127613 0.126399 
178600 0.00119437 0.126206 0.000153324 0 0 0.127567 0.126356 
178800 0.00119174 0.126163 0.000152762 0 0 0.127521 0.126313 
179000 0.0011891 0.12612 0.000152201 0 0 0.127475 0.12627 
179200 0.00118651 0.126077 0.000151656 0 0 0.127429 0.126227 
179400 0.00118396 0.126034 0.000151129 0 0 0.127383 0.126184 
179600 0.00118141 0.125991 0.000150602 0 0 0.127338 0.126141 
179800 0.00117886 0.125948 0.000150075 0 0 0.127292 0.126098 
180000 0.00117631 0.125905 0.000149548 0 0 0.127246 0.126055 
180200 0.00117376 0.125862 0.00014902 0 0 0.1272 0.126013 
180400 0.00117121 0.125819 0.000148493 0 0 0.127154 0.12597 
180600 0.00116866 0.125776 0.000147966 0 0 0.127108 0.125927 
180800 0.00116611 0.125733 0.000147439 0 0 0.127063 0.125884 
181000 0.00116356 0.12569 0.000146912 0 0 0.127017 0.125841 
181200 0.00116101 0.125647 0.000146385 0 0 0.126971 0.125798 
181400 0.00115846 0.125604 0.000145857 0 0 0.126925 0.125755 
181600 0.00115591 0.125561 0.00014533 0 0 0.126879 0.125712 
181800 0.00115336 0.125518 0.000144803 0 0 0.126833 0.125669 
182000 0.00115081 0.125475 0.000144276 0 0 0.126787 0.125626 
182200 0.00114826 0.125432 0.000143749 0 0 0.126742 0.125583 
182400 0.00114571 0.125389 0.000143221 0 0 0.126696 0.12554 
182600 0.00114316 0.125346 0.000142694 0 0 0.12665 0.125497 
182800 0.00114069 0.125306 0.000142199 0 0 0.126604 0.125454 
183000 0.00113823 0.125266 0.000141703 0 0 0.126558 0.125411 
183200 0.00113577 0.125226 0.000141207 0 0 0.126512 0.125368 
183400 0.0011333 0.125186 0.000140712 0 0 0.126467 0.125325 
183600 0.00113084 0.125146 0.000140216 0 0 0.126421 0.125282 
183800 0.00112838 0.125106 0.00013972 0 0 0.126375 0.125239 
184000 0.00112591 0.125066 0.000139225 0 0 0.126329 0.125196 
184200 0.00112345 0.125025 0.000138729 0 0 0.126283 0.125153 
184400 0.00112098 0.124985 0.000138233 0 0 0.126237 0.12511 
184600 0.00111852 0.124945 0.000137738 0 0 0.126192 0.125067 
184800 0.00111606 0.124905 0.000137242 0 0 0.126146 0.125024 
185000 0.00111359 0.124865 0.000136746 0 0 0.1261 0.124981 
185200 0.00111113 0.124825 0.000136251 0 0 0.126054 0.124938 
185400 0.00110866 0.124785 0.000135755 0 0 0.126008 0.124895 
185600 0.0011062 0.124745 0.000135259 0 0 0.125962 0.124852 
185800 0.00110374 0.124705 0.000134764 0 0 0.125917 0.124809 
186000 0.00110127 0.124664 0.000134268 0 0 0.125871 0.124766 
186200 0.00109892 0.124624 0.000133801 0 0 0.125827 0.124726 
186400 0.00109667 0.124583 0.000133362 0 0 0.125787 0.124688 
186600 0.00109442 0.124543 0.000132923 0 0 0.125746 0.12465 
186800 0.00109217 0.124502 0.000132484 0 0 0.125705 0.124612 
187000 0.00108992 0.124462 0.000132045 0 0 0.125665 0.124574 
187200 0.00108767 0.124421 0.000131606 0 0 0.125624 0.124536 
187400 0.00108542 0.12438 0.000131167 0 0 0.125584 0.124498 
187600 0.00108317 0.12434 0.000130727 0 0 0.125543 0.12446 
187800 0.00108092 0.124299 0.000130288 0 0 0.125502 0.124422 
188000 0.00107867 0.124258 0.000129849 0 0 0.125462 0.124384 
188200 0.00107642 0.124218 0.00012941 0 0 0.125421 0.124346 
188400 0.00107417 0.124177 0.000128971 0 0 0.12538 0.124308 
188600 0.00107192 0.124136 0.000128532 0 0 0.12534 0.12427 
188800 0.00106967 0.124096 0.000128093 0 0 0.125299 0.124232 
189000 0.00106742 0.124055 0.000127654 0 0 0.125258 0.124195 
189200 0.00106517 0.124014 0.000127215 0 0 0.125218 0.124157 
189400 0.00106292 0.123974 0.000126776 0 0 0.125177 0.124119 
189600 0.00106067 0.123933 0.000126337 0 0 0.125136 0.124081 
189800 0.00105842 0.123892 0.000125898 0 0 0.125096 0.124043 
190000 0.00105628 0.123852 0.000125486 0 0 0.125052 0.124002 
190200 0.00105414 0.123811 0.000125074 0 0 0.125009 0.123961 
190400 0.001052 0.12377 0.000124662 0 0 0.124966 0.123921 
190600 0.00104986 0.12373 0.00012425 0 0 0.124922 0.12388 
190800 0.00104772 0.123689 0.000123838 0 0 0.124879 0.12384 
191000 0.00104558 0.123648 0.000123426 0 0 0.124835 0.123799 
191200 0.00104344 0.123608 0.000123014 0 0 0.124792 0.123758 
191400 0.0010413 0.123567 0.000122602 0 0 0.124749 0.123718 
191600 0.00103916 0.123526 0.00012219 0 0 0.124705 0.123677 
191800 0.00103701 0.123486 0.000121778 0 0 0.124662 0.123636 
192000 0.00103487 0.123445 0.000121366 0 0 0.124619 0.123596 
192200 0.00103273 0.123405 0.000120955 0 0 0.124575 0.123555 
192400 0.00103059 0.123364 0.000120543 0 0 0.124532 0.123514 
192600 0.00102845 0.123323 0.000120131 0 0 0.124489 0.123474 
192800 0.00102631 0.123283 0.000119719 0 0 0.124445 0.123433 
193000 0.00102417 0.123242 0.000119307 0 0 0.124402 0.123392 
193200 0.00102203 0.123201 0.000118895 0 0 0.124359 0.123352 
193400 0.00101989 0.123161 0.000118483 0 0 0.124315 0.123311 
193600 0.0010178 0.12312 0.000118089 0 0 0.124272 0.123271 
193800 0.00101577 0.123081 0.000117715 0 0 0.12423 0.123231 
194000 0.00101374 0.123041 0.00011734 0 0 0.124188 0.123192 
194200 0.0010117 0.123002 0.000116965 0 0 0.124146 0.123152 
194400 0.00100967 0.122962 0.000116591 0 0 0.124103 0.123113 
194600 0.00100764 0.122923 0.000116216 0 0 0.124061 0.123073 
194800 0.00100561 0.122883 0.000115841 0 0 0.124019 0.123033 
195000 0.00100358 0.122843 0.000115466 0 0 0.123977 0.122994 
195200 0.00100154 0.122804 0.000115092 0 0 0.123935 0.122954 
195400 0.000999512 0.122764 0.000114717 0 0 0.123892 0.122915 
195600 0.00099748 0.122725 0.000114342 0 0 0.12385 0.122875 
195800 0.000995448 0.122685 0.000113968 0 0 0.123808 0.122835 
196000 0.000993416 0.122645 0.000113593 0 0 0.123766 0.122796 
196200 0.000991384 0.122606 0.000113218 0 0 0.123723 0.122756 
196400 0.000989352 0.122566 0.000112843 0 0 0.123681 0.122717 
196600 0.00098732 0.122527 0.000112469 0 0 0.123639 0.122677 
196800 0.000985289 0.122487 0.000112094 0 0 0.123597 0.122638 
197000 0.000983256 0.122448 0.000111719 0 0 0.123555 0.122598 
197200 0.000981225 0.122408 0.000111345 0 0 0.123512 0.122558 
197400 0.000979243 0.12237 0.000110979 0 0 0.123471 0.122518 
197600 0.000977312 0.122332 0.000110622 0 0 0.12343 0.122477 
197800 0.000975381 0.122295 0.000110266 0 0 0.123389 0.122436 
198000 0.000973449 0.122258 0.000109909 0 0 0.123348 0.122396 
198200 0.000971518 0.122221 0.000109553 0 0 0.123307 0.122355 
198400 0.000969587 0.122184 0.000109196 0 0 0.123267 0.122314 
198600 0.000967656 0.122147 0.00010884 0 0 0.123226 0.122273 
198800 0.000965724 0.12211 0.000108483 0 0 0.123185 0.122232 
199000 0.000963793 0.122073 0.000108127 0 0 0.123144 0.122191 
199200 0.000961862 0.122035 0.00010777 0 0 0.123103 0.122151 
199400 0.00095993 0.121998 0.000107413 0 0 0.123062 0.12211 
199600 0.000957999 0.121961 0.000107057 0 0 0.123021 0.122069 
199800 0.000956068 0.121924 0.0001067 0 0 0.122981 0.122028 
200000 0.000954137 0.121887 0.000106344 0 0 0.12294 0.121987 
