1000 3.58221 0.0149419 4862.43 0 0 4865.44 4862.43 
1200 3.44547 0.0184745 3040.52 0 0 3043.53 3040.52 
1400 3.3206 0.0219219 2043.38 0 0 2047.19 2043.38 
1600 3.19813 0.0251289 1441.62 0 0 1444.83 1441.67 
1800 3.07884 0.0281223 1055.09 0 0 1058.16 1055.09 
2000 2.96314 0.0309987 796.832 0 0 799.837 796.832 
2200 2.85323 0.0338444 615.245 0 0 618.129 615.274 
2400 2.74862 0.0366457 485.936 0 0 488.746 485.936 
2600 2.64774 0.039426 391.028 0 0 393.733 391.113 
2800 2.55382 0.0421436 319.788 0 0 322.342 319.827 
3000 2.46277 0.0448077 265.06 0 0 267.614 265.06 
3200 2.37607 0.0474134 221.751 0 0 224.282 221.878 
3400 2.2927 0.0499591 187.675 0 0 189.929 187.675 
3600 2.21091 0.0524349 160.201 0 0 162.455 160.238 
3800 2.13138 0.0548236 137.985 0 0 140.178 138.045 
4000 2.05106 0.0571591 119.728 0 0 121.831 119.788 
4200 1.97486 0.0594266 928.101 0 0 930.204 928.13 
4400 1.9047 0.0616399 828.026 0 0 829.979 828.026 
4600 1.84061 0.063809 741.498 0 0 743.452 741.633 
4800 1.77936 0.0659062 666.497 0 0 668.436 666.647 
5000 1.72048 0.0679478 600.742 0 0 602.545 600.742 
5200 1.6644 0.0699283 542.893 0 0 544.696 543.043 
5400 1.61045 0.071837 491.743 0 0 493.396 491.867 
5600 1.55972 0.0736964 446.686 0 0 448.339 446.694 
5800 1.51074 0.0754783 406.908 0 0 408.431 406.928 
6000 1.46474 0.0772189 371.594 0 0 373.097 371.745 
6200 1.4213 0.078892 340.676 0 0 342.178 340.676 
6400 1.37986 0.0805213 312.754 0 0 314.257 312.897 
6600 1.34088 0.082081 288.214 0 0 289.647 288.295 
6800 1.30366 0.0835968 266.045 0 0 267.397 266.045 
7000 1.26857 0.0850708 246.173 0 0 247.526 246.26 
7200 1.23494 0.0864945 228.131 0 0 229.483 228.136 
7400 1.20325 0.087867 211.917 0 0 213.202 212 
7600 1.17278 0.0891953 197.14 0 0 198.342 197.264 
7800 1.14403 0.0904798 183.714 0 0 185.042 183.865 
8000 1.11629 0.0917341 171.447 0 0 172.649 171.598 
8200 1.09009 0.0929369 160.393 0 0 161.483 160.393 
8400 1.06472 0.0941173 150.011 0 0 151.212 150.116 
8600 1.04064 0.0952501 140.627 0 0 141.763 140.729 
8800 1.01743 0.0963509 131.987 0 0 133.093 132.077 
9000 0.995206 0.0974224 124.024 0 0 125.121 124.122 
9200 0.973782 0.098468 116.683 0 0 117.759 116.788 
9400 0.953172 0.0994855 109.897 0 0 110.952 110.002 
9600 0.933157 0.100471 103.609 0 0 104.648 103.714 
9800 0.9139 0.101447 97.795 0 0 98.803 97.8858 
10000 0.895402 0.102388 92.4102 0 0 93.4019 92.5154 
10200 0.877822 0.103289 87.5268 0 0 88.5034 87.6319 
10400 0.859726 0.104234 82.6748 0 0 83.65 82.78 
10600 0.843412 0.105092 78.4961 0 0 79.4427 78.6013 
10800 0.827241 0.105937 74.5178 0 0 75.4501 74.623 
11000 0.811342 0.106781 70.7434 0 0 71.6614 70.8486 
11200 0.795587 0.107638 67.16 0 0 68.0637 67.2652 
11400 0.780569 0.108452 63.8737 0 0 64.7636 63.9789 
11600 0.766263 0.109222 60.8692 0 0 61.746 60.9744 
11800 0.751931 0.110008 57.9528 0 0 58.8161 58.0579 
12000 0.738117 0.110775 55.2395 0 0 56.0835 55.3447 
12200 0.724837 0.11151 52.729 0 0 53.5515 52.8342 
12400 0.71143 0.112259 50.2796 0 0 51.091 50.3866 
12600 0.699048 0.112956 48.0918 0 0 48.9032 48.2108 
12800 0.686428 0.11368 45.9459 0 0 46.7461 46.0549 
13000 0.674135 0.114377 43.932 0 0 44.7199 44.0456 
13200 0.662308 0.11505 42.0533 0 0 42.8295 42.1735 
13400 0.650865 0.115709 40.2872 0 0 41.0535 40.4074 
13600 0.639422 0.116368 38.5996 0 0 39.3659 38.7198 
13800 0.628529 0.116997 37.0409 0 0 37.7883 37.1611 
14000 0.617788 0.117626 35.5438 0 0 36.2746 35.6641 
14200 0.607176 0.118255 34.1049 0 0 34.8261 34.2251 
14400 0.59698 0.118856 32.774 0 0 33.4952 32.8942 
14600 0.586783 0.119457 31.4994 0 0 32.2046 31.6196 
14800 0.576767 0.12005 30.2742 0 0 30.9654 30.3944 
15000 0.567083 0.120629 29.1055 0 0 29.7967 29.2257 
15200 0.557601 0.121197 28.021 0 0 28.7029 28.1412 
15400 0.548301 0.121764 26.9718 0 0 27.6434 27.0965 
15600 0.539285 0.122315 25.97 0 0 26.6317 26.1048 
15800 0.530546 0.122839 25.0542 0 0 25.7062 25.1803 
16000 0.521898 0.123367 24.1624 0 0 24.8046 24.2826 
16200 0.513368 0.1239 23.2996 0 0 23.9321 23.4198 
16400 0.504837 0.124417 22.4698 0 0 23.1009 22.59 
16600 0.496543 0.124924 21.6744 0 0 22.3028 21.7946 
16800 0.488802 0.125416 20.9459 0 0 21.5651 21.0661 
17000 0.481061 0.125901 20.241 0 0 20.8512 20.3671 
17200 0.473321 0.126384 19.5489 0 0 20.1499 19.6841 
17400 0.465762 0.126858 18.9023 0 0 19.4943 19.0284 
17600 0.458415 0.127322 18.2777 0 0 18.8607 18.3979 
17800 0.45146 0.127768 17.6938 0 0 18.2682 17.814 
18000 0.444557 0.12821 17.1306 0 0 17.6964 17.2508 
18200 0.437687 0.128647 16.581 0 0 17.1383 16.7012 
18400 0.430964 0.129078 16.0534 0 0 16.6094 16.1736 
18600 0.424311 0.129505 15.5353 0 0 16.0909 15.656 
18800 0.418057 0.129911 15.0683 0 0 15.6198 15.1939 
19000 0.411823 0.130315 14.6078 0 0 15.154 14.7372 
19200 0.405651 0.130713 14.1667 0 0 14.704 14.297 
19400 0.399575 0.131108 13.7351 0 0 14.2651 13.8658 
19600 0.393646 0.131498 13.3176 0 0 13.8427 13.4484 
19800 0.387885 0.131876 12.9224 0 0 13.4421 13.0536 
20000 0.382263 0.132244 12.5453 0 0 13.0591 12.6775 
20200 0.376772 0.132607 12.1873 0 0 12.6964 12.3195 
20400 0.371379 0.132962 11.8336 0 0 12.3374 11.9658 
20600 0.366121 0.13331 11.4974 0 0 11.9963 11.6301 
20800 0.360937 0.133656 11.1706 0 0 11.665 11.304 
21000 0.355883 0.133987 10.8608 0 0 11.3508 10.9946 
21200 0.350899 0.134309 10.5603 0 0 11.0459 10.694 
21400 0.346071 0.134627 10.2735 0 0 10.7544 10.4077 
21600 0.341349 0.134942 9.9959 0 0 10.4717 10.1308 
21800 0.336698 0.135253 9.72579 0 0 10.197 9.86103 
22000 0.332119 0.135561 9.46319 0 0 9.93007 9.59843 
22200 0.32761 0.13586 9.20863 0 0 9.67154 9.34414 
22400 0.323207 0.136147 8.96612 0 0 9.42553 9.10233 
22600 0.318863 0.136431 8.72822 0 0 9.18399 8.86496 
22800 0.314697 0.136711 8.5042 0 0 8.95587 8.64094 
23000 0.310538 0.136991 8.28106 0 0 8.72863 8.4178 
23200 0.306531 0.137258 8.0747 0 0 8.51827 8.21144 
23400 0.302525 0.137525 7.86834 0 0 8.30791 8.00508 
23600 0.298692 0.137782 7.67394 0 0 8.11008 7.8112 
23800 0.294903 0.138037 7.48252 0 0 7.9154 7.62043 
24000 0.291186 0.138286 7.29825 0 0 7.7279 7.43681 
24200 0.287541 0.138529 7.12113 0 0 7.54759 7.26033 
24400 0.283917 0.13877 6.94607 0 0 7.36925 7.08582 
24600 0.280411 0.139002 6.78267 0 0 7.20208 6.92241 
24800 0.276905 0.139234 6.61926 0 0 7.03492 6.759 
25000 0.273493 0.139461 6.46242 0 0 6.87526 6.60217 
25200 0.270112 0.139686 6.30778 0 0 6.71812 6.44752 
25400 0.266821 0.139906 6.15825 0 0 6.5659 6.29799 
25600 0.263695 0.140116 6.0182 0 0 6.42286 6.15795 
25800 0.26057 0.140327 5.87816 0 0 6.27981 6.0179 
26000 0.257495 0.140532 5.74476 0 0 6.1434 5.88501 
26200 0.25443 0.140736 5.61253 0 0 6.00817 5.75339 
26400 0.251426 0.140936 5.48451 0 0 5.87718 5.62575 
26600 0.248537 0.141127 5.3643 0 0 5.75408 5.50555 
26800 0.245647 0.141317 5.24409 0 0 5.63098 5.38534 
27000 0.242844 0.141504 5.12865 0 0 5.51309 5.27033 
27200 0.24007 0.141689 5.0148 0 0 5.39693 5.15706 
27400 0.23732 0.141871 4.90258 0 0 5.28233 5.04533 
27600 0.234704 0.142038 4.79963 0 0 5.17659 4.94237 
27800 0.232088 0.142205 4.69667 0 0 5.07085 4.83942 
28000 0.229498 0.142372 4.59622 0 0 4.96786 4.73897 
28200 0.226938 0.142539 4.49883 0 0 4.86825 4.64158 
28400 0.224378 0.142706 4.40144 0 0 4.76863 4.54418 
28600 0.221927 0.142864 4.31028 0 0 4.6753 4.45343 
28800 0.219512 0.14302 4.22119 0 0 4.58407 4.36488 
29000 0.217097 0.143175 4.13211 0 0 4.49284 4.27633 
29200 0.214822 0.143318 4.04952 0 0 4.40814 4.19377 
29400 0.212555 0.143461 3.96727 0 0 4.32379 4.11152 
29600 0.210293 0.143603 3.88545 0 0 4.23985 4.0297 
29800 0.208075 0.143746 3.80746 0 0 4.15971 3.95171 
30000 0.205857 0.143889 3.72947 0 0 4.07957 3.87372 
30200 0.203682 0.144026 3.65467 0 0 4.00276 3.79892 
30400 0.201594 0.144154 3.58387 0 0 3.92992 3.72812 
30600 0.199505 0.144281 3.51307 0 0 3.85709 3.65732 
30800 0.197457 0.144408 3.44367 0 0 3.78566 3.58807 
31000 0.195504 0.144533 3.37756 0 0 3.71755 3.52246 
31200 0.193551 0.144658 3.31144 0 0 3.64943 3.45684 
31400 0.191616 0.144779 3.24713 0 0 3.58328 3.39288 
31600 0.189726 0.144891 3.18703 0 0 3.52172 3.33278 
31800 0.187835 0.145002 3.12692 0 0 3.46016 3.27267 
32000 0.185964 0.145114 3.0675 0 0 3.39918 3.21325 
32200 0.184171 0.145225 3.01078 0 0 3.34053 3.15654 
32400 0.182378 0.145337 2.95407 0 0 3.28188 3.09983 
32600 0.18059 0.145447 2.89787 0 0 3.22379 3.04362 
32800 0.178852 0.145546 2.84622 0 0 3.17073 2.99197 
33000 0.177115 0.145644 2.79456 0 0 3.11767 2.94032 
33200 0.175378 0.145743 2.74291 0 0 3.06461 2.88866 
33400 0.173747 0.145836 2.69447 0 0 3.01436 2.84022 
33600 0.172129 0.145928 2.64639 0 0 2.96443 2.79214 
33800 0.170511 0.146021 2.5983 0 0 2.9145 2.74406 
34000 0.168938 0.146109 2.55218 0 0 2.86683 2.69822 
34200 0.16739 0.146196 2.5071 0 0 2.82039 2.6536 
34400 0.165842 0.146282 2.46202 0 0 2.77395 2.60898 
34600 0.16431 0.146368 2.41833 0 0 2.72891 2.56559 
34800 0.162807 0.146452 2.37723 0 0 2.68648 2.52449 
35000 0.161305 0.146536 2.33613 0 0 2.64405 2.48339 
35200 0.159802 0.14662 2.29503 0 0 2.60163 2.44229 
35400 0.158383 0.146696 2.25645 0 0 2.56172 2.4037 
35600 0.156969 0.146771 2.218 0 0 2.52195 2.36526 
35800 0.155555 0.146846 2.17955 0 0 2.48217 2.32681 
36000 0.15419 0.146917 2.14293 0 0 2.44425 2.29018 
36200 0.152865 0.146985 2.1078 0 0 2.40785 2.25505 
36400 0.15154 0.147052 2.07266 0 0 2.37145 2.21992 
36600 0.150215 0.14712 2.03753 0 0 2.33505 2.18479 
36800 0.14892 0.147184 2.00452 0 0 2.30076 2.15177 
37000 0.147625 0.147247 1.9715 0 0 2.26648 2.11876 
37200 0.14633 0.147311 1.93849 0 0 2.23219 2.08574 
37400 0.145069 0.147373 1.90681 0 0 2.19926 2.05406 
37600 0.143851 0.147435 1.87675 0 0 2.16797 2.02401 
37800 0.142632 0.147497 1.8467 0 0 2.13668 1.99396 
38000 0.141413 0.147559 1.81665 0 0 2.1054 1.96391 
38200 0.140247 0.147613 1.7882 0 0 2.07606 1.93578 
38400 0.139093 0.147665 1.76015 0 0 2.04721 1.90813 
38600 0.137939 0.147717 1.7321 0 0 2.01836 1.88048 
38800 0.136786 0.147769 1.70415 0 0 1.98959 1.85289 
39000 0.135668 0.147817 1.67811 0 0 1.96234 1.82645 
39200 0.13455 0.147865 1.65206 0 0 1.9351 1.8 
39400 0.133433 0.147913 1.62602 0 0 1.90785 1.77356 
39600 0.132332 0.14796 1.60054 0 0 1.88113 1.74799 
39800 0.131274 0.148006 1.57636 0 0 1.85565 1.72447 
40000 0.130216 0.148052 1.55219 0 0 1.83017 1.70095 
40200 0.129183 0.148099 1.52871 0 0 1.80576 1.67747 
40400 0.128161 0.148142 1.5058 0 0 1.78198 1.65456 
40600 0.127157 0.14818 1.48374 0 0 1.75915 1.6325 
40800 0.126153 0.148218 1.46167 0 0 1.73633 1.61043 
41000 0.125148 0.148256 1.43961 0 0 1.7135 1.58837 
41200 0.124163 0.148294 1.41819 0 0 1.69114 1.56692 
41400 0.123202 0.148332 1.39757 0 0 1.66936 1.54622 
41600 0.12224 0.148369 1.37695 0 0 1.64757 1.52552 
41800 0.121278 0.148407 1.35632 0 0 1.62578 1.50482 
42000 0.12034 0.148441 1.33644 0 0 1.60489 1.48491 
42200 0.119431 0.14847 1.31745 0 0 1.5851 1.46597 
42400 0.118523 0.148499 1.29847 0 0 1.56531 1.44702 
42600 0.117614 0.148528 1.27949 0 0 1.54552 1.42807 
42800 0.116716 0.148558 1.26096 0 0 1.52618 1.40958 
43000 0.11584 0.148587 1.24329 0 0 1.50768 1.39195 
43200 0.114964 0.148616 1.22562 0 0 1.48918 1.37432 
43400 0.114088 0.148645 1.20796 0 0 1.47068 1.35668 
43600 0.113222 0.148673 1.19061 0 0 1.4525 1.33936 
43800 0.112401 0.148697 1.17453 0 0 1.43562 1.32329 
44000 0.11158 0.148722 1.15846 0 0 1.41874 1.30721 
44200 0.110759 0.148746 1.14238 0 0 1.40186 1.29114 
44400 0.109938 0.14877 1.12631 0 0 1.38499 1.27507 
44600 0.109138 0.148789 1.11105 0 0 1.36896 1.25981 
44800 0.108342 0.148806 1.09589 0 0 1.35302 1.24464 
45000 0.107545 0.148824 1.08072 0 0 1.33709 1.22948 
45200 0.106748 0.148841 1.06555 0 0 1.32115 1.21431 
45400 0.105982 0.148858 1.0512 0 0 1.30605 1.19998 
45600 0.105236 0.148875 1.03739 0 0 1.29149 1.1862 
45800 0.104489 0.148892 1.02358 0 0 1.27694 1.17243 
46000 0.103743 0.148909 1.00977 0 0 1.26239 1.15865 
46200 0.103001 0.148925 0.996097 0 0 1.24798 1.14501 
46400 0.102283 0.148939 0.983208 0 0 1.23439 1.13215 
46600 0.101565 0.148952 0.970319 0 0 1.2208 1.1193 
46800 0.100847 0.148965 0.95743 0 0 1.20721 1.10644 
47000 0.100129 0.148979 0.944541 0 0 1.19362 1.09359 
47200 0.0994344 0.14899 0.932323 0 0 1.18071 1.08136 
47400 0.0987517 0.148999 0.920465 0 0 1.16816 1.06947 
47600 0.098069 0.149009 0.908607 0 0 1.15562 1.05758 
47800 0.0973863 0.149019 0.89675 0 0 1.14308 1.04569 
48000 0.0967053 0.149029 0.884937 0 0 1.13058 1.03385 
48200 0.0960563 0.149038 0.873971 0 0 1.11901 1.02291 
48400 0.0954073 0.149048 0.863005 0 0 1.10744 1.01198 
48600 0.0947583 0.149058 0.85204 0 0 1.09586 1.00105 
48800 0.0941093 0.149067 0.841074 0 0 1.08429 0.990111 
49000 0.0934716 0.149075 0.830407 0 0 1.07301 0.979465 
49200 0.0928549 0.149078 0.820296 0 0 1.06227 0.969354 
49400 0.0922382 0.149081 0.810184 0 0 1.05153 0.959243 
49600 0.0916215 0.149084 0.800073 0 0 1.0408 0.949132 
49800 0.0910048 0.149087 0.789962 0 0 1.03006 0.93902 
50000 0.0903967 0.149088 0.780002 0 0 1.01952 0.929061 
50200 0.0898062 0.149088 0.770637 0 0 1.00956 0.919696 
50400 0.0892156 0.149088 0.761272 0 0 0.999599 0.910331 
50600 0.0886251 0.149088 0.751907 0 0 0.98964 0.900966 
50800 0.0880345 0.149088 0.742542 0 0 0.979681 0.8916 
51000 0.0874661 0.149088 0.733695 0 0 0.970277 0.882754 
51200 0.0869071 0.149088 0.72507 0 0 0.961111 0.874129 
51400 0.0863481 0.149088 0.716445 0 0 0.951946 0.865504 
51600 0.0857891 0.149088 0.70782 0 0 0.94278 0.856879 
51800 0.0852302 0.149088 0.699195 0 0 0.933614 0.848254 
52000 0.0846876 0.149084 0.690984 0 0 0.924845 0.840043 
52200 0.084152 0.149078 0.68295 0 0 0.916246 0.832009 
52400 0.0836164 0.149072 0.674917 0 0 0.907646 0.823975 
52600 0.0830808 0.149066 0.666883 0 0 0.899047 0.815941 
52800 0.0825453 0.149061 0.658849 0 0 0.890448 0.807908 
53000 0.0820291 0.149055 0.651267 0 0 0.88233 0.800306 
53200 0.0815234 0.149049 0.643927 0 0 0.87447 0.792938 
53400 0.0810177 0.149043 0.636588 0 0 0.86661 0.785569 
53600 0.0805121 0.149037 0.629248 0 0 0.858751 0.778201 
53800 0.0800064 0.149032 0.621908 0 0 0.850891 0.770832 
54000 0.079508 0.149025 0.61478 0 0 0.843258 0.763688 
54200 0.0790186 0.149016 0.607911 0 0 0.835902 0.756819 
54400 0.0785291 0.149007 0.601042 0 0 0.828546 0.74995 
54600 0.0780397 0.148999 0.594173 0 0 0.821191 0.743081 
54800 0.0775503 0.14899 0.587304 0 0 0.813835 0.736212 
55000 0.0770661 0.148981 0.580539 0 0 0.806586 0.729447 
55200 0.0766027 0.14897 0.574192 0 0 0.799761 0.7231 
55400 0.0761393 0.148959 0.567844 0 0 0.792936 0.716753 
55600 0.0756758 0.148947 0.561497 0 0 0.786111 0.710405 
55800 0.0752124 0.148936 0.555149 0 0 0.779286 0.704058 
56000 0.074749 0.148925 0.548802 0 0 0.772461 0.69771 
56200 0.0743079 0.148912 0.542904 0 0 0.766096 0.691789 
56400 0.0738708 0.148898 0.537084 0 0 0.759813 0.685942 
56600 0.0734337 0.148884 0.531265 0 0 0.753529 0.680095 
56800 0.0729966 0.148871 0.525446 0 0 0.747246 0.674249 
57000 0.0725594 0.148857 0.519627 0 0 0.740962 0.668403 
57200 0.0721288 0.148842 0.513957 0 0 0.73484 0.662715 
57400 0.0717102 0.148826 0.508563 0 0 0.729017 0.657321 
57600 0.0712917 0.14881 0.50317 0 0 0.723195 0.651928 
57800 0.0708731 0.148794 0.497777 0 0 0.717372 0.646535 
58000 0.0704545 0.148778 0.492384 0 0 0.711549 0.641142 
58200 0.0700359 0.148762 0.48699 0 0 0.705727 0.635748 
58400 0.0696327 0.148744 0.481905 0 0 0.700238 0.630643 
58600 0.0692346 0.148726 0.476923 0 0 0.69486 0.625635 
58800 0.0688366 0.148707 0.471941 0 0 0.689482 0.620626 
59000 0.0684385 0.148689 0.466958 0 0 0.684105 0.615617 
59200 0.0680405 0.14867 0.461976 0 0 0.678727 0.610609 
59400 0.0676429 0.148652 0.457006 0 0 0.673359 0.605614 
59600 0.0672537 0.148632 0.452277 0 0 0.668186 0.600884 
59800 0.0668645 0.148612 0.447547 0 0 0.663014 0.596155 
60000 0.0664753 0.148593 0.442818 0 0 0.657841 0.591425 
60200 0.0661037 0.148571 0.438337 0 0 0.652978 0.58689 
60400 0.0657322 0.148549 0.433857 0 0 0.648115 0.582355 
60600 0.0653624 0.148527 0.429427 0 0 0.643302 0.577884 
60800 0.0649983 0.148507 0.425148 0 0 0.638642 0.573606 
61000 0.0646341 0.148487 0.42087 0 0 0.633981 0.569327 
61200 0.0642699 0.148466 0.416591 0 0 0.62932 0.565048 
61400 0.0639057 0.148446 0.412312 0 0 0.62466 0.56077 
61600 0.0635415 0.148426 0.408034 0 0 0.619999 0.556491 
61800 0.0631848 0.148404 0.403879 0 0 0.615466 0.552328 
62000 0.0628421 0.148379 0.399955 0 0 0.611169 0.548379 
62200 0.0624993 0.148354 0.396031 0 0 0.606873 0.54443 
62400 0.0621566 0.148329 0.392107 0 0 0.602576 0.540481 
62600 0.0618138 0.148304 0.388182 0 0 0.598279 0.536532 
62800 0.0614711 0.148279 0.384258 0 0 0.593982 0.532583 
63000 0.0611322 0.148255 0.380419 0 0 0.58978 0.528719 
63200 0.0608024 0.14823 0.376779 0 0 0.585797 0.525054 
63400 0.0604725 0.148206 0.373138 0 0 0.581815 0.521389 
63600 0.0601427 0.148181 0.369498 0 0 0.577832 0.517724 
63800 0.0598129 0.148157 0.365858 0 0 0.57385 0.51406 
64000 0.059483 0.148133 0.362217 0 0 0.569867 0.510395 
64200 0.0591558 0.148107 0.358618 0 0 0.565923 0.506767 
64400 0.0588432 0.148079 0.355252 0 0 0.562197 0.503354 
64600 0.0585307 0.14805 0.351886 0 0 0.55847 0.49994 
64800 0.0582181 0.148021 0.34852 0 0 0.554744 0.496526 
65000 0.0579056 0.147992 0.345154 0 0 0.551017 0.493112 
65200 0.0575931 0.147963 0.341789 0 0 0.547291 0.489698 
65400 0.0572805 0.147934 0.338423 0 0 0.543564 0.486284 
65600 0.056983 0.147906 0.335297 0 0 0.540107 0.483132 
65800 0.0566872 0.147878 0.332198 0 0 0.536679 0.48001 
66000 0.0563914 0.14785 0.329099 0 0 0.533251 0.476887 
66200 0.0560955 0.147822 0.326 0 0 0.529823 0.473764 
66400 0.0557997 0.147793 0.3229 0 0 0.526395 0.470642 
66600 0.0555039 0.147765 0.319801 0 0 0.522968 0.467519 
66800 0.0552149 0.147736 0.316818 0 0 0.519671 0.464513 
67000 0.0549327 0.147706 0.31395 0 0 0.516505 0.461622 
67200 0.0546506 0.147677 0.311083 0 0 0.513339 0.458732 
67400 0.0543684 0.147647 0.308215 0 0 0.510173 0.455841 
67600 0.0540862 0.147617 0.305348 0 0 0.507008 0.452951 
67800 0.0538041 0.147587 0.30248 0 0 0.503842 0.45006 
68000 0.0535219 0.147557 0.299613 0 0 0.500676 0.44717 
68200 0.0532523 0.147526 0.296958 0 0 0.497727 0.444492 
68400 0.0529834 0.147494 0.294314 0 0 0.49479 0.441826 
68600 0.0527146 0.147463 0.29167 0 0 0.491852 0.43916 
68800 0.0524457 0.147431 0.289027 0 0 0.488915 0.436493 
69000 0.0521768 0.147399 0.286383 0 0 0.485978 0.433827 
69200 0.0519079 0.147368 0.283739 0 0 0.48304 0.431161 
69400 0.0516429 0.147335 0.281154 0 0 0.480156 0.428546 
69600 0.0513869 0.147302 0.278705 0 0 0.477396 0.426053 
69800 0.0511309 0.147269 0.276257 0 0 0.474635 0.42356 
70000 0.0508749 0.147235 0.273808 0 0 0.471875 0.421067 
70200 0.0506189 0.147202 0.271359 0 0 0.469114 0.418573 
70400 0.0503629 0.147168 0.268911 0 0 0.466354 0.41608 
70600 0.0501069 0.147135 0.266462 0 0 0.463594 0.413587 
70800 0.0498575 0.147102 0.264114 0 0 0.460962 0.411196 
71000 0.0496136 0.147069 0.26185 0 0 0.458436 0.408887 
71200 0.0493697 0.147037 0.259585 0 0 0.45591 0.406579 
71400 0.0491258 0.147004 0.25732 0 0 0.453384 0.40427 
71600 0.0488819 0.146971 0.255055 0 0 0.450858 0.401962 
71800 0.048638 0.146939 0.25279 0 0 0.448332 0.399654 
72000 0.0483941 0.146906 0.250526 0 0 0.445806 0.397345 
72200 0.0481591 0.146871 0.248375 0 0 0.443384 0.395166 
72400 0.047929 0.146835 0.246287 0 0 0.441018 0.393056 
72600 0.0476988 0.146799 0.244198 0 0 0.438652 0.390946 
72800 0.0474686 0.146762 0.242109 0 0 0.436286 0.388836 
73000 0.0472384 0.146726 0.24002 0 0 0.43392 0.386726 
73200 0.0470082 0.14669 0.237932 0 0 0.431555 0.384616 
73400 0.046778 0.146654 0.235843 0 0 0.429189 0.382506 
73600 0.0465545 0.146618 0.233855 0 0 0.42694 0.380485 
73800 0.0463353 0.146582 0.231935 0 0 0.42477 0.378523 
74000 0.0461162 0.146547 0.230015 0 0 0.422599 0.376561 
74200 0.0458971 0.146512 0.228095 0 0 0.420429 0.374599 
74400 0.0456779 0.146476 0.226175 0 0 0.418259 0.372638 
74600 0.0454588 0.146441 0.224255 0 0 0.416088 0.370676 
74800 0.0452397 0.146405 0.222336 0 0 0.413918 0.368714 
75000 0.0450242 0.146369 0.220467 0 0 0.4118 0.366804 
75200 0.0448143 0.146332 0.218676 0 0 0.409763 0.364973 
75400 0.0446043 0.146295 0.216886 0 0 0.407725 0.363141 
75600 0.0443944 0.146258 0.215095 0 0 0.405687 0.361309 
75800 0.0441844 0.146221 0.213304 0 0 0.403649 0.359477 
76000 0.0439745 0.146184 0.211513 0 0 0.401611 0.357645 
76200 0.0437645 0.146147 0.209723 0 0 0.399574 0.355813 
76400 0.0435559 0.14611 0.207947 0 0 0.397553 0.353998 
76600 0.0433596 0.146071 0.206304 0 0 0.39569 0.352335 
76800 0.0431632 0.146033 0.204661 0 0 0.393827 0.350672 
77000 0.0429669 0.145995 0.203018 0 0 0.391964 0.349009 
77200 0.0427706 0.145957 0.201375 0 0 0.3901 0.347346 
77400 0.0425742 0.145919 0.199732 0 0 0.388237 0.345683 
77600 0.0423779 0.145881 0.198089 0 0 0.386374 0.34402 
77800 0.0421815 0.145843 0.196447 0 0 0.384511 0.342358 
78000 0.0419891 0.145804 0.194888 0 0 0.382721 0.340755 
78200 0.0417993 0.145765 0.193385 0 0 0.380982 0.339193 
78400 0.0416095 0.145725 0.191883 0 0 0.379242 0.337631 
78600 0.0414197 0.145685 0.19038 0 0 0.377502 0.33607 
78800 0.0412299 0.145646 0.188877 0 0 0.375762 0.334508 
79000 0.0410401 0.145606 0.187375 0 0 0.374022 0.332946 
79200 0.0408503 0.145567 0.185872 0 0 0.372282 0.331384 
79400 0.0406605 0.145527 0.18437 0 0 0.370542 0.329822 
79600 0.0404802 0.145487 0.182917 0 0 0.36889 0.328369 
79800 0.0402999 0.145447 0.181465 0 0 0.367237 0.326917 
80000 0.0401196 0.145407 0.180012 0 0 0.365584 0.325464 
80200 0.0399424 0.145366 0.17862 0 0 0.363971 0.324041 
80400 0.0397653 0.145325 0.177228 0 0 0.362357 0.322617 
80600 0.0395881 0.145284 0.175836 0 0 0.360744 0.321194 
80800 0.039411 0.145243 0.174445 0 0 0.359131 0.31977 
81000 0.0392356 0.145202 0.173079 0 0 0.357547 0.318367 
81200 0.0390655 0.145162 0.171794 0 0 0.356054 0.317025 
81400 0.0388954 0.145122 0.170509 0 0 0.354561 0.315683 
81600 0.0387253 0.145083 0.169224 0 0 0.353068 0.314341 
81800 0.0385551 0.145043 0.167938 0 0 0.351575 0.312999 
82000 0.038385 0.145003 0.166653 0 0 0.350082 0.311657 
82200 0.0382149 0.144964 0.165368 0 0 0.348588 0.310315 
82400 0.0380448 0.144924 0.164083 0 0 0.347095 0.308973 
82600 0.0378776 0.144883 0.162825 0 0 0.34563 0.307664 
82800 0.0377171 0.14484 0.16163 0 0 0.34423 0.306433 
83000 0.0375565 0.144797 0.160435 0 0 0.34283 0.305201 
83200 0.037396 0.144755 0.159241 0 0 0.34143 0.303969 
83400 0.0372355 0.144712 0.158046 0 0 0.34003 0.302737 
83600 0.037075 0.144669 0.156851 0 0 0.33863 0.301505 
83800 0.0369144 0.144626 0.155657 0 0 0.33723 0.300273 
84000 0.0367539 0.144583 0.154462 0 0 0.33583 0.299041 
84200 0.0365953 0.14454 0.153293 0 0 0.334457 0.297835 
84400 0.0364423 0.144498 0.152198 0 0 0.333164 0.296705 
84600 0.0362893 0.144456 0.151103 0 0 0.331871 0.295576 
84800 0.0361363 0.144414 0.150009 0 0 0.330578 0.294447 
85000 0.0359833 0.144373 0.148914 0 0 0.329285 0.293318 
85200 0.0358303 0.144331 0.147819 0 0 0.327991 0.292188 
85400 0.0356773 0.144289 0.146725 0 0 0.326698 0.291059 
85600 0.0355243 0.144247 0.14563 0 0 0.325405 0.28993 
85800 0.0353713 0.144205 0.144536 0 0 0.324112 0.288801 
86000 0.0352238 0.144164 0.143513 0 0 0.322906 0.287721 
86200 0.0350762 0.144122 0.142491 0 0 0.321701 0.286641 
86400 0.0349286 0.144081 0.141469 0 0 0.320495 0.285562 
86600 0.0347811 0.144039 0.140447 0 0 0.319289 0.284482 
86800 0.0346335 0.143998 0.139425 0 0 0.318084 0.283402 
87000 0.034486 0.143957 0.138403 0 0 0.316878 0.282322 
87200 0.0343384 0.143915 0.137381 0 0 0.315672 0.281243 
87400 0.0341908 0.143874 0.136359 0 0 0.314466 0.280163 
87600 0.0340501 0.143831 0.135391 0 0 0.313313 0.279157 
87800 0.033913 0.143787 0.134452 0 0 0.312189 0.27819 
88000 0.0337759 0.143743 0.133514 0 0 0.311064 0.277224 
88200 0.0336388 0.143699 0.132575 0 0 0.309939 0.276257 
88400 0.0335018 0.143655 0.131637 0 0 0.308814 0.27529 
88600 0.0333647 0.143611 0.130698 0 0 0.30769 0.274324 
88800 0.0332276 0.143567 0.12976 0 0 0.306565 0.273357 
89000 0.0330905 0.143523 0.128822 0 0 0.30544 0.272391 
89200 0.0329541 0.143479 0.127891 0 0 0.304325 0.27143 
89400 0.0328236 0.143435 0.127029 0 0 0.303294 0.27052 
89600 0.0326931 0.14339 0.126167 0 0 0.302264 0.269609 
89800 0.0325626 0.143345 0.125304 0 0 0.301234 0.268699 
90000 0.0324321 0.143301 0.124442 0 0 0.300203 0.267789 
90200 0.0323015 0.143256 0.12358 0 0 0.299173 0.266879 
90400 0.032171 0.143211 0.122718 0 0 0.298143 0.265969 
90600 0.0320405 0.143167 0.121856 0 0 0.297112 0.265059 
90800 0.03191 0.143122 0.120994 0 0 0.296082 0.264149 
91000 0.0317815 0.143078 0.120154 0 0 0.295069 0.263261 
91200 0.0316565 0.143034 0.119356 0 0 0.29409 0.262417 
91400 0.0315316 0.14299 0.118557 0 0 0.293111 0.261573 
91600 0.0314066 0.142946 0.117759 0 0 0.292132 0.260729 
91800 0.0312817 0.142902 0.11696 0 0 0.291153 0.259885 
92000 0.0311568 0.142858 0.116161 0 0 0.290173 0.259041 
92200 0.0310318 0.142814 0.115363 0 0 0.289194 0.258197 
92400 0.0309069 0.14277 0.114564 0 0 0.288215 0.257352 
92600 0.030782 0.142727 0.113766 0 0 0.287236 0.256508 
92800 0.0306602 0.142682 0.112993 0 0 0.286294 0.255693 
93000 0.0305423 0.142637 0.112253 0 0 0.285397 0.254912 
93200 0.0304244 0.142593 0.111512 0 0 0.2845 0.254132 
93400 0.0303066 0.142548 0.110772 0 0 0.283604 0.253352 
93600 0.0301887 0.142503 0.110031 0 0 0.282707 0.252571 
93800 0.0300708 0.142458 0.109291 0 0 0.281811 0.251791 
94000 0.0299529 0.142413 0.10855 0 0 0.280914 0.251011 
94200 0.029835 0.142368 0.10781 0 0 0.280018 0.25023 
94400 0.0297171 0.142324 0.107069 0 0 0.279121 0.24945 
94600 0.0296016 0.142279 0.106353 0 0 0.278245 0.248689 
94800 0.0294895 0.142235 0.105672 0 0 0.2774 0.247958 
95000 0.0293774 0.142191 0.104991 0 0 0.276556 0.247227 
95200 0.0292653 0.142148 0.104311 0 0 0.275711 0.246496 
95400 0.0291532 0.142104 0.10363 0 0 0.274866 0.245765 
95600 0.0290411 0.14206 0.102949 0 0 0.274022 0.245034 
95800 0.0289291 0.142016 0.102269 0 0 0.273177 0.244303 
96000 0.028817 0.141972 0.101588 0 0 0.272332 0.243572 
96200 0.0287049 0.141928 0.100907 0 0 0.271487 0.242841 
96400 0.0285938 0.141884 0.100234 0 0 0.270654 0.242119 
96600 0.0284883 0.141838 0.0996047 0 0 0.269887 0.241448 
96800 0.0283828 0.141791 0.0989749 0 0 0.26912 0.240776 
97000 0.0282773 0.141745 0.098345 0 0 0.268353 0.240105 
97200 0.0281718 0.141699 0.0977152 0 0 0.267585 0.239434 
97400 0.0280663 0.141652 0.0970854 0 0 0.266818 0.238762 
97600 0.0279608 0.141606 0.0964556 0 0 0.266051 0.238091 
97800 0.0278553 0.14156 0.0958258 0 0 0.265283 0.23742 
98000 0.0277498 0.141513 0.095196 0 0 0.264516 0.236748 
98200 0.0276443 0.141467 0.0945661 0 0 0.263749 0.236077 
98400 0.0275419 0.141422 0.0939721 0 0 0.263003 0.235432 
98600 0.0274406 0.141377 0.0933899 0 0 0.262265 0.234797 
98800 0.0273393 0.141332 0.0928078 0 0 0.261526 0.234162 
99000 0.0272379 0.141288 0.0922256 0 0 0.260788 0.233526 
99200 0.0271366 0.141243 0.0916435 0 0 0.260049 0.232891 
99400 0.0270353 0.141199 0.0910613 0 0 0.259311 0.232256 
99600 0.026934 0.141154 0.0904792 0 0 0.258573 0.23162 
99800 0.0268327 0.141109 0.089897 0 0 0.257834 0.230985 
100000 0.0267313 0.141065 0.0893149 0 0 0.257096 0.230349 
100200 0.0266412 0.14102 0.088834 0 0 0.256495 0.229899 
100400 0.0265431 0.140974 0.088282 0 0 0.255799 0.229298 
100600 0.0264451 0.140928 0.08773 0 0 0.255103 0.228697 
100800 0.026347 0.140882 0.087178 0 0 0.254407 0.228095 
101000 0.0262489 0.140836 0.086626 0 0 0.253711 0.227494 
101200 0.0261509 0.14079 0.086074 0 0 0.253015 0.226893 
101400 0.0260528 0.140744 0.085522 0 0 0.252319 0.226292 
101600 0.0259547 0.140698 0.08497 0 0 0.251623 0.225691 
101800 0.0258567 0.140653 0.0844179 0 0 0.250927 0.22509 
102000 0.0257586 0.140607 0.083866 0 0 0.250231 0.224489 
102200 0.0256645 0.14056 0.0833428 0 0 0.249568 0.223918 
102400 0.0255743 0.140514 0.0828484 0 0 0.248937 0.223377 
102600 0.0254842 0.140467 0.082354 0 0 0.248306 0.222836 
102800 0.025394 0.140421 0.0818597 0 0 0.247674 0.222295 
103000 0.0253039 0.140374 0.0813653 0 0 0.247043 0.221754 
103200 0.0252137 0.140328 0.0808709 0 0 0.246412 0.221214 
103400 0.0251236 0.140281 0.0803766 0 0 0.245781 0.220673 
103600 0.0250334 0.140234 0.0798822 0 0 0.24515 0.220132 
103800 0.0249432 0.140188 0.0793879 0 0 0.244519 0.219591 
104000 0.0248531 0.140141 0.0788935 0 0 0.243888 0.21905 
104200 0.0247665 0.140096 0.0784253 0 0 0.243286 0.218536 
104400 0.0246835 0.140051 0.0779831 0 0 0.242714 0.218049 
104600 0.0246005 0.140007 0.0775409 0 0 0.242141 0.217563 
104800 0.0245175 0.139963 0.0770987 0 0 0.241569 0.217076 
105000 0.0244345 0.139918 0.0766565 0 0 0.240996 0.21659 
105200 0.0243515 0.139874 0.0762143 0 0 0.240424 0.216103 
105400 0.0242685 0.13983 0.0757721 0 0 0.239852 0.215617 
105600 0.0241855 0.139785 0.0753299 0 0 0.239279 0.21513 
105800 0.0241025 0.139741 0.0748877 0 0 0.238707 0.214644 
106000 0.0240195 0.139696 0.0744455 0 0 0.238134 0.214157 
106200 0.0239365 0.139652 0.0740033 0 0 0.237562 0.21367 
106400 0.0238524 0.139604 0.073566 0 0 0.236991 0.21319 
106600 0.0237682 0.139556 0.0731288 0 0 0.23642 0.212709 
106800 0.0236841 0.139508 0.0726915 0 0 0.235849 0.212228 
107000 0.0235999 0.13946 0.0722543 0 0 0.235278 0.211747 
107200 0.0235158 0.139412 0.071817 0 0 0.234707 0.211266 
107400 0.0234316 0.139364 0.0713797 0 0 0.234136 0.210785 
107600 0.0233475 0.139316 0.0709425 0 0 0.233565 0.210305 
107800 0.0232633 0.139267 0.0705052 0 0 0.232994 0.209824 
108000 0.0231792 0.139219 0.070068 0 0 0.232423 0.209343 
108200 0.023095 0.139171 0.0696307 0 0 0.231852 0.208862 
108400 0.0230213 0.139128 0.0692578 0 0 0.23136 0.208439 
108600 0.0229475 0.139084 0.0688849 0 0 0.230868 0.208015 
108800 0.0228737 0.13904 0.068512 0 0 0.230377 0.207592 
109000 0.0228 0.138996 0.068139 0 0 0.229885 0.207168 
109200 0.0227262 0.138953 0.0677661 0 0 0.229393 0.206745 
109400 0.0226525 0.138909 0.0673932 0 0 0.228901 0.206321 
109600 0.0225787 0.138865 0.0670203 0 0 0.22841 0.205898 
109800 0.0225049 0.138822 0.0666474 0 0 0.227918 0.205474 
110000 0.0224312 0.138778 0.0662745 0 0 0.227426 0.205051 
110200 0.0223574 0.138734 0.0659015 0 0 0.226934 0.204628 
110400 0.0222836 0.13869 0.0655286 0 0 0.226443 0.204204 
110600 0.0222078 0.138643 0.0651594 0 0 0.225956 0.203789 
110800 0.0221319 0.138596 0.0647902 0 0 0.22547 0.203374 
111000 0.0220561 0.138549 0.064421 0 0 0.224983 0.202959 
111200 0.0219803 0.138502 0.0640518 0 0 0.224496 0.202544 
111400 0.0219044 0.138454 0.0636826 0 0 0.22401 0.202129 
111600 0.0218286 0.138407 0.0633133 0 0 0.223523 0.201714 
111800 0.0217527 0.13836 0.0629441 0 0 0.223037 0.201299 
112000 0.0216769 0.138313 0.0625749 0 0 0.22255 0.200884 
112200 0.021601 0.138265 0.0622057 0 0 0.222064 0.200469 
112400 0.0215252 0.138218 0.0618365 0 0 0.221577 0.200054 
112600 0.0214531 0.138171 0.0614866 0 0 0.221108 0.199655 
112800 0.0213848 0.138125 0.061156 0 0 0.220658 0.199273 
113000 0.0213165 0.138078 0.0608255 0 0 0.220207 0.19889 
113200 0.0212482 0.138032 0.0604949 0 0 0.219756 0.198508 
113400 0.0211799 0.137986 0.0601643 0 0 0.219305 0.198125 
113600 0.0211116 0.137939 0.0598337 0 0 0.218854 0.197743 
113800 0.0210433 0.137893 0.0595032 0 0 0.218404 0.19736 
114000 0.020975 0.137846 0.0591726 0 0 0.217953 0.196978 
114200 0.0209067 0.1378 0.058842 0 0 0.217502 0.196595 
114400 0.0208384 0.137753 0.0585115 0 0 0.217051 0.196213 
114600 0.0207701 0.137707 0.0581809 0 0 0.216601 0.19583 
114800 0.0207039 0.137662 0.0578666 0 0 0.216173 0.195469 
115000 0.0206399 0.137617 0.0575687 0 0 0.215768 0.19513 
115200 0.0205759 0.137573 0.0572708 0 0 0.215363 0.19479 
115400 0.0205119 0.137528 0.0569729 0 0 0.214957 0.19445 
115600 0.0204478 0.137484 0.056675 0 0 0.214552 0.19411 
115800 0.0203838 0.137439 0.0563771 0 0 0.214147 0.193771 
116000 0.0203198 0.137395 0.0560792 0 0 0.213742 0.193431 
116200 0.0202558 0.137351 0.0557813 0 0 0.213337 0.193091 
116400 0.0201917 0.137306 0.0554834 0 0 0.212932 0.192752 
116600 0.0201277 0.137262 0.0551855 0 0 0.212527 0.192412 
116800 0.0200637 0.137217 0.0548876 0 0 0.212122 0.192072 
117000 0.0199997 0.137173 0.0545896 0 0 0.211717 0.191732 
117200 0.0199355 0.137125 0.054296 0 0 0.211321 0.191391 
117400 0.0198713 0.137077 0.0540023 0 0 0.210925 0.191049 
117600 0.0198071 0.137029 0.0537086 0 0 0.210529 0.190708 
117800 0.0197429 0.136982 0.0534149 0 0 0.210133 0.190366 
118000 0.0196787 0.136934 0.0531212 0 0 0.209736 0.190025 
118200 0.0196145 0.136886 0.0528275 0 0 0.20934 0.189683 
118400 0.0195503 0.136838 0.0525338 0 0 0.208944 0.189342 
118600 0.0194861 0.13679 0.0522401 0 0 0.208548 0.189 
118800 0.0194219 0.136743 0.0519464 0 0 0.208152 0.188659 
119000 0.0193577 0.136695 0.0516527 0 0 0.207756 0.188317 
119200 0.0192935 0.136647 0.0513591 0 0 0.20736 0.187976 
119400 0.0192359 0.136603 0.0511061 0 0 0.206996 0.187675 
119600 0.0191783 0.136559 0.0508532 0 0 0.206633 0.187375 
119800 0.0191207 0.136515 0.0506002 0 0 0.20627 0.187074 
120000 0.019063 0.136472 0.0503473 0 0 0.205907 0.186774 
120200 0.0190055 0.136428 0.0500944 0 0 0.205544 0.186473 
120400 0.0189478 0.136384 0.0498414 0 0 0.205181 0.186173 
120600 0.0188903 0.13634 0.0495885 0 0 0.204818 0.185872 
120800 0.0188327 0.136296 0.0493355 0 0 0.204454 0.185572 
121000 0.0187751 0.136252 0.0490826 0 0 0.204091 0.185271 
121200 0.0187175 0.136209 0.0488297 0 0 0.203728 0.184971 
121400 0.0186599 0.136165 0.0485767 0 0 0.203365 0.18467 
121600 0.0186023 0.136121 0.0483238 0 0 0.203002 0.18437 
121800 0.0185472 0.136076 0.0480871 0 0 0.202664 0.184094 
122000 0.0184921 0.136031 0.0478505 0 0 0.202326 0.183819 
122200 0.018437 0.135986 0.0476138 0 0 0.201988 0.183543 
122400 0.0183819 0.135941 0.0473771 0 0 0.20165 0.183268 
122600 0.0183268 0.135896 0.0471405 0 0 0.201312 0.182992 
122800 0.0182717 0.135851 0.0469038 0 0 0.200973 0.182717 
123000 0.0182166 0.135805 0.0466672 0 0 0.200635 0.182441 
123200 0.0181615 0.13576 0.0464305 0 0 0.200297 0.182166 
123400 0.0181064 0.135715 0.0461939 0 0 0.199959 0.18189 
123600 0.0180513 0.13567 0.0459572 0 0 0.199621 0.181615 
123800 0.0179962 0.135625 0.0457205 0 0 0.199283 0.181339 
124000 0.0179411 0.13558 0.0454839 0 0 0.198945 0.181064 
124200 0.0178873 0.135534 0.0452597 0 0 0.198632 0.180788 
124400 0.0178334 0.135487 0.0450356 0 0 0.198319 0.180513 
124600 0.0177796 0.135441 0.0448114 0 0 0.198006 0.180237 
124800 0.0177257 0.135395 0.0445873 0 0 0.197693 0.179962 
125000 0.0176719 0.135348 0.0443632 0 0 0.19738 0.179687 
125200 0.017618 0.135302 0.044139 0 0 0.197067 0.179411 
125400 0.0175642 0.135256 0.0439149 0 0 0.196754 0.179136 
125600 0.0175104 0.135209 0.0436908 0 0 0.196441 0.17886 
125800 0.0174565 0.135163 0.0434666 0 0 0.196128 0.178585 
126000 0.0174027 0.135117 0.0432425 0 0 0.195815 0.178309 
126200 0.0173488 0.13507 0.0430183 0 0 0.195501 0.178034 
126400 0.017295 0.135024 0.0427942 0 0 0.195188 0.177758 
126600 0.0172436 0.134978 0.0425838 0 0 0.194875 0.177508 
126800 0.0171923 0.134931 0.0423735 0 0 0.194562 0.177257 
127000 0.017141 0.134885 0.0421631 0 0 0.194249 0.177007 
127200 0.0170896 0.134839 0.0419527 0 0 0.193936 0.176756 
127400 0.0170383 0.134792 0.0417424 0 0 0.193623 0.176506 
127600 0.016987 0.134746 0.041532 0 0 0.19331 0.176256 
127800 0.0169356 0.1347 0.0413216 0 0 0.192997 0.176005 
128000 0.0168843 0.134653 0.0411113 0 0 0.192684 0.175755 
128200 0.0168329 0.134607 0.0409009 0 0 0.192371 0.175504 
128400 0.0167816 0.134561 0.0406905 0 0 0.192058 0.175254 
128600 0.0167303 0.134514 0.0404802 0 0 0.191745 0.175003 
128800 0.0166789 0.134468 0.0402698 0 0 0.191432 0.174753 
129000 0.0166338 0.134424 0.0400872 0 0 0.191155 0.174522 
129200 0.0165888 0.13438 0.0399046 0 0 0.190877 0.174291 
129400 0.0165437 0.134336 0.0397219 0 0 0.1906 0.174059 
129600 0.0164986 0.134292 0.0395393 0 0 0.190322 0.173828 
129800 0.0164535 0.134249 0.0393567 0 0 0.190045 0.173597 
130000 0.0164084 0.134205 0.0391741 0 0 0.189767 0.173366 
130200 0.0163634 0.134161 0.0389915 0 0 0.18949 0.173135 
130400 0.0163183 0.134117 0.0388088 0 0 0.189213 0.172904 
130600 0.0162732 0.134073 0.0386262 0 0 0.188935 0.172672 
130800 0.0162281 0.134029 0.0384436 0 0 0.188658 0.172441 
131000 0.0161831 0.133985 0.038261 0 0 0.18838 0.17221 
131200 0.016138 0.133941 0.0380783 0 0 0.188103 0.171979 
131400 0.0160929 0.133897 0.0378957 0 0 0.187826 0.171748 
131600 0.016046 0.133851 0.0377166 0 0 0.187561 0.171531 
131800 0.0159991 0.133806 0.0375375 0 0 0.187297 0.171315 
132000 0.0159523 0.13376 0.0373584 0 0 0.187032 0.171099 
132200 0.0159054 0.133714 0.0371793 0 0 0.186768 0.170882 
132400 0.0158585 0.133669 0.0370002 0 0 0.186503 0.170666 
132600 0.0158116 0.133623 0.036821 0 0 0.186239 0.17045 
132800 0.0157647 0.133577 0.0366419 0 0 0.185974 0.170233 
133000 0.0157179 0.133532 0.0364628 0 0 0.18571 0.170017 
133200 0.015671 0.133486 0.0362837 0 0 0.185446 0.1698 
133400 0.0156241 0.13344 0.0361046 0 0 0.185181 0.169584 
133600 0.0155772 0.133395 0.0359255 0 0 0.184917 0.169368 
133800 0.0155303 0.133349 0.0357464 0 0 0.184652 0.169151 
134000 0.0154865 0.133305 0.0355789 0 0 0.184397 0.168943 
134200 0.0154456 0.133263 0.0354231 0 0 0.184153 0.168743 
134400 0.0154048 0.13322 0.0352673 0 0 0.183908 0.168542 
134600 0.0153639 0.133178 0.0351114 0 0 0.183663 0.168342 
134800 0.0153231 0.133136 0.0349556 0 0 0.183418 0.168142 
135000 0.0152822 0.133094 0.0347998 0 0 0.183173 0.167941 
135200 0.0152414 0.133051 0.034644 0 0 0.182928 0.167741 
135400 0.0152005 0.133009 0.0344881 0 0 0.182683 0.16754 
135600 0.0151597 0.132967 0.0343323 0 0 0.182439 0.16734 
135800 0.0151188 0.132924 0.0341765 0 0 0.182194 0.16714 
136000 0.015078 0.132882 0.0340207 0 0 0.181949 0.166939 
136200 0.0150371 0.13284 0.0338648 0 0 0.181704 0.166739 
136400 0.0149963 0.132797 0.033709 0 0 0.181459 0.166539 
136600 0.0149554 0.132755 0.0335532 0 0 0.181214 0.166338 
136800 0.0149142 0.13271 0.0334018 0 0 0.180983 0.166142 
137000 0.0148729 0.132665 0.0332503 0 0 0.180752 0.165945 
137200 0.0148316 0.13262 0.0330989 0 0 0.180521 0.165749 
137400 0.0147904 0.132575 0.0329475 0 0 0.18029 0.165552 
137600 0.0147491 0.13253 0.0327961 0 0 0.180058 0.165356 
137800 0.0147078 0.132485 0.0326447 0 0 0.179827 0.165159 
138000 0.0146666 0.13244 0.0324933 0 0 0.179596 0.164963 
138200 0.0146253 0.132395 0.0323418 0 0 0.179365 0.164766 
138400 0.0145841 0.132349 0.0321904 0 0 0.179134 0.16457 
138600 0.0145428 0.132304 0.032039 0 0 0.178902 0.164373 
138800 0.0145015 0.132259 0.0318876 0 0 0.178671 0.164177 
139000 0.0144603 0.132214 0.0317362 0 0 0.17844 0.16398 
139200 0.014419 0.132169 0.0315848 0 0 0.178209 0.163784 
139400 0.0143807 0.132125 0.0314467 0 0 0.177986 0.163595 
139600 0.0143424 0.13208 0.0313087 0 0 0.177764 0.163406 
139800 0.0143041 0.132036 0.0311707 0 0 0.177541 0.163216 
140000 0.0142658 0.131991 0.0310327 0 0 0.177319 0.163027 
140200 0.0142276 0.131947 0.0308947 0 0 0.177096 0.162838 
140400 0.0141893 0.131902 0.0307567 0 0 0.176873 0.162649 
140600 0.014151 0.131857 0.0306186 0 0 0.176651 0.162459 
140800 0.0141127 0.131813 0.0304806 0 0 0.176428 0.16227 
141000 0.0140744 0.131768 0.0303426 0 0 0.176206 0.162081 
141200 0.0140361 0.131724 0.0302046 0 0 0.175983 0.161892 
141400 0.0139978 0.131679 0.0300666 0 0 0.17576 0.161703 
141600 0.0139595 0.131635 0.0299286 0 0 0.175538 0.161513 
141800 0.0139212 0.13159 0.0297905 0 0 0.175315 0.161324 
142000 0.0138842 0.131547 0.0296593 0 0 0.175102 0.161149 
142200 0.0138485 0.131504 0.0295348 0 0 0.174898 0.160988 
142400 0.0138128 0.131461 0.0294103 0 0 0.174694 0.160827 
142600 0.013777 0.131418 0.0292858 0 0 0.17449 0.160666 
142800 0.0137413 0.131375 0.0291613 0 0 0.174286 0.160505 
143000 0.0137055 0.131332 0.0290368 0 0 0.174082 0.160344 
143200 0.0136698 0.131289 0.0289123 0 0 0.173878 0.160183 
143400 0.0136341 0.131246 0.0287878 0 0 0.173674 0.160022 
143600 0.0135983 0.131203 0.0286633 0 0 0.17347 0.159861 
143800 0.0135626 0.13116 0.0285388 0 0 0.173266 0.1597 
144000 0.0135268 0.131117 0.0284143 0 0 0.173063 0.159539 
144200 0.0134911 0.131074 0.0282898 0 0 0.172859 0.159378 
144400 0.0134553 0.131031 0.0281653 0 0 0.172655 0.159217 
144600 0.0134196 0.130989 0.0280408 0 0 0.172451 0.159056 
144800 0.0133845 0.130946 0.0279195 0 0 0.172252 0.158895 
145000 0.0133501 0.130903 0.0278014 0 0 0.172059 0.158734 
145200 0.0133156 0.13086 0.0276834 0 0 0.171866 0.158573 
145400 0.0132812 0.130817 0.0275653 0 0 0.171673 0.158412 
145600 0.0132467 0.130774 0.0274472 0 0 0.171479 0.158251 
145800 0.0132122 0.130731 0.0273292 0 0 0.171286 0.15809 
146000 0.0131778 0.130688 0.0272111 0 0 0.171093 0.157929 
146200 0.0131433 0.130645 0.027093 0 0 0.1709 0.157768 
146400 0.0131089 0.130602 0.026975 0 0 0.170707 0.157607 
146600 0.0130744 0.130559 0.0268569 0 0 0.170514 0.157446 
146800 0.01304 0.130516 0.0267389 0 0 0.17032 0.157285 
147000 0.0130055 0.130473 0.0266208 0 0 0.170127 0.157124 
147200 0.0129711 0.13043 0.0265027 0 0 0.169934 0.156963 
147400 0.0129366 0.130387 0.0263847 0 0 0.169741 0.156802 
147600 0.0129035 0.130345 0.0262728 0 0 0.169554 0.15665 
147800 0.0128718 0.130303 0.026167 0 0 0.169374 0.156505 
148000 0.0128401 0.130261 0.0260612 0 0 0.169193 0.156361 
148200 0.0128083 0.130219 0.0259554 0 0 0.169013 0.156217 
148400 0.0127766 0.130177 0.0258496 0 0 0.168833 0.156073 
148600 0.0127449 0.130135 0.0257438 0 0 0.168652 0.155928 
148800 0.0127131 0.130093 0.0256381 0 0 0.168472 0.155784 
149000 0.0126814 0.13005 0.0255323 0 0 0.168292 0.15564 
149200 0.0126497 0.130008 0.0254265 0 0 0.168111 0.155496 
149400 0.0126179 0.129966 0.0253207 0 0 0.167931 0.155351 
149600 0.0125862 0.129924 0.0252149 0 0 0.167751 0.155207 
149800 0.0125544 0.129882 0.0251091 0 0 0.167571 0.155063 
150000 0.0125227 0.12984 0.0250034 0 0 0.16739 0.154919 
150200 0.0124889 0.129795 0.0248907 0 0 0.167165 0.154693 
150400 0.0124551 0.12975 0.024778 0 0 0.166939 0.154468 
150600 0.0124251 0.129709 0.0246808 0 0 0.166769 0.154338 
150800 0.0123952 0.129668 0.0245836 0 0 0.166599 0.154207 
151000 0.0123652 0.129627 0.0244865 0 0 0.166429 0.154077 
151200 0.0123353 0.129586 0.0243893 0 0 0.166258 0.153947 
151400 0.0123053 0.129545 0.0242921 0 0 0.166088 0.153817 
151600 0.0122754 0.129504 0.024195 0 0 0.165918 0.153686 
151800 0.0122454 0.129462 0.0240978 0 0 0.165747 0.153556 
152000 0.0122155 0.129421 0.0240006 0 0 0.165577 0.153426 
152200 0.0121855 0.12938 0.0239034 0 0 0.165407 0.153296 
152400 0.0121556 0.129339 0.0238063 0 0 0.165237 0.153166 
152600 0.0121256 0.129298 0.0237091 0 0 0.165066 0.153035 
152800 0.0120957 0.129257 0.0236119 0 0 0.164896 0.152905 
153000 0.0120657 0.129216 0.0235148 0 0 0.164726 0.152775 
153200 0.0120358 0.129175 0.0234176 0 0 0.164555 0.152645 
153400 0.0120058 0.129134 0.0233204 0 0 0.164385 0.152514 
153600 0.0119769 0.129092 0.0232293 0 0 0.164225 0.152374 
153800 0.0119479 0.12905 0.0231381 0 0 0.164064 0.152234 
154000 0.011919 0.129008 0.023047 0 0 0.163904 0.152094 
154200 0.01189 0.128966 0.0229558 0 0 0.163744 0.151953 
154400 0.0118611 0.128924 0.0228646 0 0 0.163584 0.151813 
154600 0.0118321 0.128881 0.0227735 0 0 0.163423 0.151673 
154800 0.0118032 0.128839 0.0226823 0 0 0.163263 0.151533 
155000 0.0117742 0.128797 0.0225912 0 0 0.163103 0.151392 
155200 0.0117453 0.128755 0.0225 0 0 0.162943 0.151252 
155400 0.0117163 0.128713 0.0224089 0 0 0.162782 0.151112 
155600 0.0116874 0.128671 0.0223177 0 0 0.162622 0.150972 
155800 0.0116584 0.128629 0.0222265 0 0 0.162462 0.150832 
156000 0.0116295 0.128587 0.0221354 0 0 0.162301 0.150691 
156200 0.0116005 0.128545 0.0220442 0 0 0.162141 0.150551 
156400 0.0115716 0.128503 0.0219531 0 0 0.161981 0.150411 
156600 0.0115437 0.128461 0.0218669 0 0 0.161831 0.150286 
156800 0.0115159 0.128419 0.0217808 0 0 0.16168 0.15016 
157000 0.011488 0.128377 0.0216946 0 0 0.16153 0.150035 
157200 0.0114602 0.128335 0.0216085 0 0 0.16138 0.14991 
157400 0.0114323 0.128292 0.0215223 0 0 0.16123 0.149785 
157600 0.0114045 0.12825 0.0214362 0 0 0.161079 0.149659 
157800 0.0113766 0.128208 0.02135 0 0 0.160929 0.149534 
158000 0.0113488 0.128166 0.0212639 0 0 0.160779 0.149409 
158200 0.0113209 0.128124 0.0211777 0 0 0.160628 0.149284 
158400 0.0112931 0.128082 0.0210916 0 0 0.160478 0.149159 
158600 0.0112652 0.12804 0.0210054 0 0 0.160328 0.149033 
158800 0.0112374 0.127998 0.0209193 0 0 0.160178 0.148908 
159000 0.0112095 0.127956 0.0208331 0 0 0.160027 0.148783 
159200 0.0111817 0.127914 0.020747 0 0 0.159877 0.148658 
159400 0.0111538 0.127872 0.0206608 0 0 0.159727 0.148533 
159600 0.0111278 0.127831 0.0205833 0 0 0.159582 0.148413 
159800 0.0111017 0.12779 0.0205057 0 0 0.159436 0.148294 
160000 0.0110756 0.12775 0.0204282 0 0 0.159291 0.148175 
160200 0.0110495 0.127709 0.0203506 0 0 0.159145 0.148056 
160400 0.0110235 0.127668 0.0202731 0 0 0.159 0.147936 
160600 0.0109974 0.127627 0.0201955 0 0 0.158854 0.147817 
160800 0.0109713 0.127587 0.0201179 0 0 0.158709 0.147698 
161000 0.0109452 0.127546 0.0200404 0 0 0.158564 0.147579 
161200 0.0109191 0.127505 0.0199628 0 0 0.158418 0.147459 
161400 0.0108931 0.127465 0.0198853 0 0 0.158273 0.14734 
161600 0.010867 0.127424 0.0198077 0 0 0.158127 0.147221 
161800 0.0108409 0.127383 0.0197302 0 0 0.157982 0.147102 
162000 0.0108148 0.127342 0.0196526 0 0 0.157837 0.146982 
162200 0.0107888 0.127302 0.0195751 0 0 0.157691 0.146863 
162400 0.0107627 0.127261 0.0194975 0 0 0.157546 0.146744 
162600 0.0107375 0.12722 0.0194231 0 0 0.157403 0.146629 
162800 0.0107132 0.12718 0.0193517 0 0 0.157262 0.146518 
163000 0.0106888 0.12714 0.0192803 0 0 0.157121 0.146407 
163200 0.0106645 0.127099 0.0192089 0 0 0.15698 0.146296 
163400 0.0106402 0.127059 0.0191376 0 0 0.156839 0.146186 
163600 0.0106159 0.127019 0.0190662 0 0 0.156698 0.146075 
163800 0.0105915 0.126978 0.0189948 0 0 0.156557 0.145964 
164000 0.0105672 0.126938 0.0189234 0 0 0.156417 0.145853 
164200 0.0105429 0.126897 0.0188521 0 0 0.156276 0.145742 
164400 0.0105186 0.126857 0.0187807 0 0 0.156135 0.145632 
164600 0.0104942 0.126817 0.0187093 0 0 0.155994 0.145521 
164800 0.0104699 0.126776 0.0186379 0 0 0.155853 0.14541 
165000 0.0104456 0.126736 0.0185666 0 0 0.155712 0.145299 
165200 0.0104213 0.126695 0.0184952 0 0 0.155571 0.145188 
165400 0.0103969 0.126655 0.0184238 0 0 0.15543 0.145077 
165600 0.0103726 0.126615 0.0183524 0 0 0.15529 0.144967 
165800 0.0103491 0.126575 0.018284 0 0 0.155155 0.144859 
166000 0.0103263 0.126536 0.0182184 0 0 0.155028 0.144754 
166200 0.0103035 0.126497 0.0181528 0 0 0.1549 0.144649 
166400 0.0102808 0.126457 0.0180873 0 0 0.154773 0.144545 
166600 0.010258 0.126418 0.0180217 0 0 0.154645 0.14444 
166800 0.0102352 0.126379 0.0179561 0 0 0.154518 0.144335 
167000 0.0102125 0.12634 0.0178906 0 0 0.15439 0.144231 
167200 0.0101897 0.126301 0.017825 0 0 0.154263 0.144126 
167400 0.0101669 0.126262 0.0177594 0 0 0.154135 0.144021 
167600 0.0101442 0.126222 0.0176939 0 0 0.154008 0.143916 
167800 0.0101214 0.126183 0.0176283 0 0 0.15388 0.143812 
168000 0.0100986 0.126144 0.0175627 0 0 0.153753 0.143707 
168200 0.0100759 0.126105 0.0174972 0 0 0.153625 0.143602 
168400 0.0100531 0.126066 0.0174316 0 0 0.153498 0.143497 
168600 0.0100303 0.126027 0.017366 0 0 0.15337 0.143393 
168800 0.0100076 0.125988 0.0173005 0 0 0.153243 0.143288 
169000 0.00998481 0.125948 0.0172349 0 0 0.153115 0.143183 
169200 0.00996287 0.125908 0.0171739 0 0 0.152997 0.143083 
169400 0.00994092 0.125868 0.0171129 0 0 0.152879 0.142983 
169600 0.00991897 0.125828 0.0170518 0 0 0.15276 0.142883 
169800 0.00989702 0.125788 0.0169908 0 0 0.152642 0.142783 
170000 0.00987508 0.125748 0.0169298 0 0 0.152524 0.142682 
170200 0.00985313 0.125708 0.0168688 0 0 0.152405 0.142582 
170400 0.00983118 0.125668 0.0168078 0 0 0.152287 0.142482 
170600 0.00980924 0.125628 0.0167468 0 0 0.152168 0.142382 
170800 0.00978729 0.125588 0.0166857 0 0 0.15205 0.142282 
171000 0.00976534 0.125548 0.0166247 0 0 0.151932 0.142182 
171200 0.00974339 0.125508 0.0165637 0 0 0.151813 0.142081 
171400 0.00972145 0.125468 0.0165027 0 0 0.151695 0.141981 
171600 0.0096995 0.125427 0.0164417 0 0 0.151576 0.141881 
171800 0.00967755 0.125387 0.0163807 0 0 0.151458 0.141781 
172000 0.0096556 0.125347 0.0163197 0 0 0.15134 0.141681 
172200 0.00963366 0.125307 0.0162586 0 0 0.151221 0.14158 
172400 0.00961207 0.125268 0.0161995 0 0 0.151102 0.141482 
172600 0.00959086 0.125228 0.0161421 0 0 0.150983 0.141384 
172800 0.00956964 0.125189 0.0160847 0 0 0.150864 0.141287 
173000 0.00954842 0.12515 0.0160273 0 0 0.150745 0.141189 
173200 0.0095272 0.125111 0.01597 0 0 0.150625 0.141092 
173400 0.00950598 0.125072 0.0159126 0 0 0.150506 0.140994 
173600 0.00948476 0.125033 0.0158552 0 0 0.150387 0.140897 
173800 0.00946354 0.124994 0.0157978 0 0 0.150267 0.1408 
174000 0.00944233 0.124954 0.0157405 0 0 0.150148 0.140702 
174200 0.00942111 0.124915 0.0156831 0 0 0.150029 0.140605 
174400 0.00939989 0.124876 0.0156257 0 0 0.149909 0.140507 
174600 0.00937867 0.124837 0.0155684 0 0 0.14979 0.14041 
174800 0.00935745 0.124798 0.015511 0 0 0.149671 0.140312 
175000 0.00933623 0.124759 0.0154536 0 0 0.149552 0.140215 
175200 0.00931501 0.124719 0.0153962 0 0 0.149432 0.140117 
175400 0.0092938 0.12468 0.0153389 0 0 0.149313 0.14002 
175600 0.00927258 0.124641 0.0152815 0 0 0.149194 0.139923 
175800 0.00925334 0.124603 0.0152307 0 0 0.149085 0.139833 
176000 0.00923411 0.124566 0.0151798 0 0 0.148977 0.139744 
176200 0.00921488 0.124528 0.015129 0 0 0.148869 0.139655 
176400 0.00919564 0.12449 0.0150782 0 0 0.148761 0.139565 
176600 0.00917641 0.124452 0.0150273 0 0 0.148653 0.139476 
176800 0.00915718 0.124414 0.0149765 0 0 0.148545 0.139387 
177000 0.00913794 0.124377 0.0149257 0 0 0.148436 0.139298 
177200 0.00911871 0.124339 0.0148748 0 0 0.148328 0.139208 
177400 0.00909948 0.124301 0.014824 0 0 0.14822 0.139119 
177600 0.00908024 0.124263 0.0147732 0 0 0.148112 0.13903 
177800 0.00906101 0.124226 0.0147224 0 0 0.148004 0.13894 
178000 0.00904178 0.124188 0.0146715 0 0 0.147895 0.138851 
178200 0.00902254 0.12415 0.0146207 0 0 0.147787 0.138762 
178400 0.00900331 0.124112 0.0145699 0 0 0.147679 0.138672 
178600 0.00898408 0.124074 0.014519 0 0 0.147571 0.138583 
178800 0.00896484 0.124037 0.0144682 0 0 0.147463 0.138494 
179000 0.00894561 0.123999 0.0144174 0 0 0.147354 0.138405 
179200 0.00892668 0.123961 0.014368 0 0 0.147248 0.138317 
179400 0.00890805 0.123922 0.01432 0 0 0.147143 0.138231 
179600 0.00888941 0.123883 0.014272 0 0 0.147039 0.138145 
179800 0.00887078 0.123845 0.014224 0 0 0.146934 0.138059 
180000 0.00885215 0.123806 0.014176 0 0 0.146829 0.137974 
180200 0.00883352 0.123767 0.014128 0 0 0.146724 0.137888 
180400 0.00881488 0.123729 0.01408 0 0 0.146619 0.137802 
180600 0.00879625 0.12369 0.014032 0 0 0.146515 0.137716 
180800 0.00877762 0.123652 0.013984 0 0 0.14641 0.13763 
181000 0.00875899 0.123613 0.013936 0 0 0.146305 0.137544 
181200 0.00874035 0.123574 0.013888 0 0 0.1462 0.137458 
181400 0.00872172 0.123536 0.01384 0 0 0.146096 0.137372 
181600 0.00870309 0.123497 0.013792 0 0 0.145991 0.137287 
181800 0.00868446 0.123458 0.013744 0 0 0.145886 0.137201 
182000 0.00866583 0.12342 0.013696 0 0 0.145781 0.137115 
182200 0.00864719 0.123381 0.013648 0 0 0.145677 0.137029 
182400 0.00862856 0.123342 0.0136 0 0 0.145572 0.136943 
182600 0.00860993 0.123304 0.013552 0 0 0.145467 0.136857 
182800 0.00859207 0.123266 0.0135069 0 0 0.145366 0.136774 
183000 0.00857421 0.123228 0.0134618 0 0 0.145265 0.136691 
183200 0.00855635 0.12319 0.0134168 0 0 0.145163 0.136607 
183400 0.00853849 0.123153 0.0133717 0 0 0.145062 0.136524 
183600 0.00852063 0.123115 0.0133266 0 0 0.144961 0.136441 
183800 0.00850277 0.123077 0.0132815 0 0 0.144859 0.136358 
184000 0.00848491 0.123039 0.0132365 0 0 0.144758 0.136274 
184200 0.00846705 0.123002 0.0131914 0 0 0.144657 0.136191 
184400 0.00844919 0.122964 0.0131463 0 0 0.144555 0.136108 
184600 0.00843133 0.122926 0.0131012 0 0 0.144454 0.136024 
184800 0.00841347 0.122888 0.0130561 0 0 0.144353 0.135941 
185000 0.00839561 0.12285 0.0130111 0 0 0.144251 0.135858 
185200 0.00837775 0.122813 0.012966 0 0 0.14415 0.135775 
185400 0.0083599 0.122775 0.0129209 0 0 0.144049 0.135691 
185600 0.00834204 0.122737 0.0128758 0 0 0.143947 0.135608 
185800 0.00832418 0.122699 0.0128307 0 0 0.143846 0.135525 
186000 0.00830632 0.122662 0.0127857 0 0 0.143745 0.135441 
186200 0.00828918 0.122624 0.012743 0 0 0.143648 0.135362 
186400 0.00827278 0.122588 0.0127028 0 0 0.143555 0.135285 
186600 0.00825637 0.122551 0.0126626 0 0 0.143463 0.135209 
186800 0.00823996 0.122515 0.0126224 0 0 0.14337 0.135133 
187000 0.00822356 0.122478 0.0125822 0 0 0.143277 0.135056 
187200 0.00820715 0.122442 0.012542 0 0 0.143185 0.13498 
187400 0.00819074 0.122405 0.0125018 0 0 0.143092 0.134903 
187600 0.00817434 0.122369 0.0124616 0 0 0.143 0.134827 
187800 0.00815793 0.122332 0.0124214 0 0 0.142907 0.134751 
188000 0.00814152 0.122295 0.0123812 0 0 0.142815 0.134674 
188200 0.00812511 0.122259 0.012341 0 0 0.142722 0.134598 
188400 0.00810871 0.122222 0.0123008 0 0 0.142629 0.134522 
188600 0.0080923 0.122186 0.0122606 0 0 0.142537 0.134445 
188800 0.00807589 0.122149 0.0122204 0 0 0.142444 0.134369 
189000 0.00805949 0.122113 0.0121802 0 0 0.142352 0.134293 
189200 0.00804308 0.122076 0.01214 0 0 0.142259 0.134216 
189400 0.00802667 0.12204 0.0120997 0 0 0.142166 0.13414 
189600 0.00801027 0.122003 0.0120595 0 0 0.142074 0.134064 
189800 0.00799386 0.121966 0.0120193 0 0 0.141981 0.133987 
190000 0.0079781 0.12193 0.0119816 0 0 0.141891 0.133913 
190200 0.00796235 0.121893 0.0119438 0 0 0.141801 0.133838 
190400 0.00794659 0.121857 0.011906 0 0 0.141711 0.133763 
190600 0.00793083 0.12182 0.0118683 0 0 0.141621 0.133688 
190800 0.00791507 0.121784 0.0118305 0 0 0.14153 0.133614 
191000 0.00789932 0.121747 0.0117927 0 0 0.14144 0.133539 
191200 0.00788356 0.121711 0.011755 0 0 0.14135 0.133464 
191400 0.0078678 0.121674 0.0117172 0 0 0.14126 0.13339 
191600 0.00785205 0.121638 0.0116794 0 0 0.14117 0.133315 
191800 0.00783629 0.121601 0.0116417 0 0 0.14108 0.13324 
192000 0.00782053 0.121564 0.0116039 0 0 0.140989 0.133165 
192200 0.00780478 0.121528 0.0115661 0 0 0.140899 0.133091 
192400 0.00778902 0.121491 0.0115284 0 0 0.140809 0.133016 
192600 0.00777326 0.121455 0.0114906 0 0 0.140719 0.132941 
192800 0.0077575 0.121418 0.0114528 0 0 0.140629 0.132866 
193000 0.00774175 0.121382 0.011415 0 0 0.140539 0.132792 
193200 0.00772599 0.121345 0.0113773 0 0 0.140449 0.132717 
193400 0.00771023 0.121309 0.0113395 0 0 0.140358 0.132642 
193600 0.00769496 0.121272 0.0113033 0 0 0.140271 0.13257 
193800 0.00768017 0.121236 0.0112688 0 0 0.140185 0.132499 
194000 0.00766538 0.121199 0.0112342 0 0 0.1401 0.132429 
194200 0.00765059 0.121163 0.0111997 0 0 0.140014 0.132359 
194400 0.00763581 0.121127 0.0111651 0 0 0.139929 0.132288 
194600 0.00762102 0.12109 0.0111305 0 0 0.139844 0.132218 
194800 0.00760623 0.121054 0.011096 0 0 0.139758 0.132147 
195000 0.00759144 0.121017 0.0110614 0 0 0.139673 0.132077 
195200 0.00757665 0.120981 0.0110269 0 0 0.139587 0.132007 
195400 0.00756186 0.120945 0.0109923 0 0 0.139502 0.131936 
195600 0.00754707 0.120908 0.0109577 0 0 0.139416 0.131866 
195800 0.00753228 0.120872 0.0109232 0 0 0.139331 0.131795 
196000 0.00751749 0.120836 0.0108886 0 0 0.139246 0.131725 
196200 0.00750271 0.120799 0.0108541 0 0 0.13916 0.131655 
196400 0.00748792 0.120763 0.0108195 0 0 0.139075 0.131584 
196600 0.00747313 0.120726 0.0107849 0 0 0.138989 0.131514 
196800 0.00745834 0.12069 0.0107504 0 0 0.138904 0.131444 
197000 0.00744355 0.120654 0.0107158 0 0 0.138819 0.131373 
197200 0.00742876 0.120617 0.0106813 0 0 0.138733 0.131303 
197400 0.00741419 0.120581 0.0106476 0 0 0.138649 0.131233 
197600 0.00739983 0.120546 0.0106149 0 0 0.138565 0.131164 
197800 0.00738547 0.12051 0.0105822 0 0 0.138482 0.131095 
198000 0.00737111 0.120474 0.0105495 0 0 0.138398 0.131026 
198200 0.00735676 0.120439 0.0105167 0 0 0.138315 0.130957 
198400 0.0073424 0.120403 0.010484 0 0 0.138231 0.130888 
198600 0.00732804 0.120368 0.0104513 0 0 0.138148 0.130819 
198800 0.00731368 0.120332 0.0104186 0 0 0.138064 0.13075 
199000 0.00729932 0.120296 0.0103858 0 0 0.137981 0.130681 
199200 0.00728496 0.120261 0.0103531 0 0 0.137897 0.130612 
199400 0.00727061 0.120225 0.0103204 0 0 0.137814 0.130543 
199600 0.00725625 0.120189 0.0102877 0 0 0.13773 0.130474 
199800 0.00724189 0.120154 0.0102549 0 0 0.137647 0.130405 
200000 0.00722753 0.120118 0.0102222 0 0 0.137564 0.130336 
