1000 2.28395 0.0115819 4412.61 0 0 4413.93 4412.61 
1200 2.20288 0.0151743 2732.18 0 0 2734.23 2732.18 
1400 2.12629 0.0189841 1816.33 0 0 1818.7 1816.33 
1600 2.04856 0.0228638 1268.64 0 0 1270.74 1268.66 
1800 1.97006 0.0267634 920.049 0 0 922.109 920.055 
2000 1.89213 0.0306934 687.954 0 0 689.801 687.96 
2200 1.81654 0.0346417 527.455 0 0 529.254 527.473 
2400 1.74331 0.0385689 413.508 0 0 415.267 413.514 
2600 1.67253 0.0424657 330.28 0 0 332.005 330.349 
2800 1.60535 0.0462915 268.04 0 0 269.677 268.086 
3000 1.54039 0.0500365 220.489 0 0 222.096 220.513 
3200 1.47827 0.0536739 183.383 0 0 184.954 183.458 
3400 1.41889 0.0572128 154.232 0 0 155.671 154.278 
3600 1.36148 0.06063 130.883 0 0 132.304 130.941 
3800 1.30636 0.0638957 112.07 0 0 113.449 112.14 
4000 1.25217 0.0670703 96.6716 0 0 97.9948 96.742 
4200 1.20103 0.0701053 413.762 0 0 415.064 413.82 
4400 1.15351 0.0730283 368.188 0 0 369.41 368.235 
4600 1.1095 0.075827 328.935 0 0 330.137 329.036 
4800 1.06807 0.0785111 295.047 0 0 296.223 295.155 
5000 1.02847 0.0810777 265.43 0 0 266.55 265.478 
5200 0.991138 0.0835284 239.485 0 0 240.586 239.598 
5400 0.955498 0.085869 216.59 0 0 217.627 216.705 
5600 0.922064 0.0880921 196.483 0 0 197.503 196.547 
5800 0.890324 0.0902278 178.765 0 0 179.721 178.833 
6000 0.86035 0.0922751 163.058 0 0 163.995 163.18 
6200 0.832234 0.0942202 149.319 0 0 150.247 149.383 
6400 0.805532 0.0960885 136.935 0 0 137.852 137.054 
6600 0.78029 0.0978571 126.055 0 0 126.937 126.152 
6800 0.756441 0.0995679 116.236 0 0 117.078 116.303 
7000 0.733947 0.101202 107.452 0 0 108.287 107.555 
7200 0.712619 0.102764 99.4818 0 0 100.31 99.5526 
7400 0.692333 0.104271 92.3324 0 0 93.1268 92.4346 
7600 0.67308 0.105714 85.8191 0 0 86.5749 85.9393 
7800 0.654905 0.107081 79.9128 0 0 80.712 80.0438 
8000 0.637442 0.108418 74.5174 0 0 75.2609 74.6485 
8200 0.620998 0.109689 69.66 0 0 70.3535 69.7329 
8400 0.605144 0.110927 65.1077 0 0 65.8408 65.2226 
8600 0.590125 0.112099 60.9948 0 0 61.6968 61.1089 
8800 0.575733 0.113238 57.2113 0 0 57.8974 57.3215 
9000 0.561985 0.114334 53.7261 0 0 54.405 53.8418 
9200 0.548792 0.11539 50.5171 0 0 51.1831 50.6352 
9400 0.53614 0.116412 47.5522 0 0 48.2052 47.6712 
9600 0.523921 0.117411 44.8073 0 0 45.451 44.9268 
9800 0.512215 0.118368 42.2711 0 0 42.8986 42.3849 
10000 0.500991 0.119303 39.9227 0 0 40.5414 40.0424 
10200 0.490389 0.1202 37.7951 0 0 38.4039 37.9149 
10400 0.479503 0.121114 35.6827 0 0 36.2869 35.8028 
10600 0.469733 0.121944 33.8627 0 0 34.4533 33.9846 
10800 0.4601 0.122752 32.1323 0 0 32.7151 32.2559 
11000 0.450658 0.12356 30.4923 0 0 31.0659 30.6145 
11200 0.441334 0.124374 28.9346 0 0 29.5002 29.0583 
11400 0.432489 0.125137 27.5076 0 0 28.0654 27.6312 
11600 0.42409 0.125871 26.2035 0 0 26.7539 26.3276 
11800 0.415699 0.126605 24.9382 0 0 25.4811 25.0629 
12000 0.40764 0.127315 23.7615 0 0 24.2945 23.8866 
12200 0.39992 0.128002 22.6731 0 0 23.1955 22.7986 
12400 0.39215 0.128689 21.6118 0 0 22.1278 21.7384 
12600 0.385002 0.129329 20.6647 0 0 21.1789 20.7965 
12800 0.377717 0.12998 19.7357 0 0 20.2435 19.8638 
13000 0.370664 0.130617 18.8644 0 0 19.3655 18.9946 
13200 0.363897 0.131232 18.0519 0 0 18.5465 18.1851 
13400 0.357356 0.131827 17.2883 0 0 17.7773 17.4218 
13600 0.350862 0.132405 16.5589 0 0 17.0464 16.6928 
13800 0.344676 0.132973 15.8855 0 0 16.3638 16.0196 
14000 0.338587 0.133535 15.2389 0 0 15.7091 15.3735 
14200 0.332589 0.134088 14.6176 0 0 15.0826 14.7526 
14400 0.326847 0.134621 14.0432 0 0 14.5069 14.1784 
14600 0.321128 0.135151 13.4933 0 0 13.9491 13.6288 
14800 0.315515 0.135671 12.9649 0 0 13.4137 13.1006 
15000 0.310087 0.136174 12.4611 0 0 12.9087 12.597 
15200 0.304812 0.136665 11.9939 0 0 12.4366 12.1301 
15400 0.299624 0.137153 11.5418 0 0 11.9792 11.6801 
15600 0.294598 0.137631 11.1105 0 0 11.5426 11.2531 
15800 0.289752 0.13809 10.716 0 0 11.1433 10.8554 
16000 0.284958 0.138543 10.332 0 0 10.7543 10.4693 
16200 0.28023 0.138989 9.96069 0 0 10.378 10.0982 
16400 0.275532 0.139439 9.60378 0 0 10.0194 9.74151 
16600 0.270961 0.139876 9.26175 0 0 9.67527 9.39972 
16800 0.266676 0.140281 8.94852 0 0 9.3575 9.08666 
17000 0.262413 0.14069 8.64555 0 0 9.05 8.7863 
17200 0.258161 0.141102 8.34811 0 0 8.74802 8.49279 
17400 0.254011 0.1415 8.07021 0 0 8.46548 8.21148 
17600 0.249977 0.141892 7.80184 0 0 8.1926 7.94095 
17800 0.246157 0.142273 7.55115 0 0 7.93766 7.6904 
18000 0.24237 0.14264 7.30932 0 0 7.69156 7.44878 
18200 0.238605 0.142998 7.0734 0 0 7.45137 7.2131 
18400 0.23491 0.143359 6.84711 0 0 7.22371 6.98697 
18600 0.231255 0.143717 6.62495 0 0 7.00055 6.76514 
18800 0.22784 0.144052 6.42463 0 0 6.79794 6.56701 
19000 0.224435 0.144385 6.22713 0 0 6.59762 6.37126 
19200 0.221063 0.144714 6.03807 0 0 6.40421 6.18266 
19400 0.217738 0.145037 5.85309 0 0 6.21555 5.99799 
19600 0.214486 0.145353 5.6742 0 0 6.03404 5.81924 
19800 0.211333 0.145661 5.50486 0 0 5.86186 5.65024 
20000 0.208263 0.145964 5.34331 0 0 5.69731 5.48923 
20200 0.205266 0.146264 5.18996 0 0 5.54146 5.33615 
20400 0.202307 0.146554 5.03854 0 0 5.38723 5.18484 
20600 0.199427 0.146834 4.89466 0 0 5.24073 5.04127 
20800 0.19659 0.147108 4.75483 0 0 5.09838 4.90186 
21000 0.193833 0.147371 4.6223 0 0 4.96343 4.76956 
21200 0.191118 0.147629 4.4937 0 0 4.83247 4.64107 
21400 0.188481 0.147884 4.37101 0 0 4.70732 4.51866 
21600 0.185897 0.148136 4.25226 0 0 4.58605 4.4003 
21800 0.183349 0.148386 4.13674 0 0 4.46812 4.28504 
22000 0.180839 0.148632 4.02447 0 0 4.35354 4.17287 
22200 0.17837 0.148872 3.91563 0 0 4.24256 4.06428 
22400 0.17596 0.149101 3.81193 0 0 4.13697 3.96106 
22600 0.173583 0.149326 3.71024 0 0 4.03333 3.85974 
22800 0.171302 0.14954 3.61454 0 0 3.93551 3.76414 
23000 0.169025 0.149753 3.51922 0 0 3.83807 3.66892 
23200 0.16683 0.149964 3.43109 0 0 3.74786 3.58088 
23400 0.164634 0.150176 3.34296 0 0 3.65764 3.49284 
23600 0.162534 0.150375 3.25996 0 0 3.57277 3.41016 
23800 0.160458 0.150571 3.17823 0 0 3.48923 3.32882 
24000 0.158425 0.150764 3.09958 0 0 3.40883 3.25052 
24200 0.156435 0.150953 3.02401 0 0 3.33157 3.17526 
24400 0.154457 0.151141 2.94931 0 0 3.25515 3.10085 
24600 0.152543 0.151316 2.87959 0 0 3.18344 3.03124 
24800 0.150629 0.151492 2.80986 0 0 3.11172 2.96164 
25000 0.148761 0.151663 2.74297 0 0 3.04327 2.89479 
25200 0.146907 0.151834 2.67702 0 0 2.97589 2.82886 
25400 0.145101 0.151999 2.61326 0 0 2.91066 2.76515 
25600 0.143386 0.152153 2.55355 0 0 2.84942 2.70553 
25800 0.14167 0.152307 2.49384 0 0 2.78817 2.64592 
26000 0.139983 0.152457 2.43697 0 0 2.72973 2.58931 
26200 0.1383 0.152606 2.38061 0 0 2.67178 2.53323 
26400 0.136652 0.152753 2.32605 0 0 2.61564 2.47887 
26600 0.135066 0.152896 2.27483 0 0 2.56285 2.42772 
26800 0.13348 0.15304 2.22361 0 0 2.51006 2.37657 
27000 0.13194 0.153173 2.17444 0 0 2.45957 2.32766 
27200 0.130416 0.153303 2.12596 0 0 2.40985 2.27951 
27400 0.128905 0.153431 2.07817 0 0 2.36079 2.232 
27600 0.127468 0.153554 2.03433 0 0 2.31545 2.1882 
27800 0.126031 0.153676 1.99049 0 0 2.27011 2.14439 
28000 0.124611 0.153795 1.94772 0 0 2.22596 2.10166 
28200 0.123211 0.153908 1.90626 0 0 2.18329 2.06025 
28400 0.121811 0.154022 1.8648 0 0 2.14061 2.01884 
28600 0.120466 0.154136 1.82602 0 0 2.10068 1.98026 
28800 0.119139 0.15425 1.78812 0 0 2.06167 1.94263 
29000 0.117812 0.154364 1.75022 0 0 2.02265 1.90499 
29200 0.116561 0.154458 1.71509 0 0 1.98637 1.86991 
29400 0.115314 0.154551 1.6801 0 0 1.95023 1.83496 
29600 0.114069 0.154644 1.64529 0 0 1.91426 1.8002 
29800 0.112851 0.154741 1.61212 0 0 1.87991 1.76706 
30000 0.111632 0.154839 1.57894 0 0 1.84556 1.73392 
30200 0.110433 0.154926 1.54714 0 0 1.81265 1.70215 
30400 0.10929 0.155009 1.51703 0 0 1.78145 1.67208 
30600 0.108146 0.155093 1.48693 0 0 1.75025 1.64202 
30800 0.107021 0.155175 1.45743 0 0 1.71967 1.61261 
31000 0.105939 0.155253 1.42934 0 0 1.69051 1.58475 
31200 0.104856 0.155332 1.40125 0 0 1.66136 1.55688 
31400 0.103787 0.155407 1.37393 0 0 1.63304 1.52973 
31600 0.102752 0.155477 1.34839 0 0 1.60666 1.50422 
31800 0.101717 0.155547 1.32285 0 0 1.58028 1.47871 
32000 0.100692 0.155617 1.2976 0 0 1.55415 1.45349 
32200 0.0997023 0.155687 1.27351 0 0 1.52904 1.42942 
32400 0.098713 0.155757 1.24942 0 0 1.50393 1.40535 
32600 0.0977275 0.155825 1.22555 0 0 1.47906 1.3815 
32800 0.0967761 0.155882 1.20361 0 0 1.45632 1.35958 
33000 0.0958247 0.155938 1.18168 0 0 1.43358 1.33766 
33200 0.0948733 0.155994 1.15974 0 0 1.41085 1.31575 
33400 0.093974 0.15605 1.13918 0 0 1.38932 1.2952 
33600 0.0930805 0.156106 1.11876 0 0 1.36793 1.2748 
33800 0.0921871 0.156161 1.09835 0 0 1.34655 1.2544 
34000 0.0913187 0.156209 1.07878 0 0 1.32613 1.23496 
34200 0.0904637 0.156253 1.05965 0 0 1.30624 1.21603 
34400 0.0896088 0.156296 1.04053 0 0 1.28636 1.1971 
34600 0.0887648 0.15634 1.022 0 0 1.26706 1.1787 
34800 0.0879412 0.156385 1.00457 0 0 1.24888 1.16128 
35000 0.0871176 0.156429 0.987133 0 0 1.2307 1.14385 
35200 0.086294 0.156473 0.9697 0 0 1.21252 1.12643 
35400 0.0855099 0.156507 0.953329 0 0 1.19541 1.11006 
35600 0.0847278 0.156541 0.937015 0 0 1.17836 1.09375 
35800 0.0839458 0.156575 0.920701 0 0 1.16131 1.07744 
36000 0.0831932 0.156606 0.905169 0 0 1.14506 1.06191 
36200 0.0824645 0.156637 0.890278 0 0 1.12946 1.04702 
36400 0.0817359 0.156667 0.875386 0 0 1.11386 1.03213 
36600 0.0810073 0.156698 0.860494 0 0 1.09826 1.01725 
36800 0.0802956 0.156727 0.8465 0 0 1.08357 1.00325 
37000 0.0795839 0.156756 0.832506 0 0 1.06887 0.989253 
37200 0.0788722 0.156784 0.818512 0 0 1.05418 0.975257 
37400 0.078179 0.15681 0.805081 0 0 1.04006 0.961825 
37600 0.0775084 0.156831 0.792337 0 0 1.02664 0.949084 
37800 0.0768378 0.156853 0.779594 0 0 1.01322 0.936343 
38000 0.0761672 0.156874 0.76685 0 0 0.999803 0.923602 
38200 0.0755257 0.15689 0.754801 0 0 0.987222 0.911676 
38400 0.0748914 0.156904 0.742926 0 0 0.97485 0.899954 
38600 0.0742572 0.156919 0.731051 0 0 0.962477 0.888231 
38800 0.0736239 0.156933 0.719217 0 0 0.950139 0.876535 
39000 0.073009 0.156948 0.708181 0 0 0.938445 0.865335 
39200 0.0723942 0.156962 0.697145 0 0 0.926752 0.854136 
39400 0.0717793 0.156977 0.686109 0 0 0.915058 0.842936 
39600 0.0711748 0.156989 0.675313 0 0 0.903595 0.832101 
39800 0.0705943 0.156997 0.665079 0 0 0.89267 0.822116 
40000 0.0700138 0.157005 0.654845 0 0 0.881746 0.81213 
40200 0.0694467 0.157009 0.644904 0 0 0.871269 0.802187 
40400 0.068886 0.157013 0.635203 0 0 0.861061 0.79248 
40600 0.0683349 0.157019 0.625862 0 0 0.851258 0.783126 
40800 0.0677838 0.157025 0.61652 0 0 0.841454 0.773771 
41000 0.0672326 0.157032 0.607179 0 0 0.83165 0.764417 
41200 0.0666923 0.157036 0.598115 0 0 0.82205 0.755326 
41400 0.066165 0.157037 0.589391 0 0 0.8127 0.746558 
41600 0.0656378 0.157039 0.580666 0 0 0.80335 0.73779 
41800 0.0651106 0.15704 0.571942 0 0 0.794 0.729022 
42000 0.0645961 0.15704 0.563529 0 0 0.785029 0.720583 
42200 0.0640973 0.157039 0.555496 0 0 0.776524 0.712547 
42400 0.0635985 0.157037 0.547464 0 0 0.768018 0.704511 
42600 0.0630997 0.157036 0.539432 0 0 0.759512 0.696474 
42800 0.0626076 0.157033 0.531594 0 0 0.751199 0.688635 
43000 0.062128 0.157027 0.524117 0 0 0.743243 0.681159 
43200 0.0616484 0.157021 0.51664 0 0 0.735288 0.673684 
43400 0.0611688 0.157016 0.509163 0 0 0.727333 0.666208 
43600 0.0606952 0.157009 0.501823 0 0 0.719517 0.658865 
43800 0.0602461 0.157001 0.495026 0 0 0.712259 0.652049 
44000 0.0597969 0.156992 0.488228 0 0 0.705001 0.645233 
44200 0.0593477 0.156984 0.481431 0 0 0.697743 0.638417 
44400 0.0588986 0.156976 0.474634 0 0 0.690485 0.631601 
44600 0.0584612 0.156961 0.468185 0 0 0.683587 0.62513 
44800 0.0580252 0.156946 0.461774 0 0 0.676729 0.618698 
45000 0.0575892 0.15693 0.455364 0 0 0.669871 0.612265 
45200 0.0571532 0.156915 0.448953 0 0 0.663013 0.605833 
45400 0.0567339 0.156899 0.442886 0 0 0.65651 0.599752 
45600 0.0563259 0.156883 0.437048 0 0 0.650243 0.593905 
45800 0.0559178 0.156866 0.431209 0 0 0.643976 0.588059 
46000 0.0555097 0.15685 0.42537 0 0 0.637709 0.582212 
46200 0.0551041 0.156834 0.419591 0 0 0.631504 0.576424 
46400 0.0547124 0.156818 0.414144 0 0 0.62565 0.570966 
46600 0.0543206 0.156802 0.408697 0 0 0.619796 0.565508 
46800 0.0539288 0.156786 0.40325 0 0 0.613942 0.56005 
47000 0.0535371 0.15677 0.397803 0 0 0.608088 0.554592 
47200 0.0531577 0.15675 0.39264 0 0 0.602524 0.549401 
47400 0.0527851 0.156727 0.38763 0 0 0.597115 0.544353 
47600 0.0524124 0.156705 0.38262 0 0 0.591707 0.539306 
47800 0.0520397 0.156683 0.37761 0 0 0.586298 0.534258 
48000 0.051668 0.156661 0.372619 0 0 0.58091 0.52923 
48200 0.0513145 0.156639 0.367987 0 0 0.575919 0.524585 
48400 0.0509609 0.156617 0.363356 0 0 0.570927 0.519939 
48600 0.0506073 0.156596 0.358724 0 0 0.565936 0.515293 
48800 0.0502537 0.156574 0.354092 0 0 0.560944 0.510647 
49000 0.0499063 0.156551 0.349587 0 0 0.556077 0.506124 
49200 0.0495703 0.156527 0.345317 0 0 0.55144 0.50183 
49400 0.0492344 0.156504 0.341047 0 0 0.546804 0.497535 
49600 0.0488985 0.15648 0.336777 0 0 0.542167 0.493241 
49800 0.0485625 0.156456 0.332507 0 0 0.53753 0.488946 
50000 0.0482308 0.156421 0.328301 0 0 0.53297 0.484709 
50200 0.0479096 0.156393 0.324347 0 0 0.528662 0.480725 
50400 0.0475883 0.156365 0.320393 0 0 0.524354 0.476742 
50600 0.047267 0.156337 0.316438 0 0 0.520045 0.472758 
50800 0.0469457 0.156309 0.312484 0 0 0.515737 0.468774 
51000 0.0466366 0.156281 0.30875 0 0 0.511668 0.46501 
51200 0.0463328 0.156252 0.305109 0 0 0.507702 0.461339 
51400 0.0460289 0.156223 0.301469 0 0 0.503735 0.457669 
51600 0.0457251 0.156194 0.297829 0 0 0.499769 0.453999 
51800 0.0454212 0.156165 0.294188 0 0 0.495803 0.450328 
52000 0.0451262 0.156132 0.290723 0 0 0.492008 0.446834 
52200 0.0448351 0.156098 0.287332 0 0 0.488287 0.443414 
52400 0.0445439 0.156063 0.283941 0 0 0.484566 0.439995 
52600 0.0442527 0.156029 0.28055 0 0 0.480845 0.436575 
52800 0.0439615 0.155994 0.277159 0 0 0.477124 0.433156 
53000 0.0436813 0.155962 0.273959 0 0 0.473606 0.42992 
53200 0.0434071 0.155932 0.270862 0 0 0.470196 0.426783 
53400 0.0431328 0.155902 0.267765 0 0 0.466786 0.423646 
53600 0.0428586 0.155872 0.264668 0 0 0.463376 0.420509 
53800 0.0425844 0.155842 0.261571 0 0 0.459966 0.417372 
54000 0.0423143 0.155808 0.258564 0 0 0.456653 0.414328 
54200 0.0420493 0.155769 0.255666 0 0 0.453459 0.411396 
54400 0.0417844 0.15573 0.252769 0 0 0.450265 0.408464 
54600 0.0415194 0.155691 0.249871 0 0 0.447071 0.405533 
54800 0.0412544 0.155652 0.246973 0 0 0.443876 0.402601 
55000 0.0409922 0.155614 0.24412 0 0 0.440728 0.399714 
55200 0.0407408 0.155579 0.241443 0 0 0.437762 0.397006 
55400 0.0404895 0.155544 0.238765 0 0 0.434797 0.394298 
55600 0.0402381 0.155509 0.236088 0 0 0.431831 0.39159 
55800 0.0399867 0.155475 0.233411 0 0 0.428865 0.388882 
56000 0.0397354 0.15544 0.230734 0 0 0.425899 0.386173 
56200 0.0394968 0.155401 0.228247 0 0 0.423132 0.383642 
56400 0.0392605 0.155362 0.225793 0 0 0.420399 0.381143 
56600 0.0390242 0.155322 0.22334 0 0 0.417666 0.378643 
56800 0.0387879 0.155283 0.220886 0 0 0.414933 0.376143 
57000 0.0385516 0.155243 0.218433 0 0 0.412201 0.373643 
57200 0.0383188 0.155204 0.216042 0 0 0.409535 0.371212 
57400 0.0380924 0.155163 0.213769 0 0 0.406995 0.368906 
57600 0.037866 0.155122 0.211495 0 0 0.404456 0.3666 
57800 0.0376396 0.155081 0.209221 0 0 0.401916 0.364294 
58000 0.0374132 0.15504 0.206948 0 0 0.399376 0.361989 
58200 0.0371868 0.154999 0.204674 0 0 0.396835 0.359683 
58400 0.0369689 0.154959 0.202531 0 0 0.394439 0.357498 
58600 0.0367538 0.154919 0.200431 0 0 0.39209 0.355353 
58800 0.0365386 0.154879 0.198331 0 0 0.389742 0.353208 
59000 0.0363235 0.154839 0.196231 0 0 0.387393 0.351063 
59200 0.0361084 0.154799 0.194131 0 0 0.385044 0.348918 
59400 0.0358935 0.154758 0.192037 0 0 0.3827 0.346778 
59600 0.035684 0.154713 0.190044 0 0 0.380441 0.344744 
59800 0.0354745 0.154668 0.188051 0 0 0.378182 0.34271 
60000 0.035265 0.154622 0.186058 0 0 0.375924 0.340677 
60200 0.0350644 0.154578 0.18417 0 0 0.373795 0.338734 
60400 0.0348637 0.154535 0.182282 0 0 0.371666 0.336791 
60600 0.0346642 0.154491 0.180415 0 0 0.369559 0.334874 
60800 0.034468 0.154448 0.178613 0 0 0.367518 0.333035 
61000 0.0342718 0.154405 0.17681 0 0 0.365478 0.331196 
61200 0.0340756 0.154363 0.175008 0 0 0.363437 0.329358 
61400 0.0338794 0.15432 0.173206 0 0 0.361396 0.327519 
61600 0.0336832 0.154277 0.171404 0 0 0.359356 0.32568 
61800 0.033491 0.154232 0.169654 0 0 0.35737 0.323891 
62000 0.0333064 0.154185 0.168001 0 0 0.355485 0.322195 
62200 0.0331219 0.154137 0.166348 0 0 0.3536 0.320498 
62400 0.0329373 0.154089 0.164695 0 0 0.351716 0.318801 
62600 0.0327527 0.154041 0.163042 0 0 0.349831 0.317105 
62800 0.0325681 0.153994 0.161389 0 0 0.347946 0.315408 
63000 0.0323858 0.153947 0.159772 0 0 0.346101 0.313746 
63200 0.0322087 0.153902 0.158239 0 0 0.344348 0.312165 
63400 0.0320316 0.153857 0.156705 0 0 0.342595 0.310584 
63600 0.0318545 0.153812 0.155172 0 0 0.340842 0.309003 
63800 0.0316774 0.153767 0.153639 0 0 0.339088 0.307422 
64000 0.0315003 0.153722 0.152106 0 0 0.337335 0.305841 
64200 0.0313246 0.153676 0.15059 0 0 0.335599 0.304276 
64400 0.0311563 0.153628 0.149173 0 0 0.333957 0.302803 
64600 0.030988 0.15358 0.147756 0 0 0.332316 0.30133 
64800 0.0308197 0.153532 0.146339 0 0 0.330675 0.299857 
65000 0.0306515 0.153484 0.144922 0 0 0.329033 0.298384 
65200 0.0304832 0.153436 0.143505 0 0 0.327392 0.296911 
65400 0.0303149 0.153388 0.142088 0 0 0.32575 0.295438 
65600 0.030155 0.153337 0.140772 0 0 0.324225 0.294075 
65800 0.029996 0.153286 0.139467 0 0 0.322712 0.292724 
66000 0.029837 0.153235 0.138162 0 0 0.321199 0.291373 
66200 0.0296781 0.153185 0.136858 0 0 0.319687 0.290022 
66400 0.0295191 0.153134 0.135553 0 0 0.318174 0.288671 
66600 0.0293601 0.153083 0.134248 0 0 0.316661 0.28732 
66800 0.0292051 0.153034 0.132993 0 0 0.315205 0.286018 
67000 0.0290539 0.152987 0.131786 0 0 0.313804 0.284765 
67200 0.0289028 0.152941 0.13058 0 0 0.312403 0.283512 
67400 0.0287517 0.152894 0.129373 0 0 0.311002 0.282259 
67600 0.0286006 0.152847 0.128167 0 0 0.309601 0.281006 
67800 0.0284495 0.1528 0.12696 0 0 0.3082 0.279753 
68000 0.0282984 0.152753 0.125753 0 0 0.306799 0.2785 
68200 0.0281539 0.152703 0.124636 0 0 0.30549 0.277338 
68400 0.0280098 0.152652 0.123524 0 0 0.304185 0.276179 
68600 0.0278656 0.152601 0.122411 0 0 0.30288 0.275021 
68800 0.0277215 0.152551 0.121299 0 0 0.301576 0.273863 
69000 0.0275774 0.1525 0.120186 0 0 0.300271 0.272705 
69200 0.0274332 0.152449 0.119074 0 0 0.298966 0.271547 
69400 0.0272912 0.152399 0.117986 0 0 0.297684 0.27041 
69600 0.027154 0.152348 0.116955 0 0 0.296455 0.269321 
69800 0.0270168 0.152297 0.115925 0 0 0.295226 0.268233 
70000 0.0268796 0.152246 0.114895 0 0 0.293996 0.267145 
70200 0.0267424 0.152195 0.113864 0 0 0.292767 0.266056 
70400 0.0266053 0.152145 0.112834 0 0 0.291538 0.264968 
70600 0.0264681 0.152094 0.111803 0 0 0.290309 0.263879 
70800 0.0263346 0.152042 0.110816 0 0 0.289135 0.262836 
71000 0.0262041 0.151989 0.109863 0 0 0.288008 0.26183 
71200 0.0260737 0.151935 0.108911 0 0 0.28688 0.260823 
71400 0.0259432 0.151882 0.107958 0 0 0.285753 0.259817 
71600 0.0258128 0.151829 0.107005 0 0 0.284625 0.258811 
71800 0.0256823 0.151776 0.106053 0 0 0.283498 0.257805 
72000 0.0255519 0.151723 0.1051 0 0 0.28237 0.256798 
72200 0.0254261 0.15167 0.104196 0 0 0.281288 0.255844 
72400 0.0253027 0.151617 0.103318 0 0 0.280231 0.254918 
72600 0.0251794 0.151564 0.102439 0 0 0.279174 0.253992 
72800 0.0250561 0.151511 0.101561 0 0 0.278116 0.253066 
73000 0.0249328 0.151458 0.100683 0 0 0.277059 0.25214 
73200 0.0248094 0.151405 0.0998042 0 0 0.276001 0.251214 
73400 0.0246861 0.151352 0.0989259 0 0 0.274944 0.250288 
73600 0.0245665 0.151299 0.0980902 0 0 0.273935 0.249401 
73800 0.0244495 0.151247 0.0972831 0 0 0.272958 0.248539 
74000 0.0243324 0.151194 0.0964759 0 0 0.271981 0.247678 
74200 0.0242153 0.151141 0.0956687 0 0 0.271004 0.246816 
74400 0.0240982 0.151089 0.0948615 0 0 0.270027 0.245954 
74600 0.0239811 0.151036 0.0940544 0 0 0.26905 0.245093 
74800 0.0238641 0.150983 0.0932472 0 0 0.268073 0.244231 
75000 0.0237491 0.150931 0.0924618 0 0 0.26712 0.243391 
75200 0.0236372 0.150878 0.091709 0 0 0.266203 0.242582 
75400 0.0235254 0.150825 0.0909563 0 0 0.265285 0.241774 
75600 0.0234135 0.150772 0.0902035 0 0 0.264368 0.240965 
75800 0.0233017 0.15072 0.0894508 0 0 0.263451 0.240157 
76000 0.0231898 0.150667 0.088698 0 0 0.262533 0.239348 
76200 0.023078 0.150614 0.0879453 0 0 0.261616 0.238539 
76400 0.0229668 0.150562 0.0871987 0 0 0.260706 0.237738 
76600 0.022862 0.150509 0.0865083 0 0 0.259864 0.237002 
76800 0.0227571 0.150457 0.0858178 0 0 0.259021 0.236265 
77000 0.0226523 0.150405 0.0851273 0 0 0.258179 0.235529 
77200 0.0225474 0.150353 0.0844369 0 0 0.257337 0.234792 
77400 0.0224426 0.150301 0.0837464 0 0 0.256494 0.234056 
77600 0.0223377 0.150249 0.0830559 0 0 0.255652 0.233319 
77800 0.0222329 0.150197 0.0823655 0 0 0.254809 0.232583 
78000 0.0221301 0.150143 0.0817102 0 0 0.253998 0.231872 
78200 0.0220288 0.150088 0.0810784 0 0 0.253207 0.231179 
78400 0.0219274 0.150034 0.0804465 0 0 0.252416 0.230485 
78600 0.0218261 0.149979 0.0798147 0 0 0.251625 0.229792 
78800 0.0217248 0.149924 0.0791829 0 0 0.250834 0.229098 
79000 0.0216234 0.14987 0.0785511 0 0 0.250043 0.228404 
79200 0.0215221 0.149815 0.0779193 0 0 0.249253 0.227711 
79400 0.0214207 0.149761 0.0772874 0 0 0.248462 0.227017 
79600 0.0213249 0.149706 0.0766777 0 0 0.247708 0.226372 
79800 0.021229 0.149652 0.076068 0 0 0.246953 0.225726 
80000 0.0211331 0.149598 0.0754583 0 0 0.246199 0.22508 
80200 0.0210389 0.149544 0.0748737 0 0 0.245465 0.224443 
80400 0.0209447 0.149489 0.0742892 0 0 0.24473 0.223806 
80600 0.0208504 0.149435 0.0737046 0 0 0.243995 0.223169 
80800 0.0207562 0.14938 0.07312 0 0 0.243261 0.222531 
81000 0.0206629 0.149326 0.0725466 0 0 0.242538 0.221904 
81200 0.0205723 0.149272 0.0720066 0 0 0.241854 0.221304 
81400 0.0204818 0.149218 0.0714666 0 0 0.24117 0.220705 
81600 0.0203913 0.149165 0.0709266 0 0 0.240486 0.220105 
81800 0.0203008 0.149111 0.0703866 0 0 0.239802 0.219506 
82000 0.0202103 0.149057 0.0698466 0 0 0.239118 0.218907 
82200 0.0201197 0.149003 0.0693066 0 0 0.238433 0.218307 
82400 0.0200292 0.14895 0.0687666 0 0 0.237749 0.217708 
82600 0.0199402 0.148895 0.068238 0 0 0.237077 0.217121 
82800 0.0198546 0.148838 0.0677361 0 0 0.236435 0.216564 
83000 0.019769 0.148781 0.0672341 0 0 0.235792 0.216007 
83200 0.0196834 0.148725 0.0667322 0 0 0.235149 0.215451 
83400 0.0195979 0.148668 0.0662302 0 0 0.234506 0.214894 
83600 0.0195123 0.148611 0.0657283 0 0 0.233863 0.214337 
83800 0.0194267 0.148554 0.0652264 0 0 0.233221 0.21378 
84000 0.0193411 0.148497 0.0647244 0 0 0.232578 0.213223 
84200 0.0192566 0.148442 0.0642331 0 0 0.231947 0.212678 
84400 0.0191751 0.148388 0.0637734 0 0 0.231351 0.212168 
84600 0.0190935 0.148335 0.0633137 0 0 0.230755 0.211658 
84800 0.019012 0.148282 0.062854 0 0 0.230159 0.211149 
85000 0.0189305 0.148229 0.0623943 0 0 0.229563 0.210639 
85200 0.018849 0.148175 0.0619346 0 0 0.228967 0.210129 
85400 0.0187675 0.148122 0.061475 0 0 0.228372 0.209619 
85600 0.018686 0.148069 0.0610153 0 0 0.227776 0.20911 
85800 0.0186045 0.148016 0.0605556 0 0 0.22718 0.2086 
86000 0.0185264 0.147961 0.0601264 0 0 0.226621 0.208108 
86200 0.0184483 0.147906 0.0596972 0 0 0.226062 0.207617 
86400 0.0183701 0.147851 0.059268 0 0 0.225502 0.207125 
86600 0.018292 0.147797 0.0588388 0 0 0.224943 0.206634 
86800 0.0182139 0.147742 0.0584095 0 0 0.224384 0.206143 
87000 0.0181357 0.147687 0.0579803 0 0 0.223825 0.205651 
87200 0.0180576 0.147632 0.0575511 0 0 0.223266 0.20516 
87400 0.0179795 0.147577 0.0571219 0 0 0.222706 0.204668 
87600 0.0179047 0.147523 0.0567157 0 0 0.222169 0.204208 
87800 0.0178317 0.147468 0.0563218 0 0 0.221643 0.203765 
88000 0.0177587 0.147413 0.0559279 0 0 0.221118 0.203321 
88200 0.0176857 0.147358 0.055534 0 0 0.220592 0.202878 
88400 0.0176128 0.147303 0.0551401 0 0 0.220066 0.202435 
88600 0.0175398 0.147248 0.0547462 0 0 0.219541 0.201991 
88800 0.0174668 0.147193 0.0543524 0 0 0.219015 0.201548 
89000 0.0173938 0.147138 0.0539585 0 0 0.218489 0.201105 
89200 0.0173212 0.147083 0.0535678 0 0 0.217968 0.200664 
89400 0.017252 0.147027 0.0532058 0 0 0.217484 0.200245 
89600 0.0171827 0.146971 0.0528439 0 0 0.217 0.199826 
89800 0.0171135 0.146914 0.0524819 0 0 0.216515 0.199407 
90000 0.0170443 0.146858 0.0521199 0 0 0.216031 0.198989 
90200 0.016975 0.146801 0.051758 0 0 0.215547 0.19857 
90400 0.0169058 0.146745 0.051396 0 0 0.215063 0.198151 
90600 0.0168366 0.146689 0.051034 0 0 0.214579 0.197732 
90800 0.0167673 0.146632 0.0506721 0 0 0.214095 0.197313 
91000 0.0166992 0.146577 0.0503195 0 0 0.213619 0.196905 
91200 0.0166329 0.146523 0.0499843 0 0 0.21316 0.196516 
91400 0.0165667 0.146469 0.0496492 0 0 0.2127 0.196126 
91600 0.0165005 0.146414 0.049314 0 0 0.21224 0.195737 
91800 0.0164342 0.14636 0.0489788 0 0 0.21178 0.195347 
92000 0.016368 0.146306 0.0486437 0 0 0.211321 0.194958 
92200 0.0163018 0.146252 0.0483085 0 0 0.210861 0.194569 
92400 0.0162356 0.146198 0.0479734 0 0 0.210401 0.194179 
92600 0.0161693 0.146144 0.0476382 0 0 0.209942 0.19379 
92800 0.0161048 0.146089 0.047314 0 0 0.209497 0.193412 
93000 0.0160423 0.146034 0.0470033 0 0 0.209071 0.193048 
93200 0.0159799 0.145979 0.0466926 0 0 0.208645 0.192685 
93400 0.0159174 0.145924 0.0463818 0 0 0.208219 0.192321 
93600 0.015855 0.145869 0.0460711 0 0 0.207792 0.191957 
93800 0.0157925 0.145814 0.0457604 0 0 0.207366 0.191594 
94000 0.01573 0.145758 0.0454496 0 0 0.20694 0.19123 
94200 0.0156676 0.145703 0.0451389 0 0 0.206514 0.190866 
94400 0.0156051 0.145648 0.0448282 0 0 0.206088 0.190502 
94600 0.0155438 0.145593 0.0445275 0 0 0.205671 0.190147 
94800 0.0154843 0.145538 0.0442419 0 0 0.205267 0.189805 
95000 0.0154247 0.145484 0.0439564 0 0 0.204864 0.189463 
95200 0.0153652 0.145429 0.0436708 0 0 0.204461 0.189121 
95400 0.0153056 0.145374 0.0433852 0 0 0.204057 0.188779 
95600 0.0152461 0.14532 0.0430996 0 0 0.203654 0.188437 
95800 0.0151865 0.145265 0.042814 0 0 0.203251 0.188095 
96000 0.015127 0.145211 0.0425285 0 0 0.202848 0.187752 
96200 0.0150675 0.145156 0.0422429 0 0 0.202444 0.18741 
96400 0.0150085 0.145101 0.0419605 0 0 0.202046 0.187072 
96600 0.0149526 0.145046 0.0416963 0 0 0.201677 0.186754 
96800 0.0148968 0.144991 0.0414321 0 0 0.201307 0.186437 
97000 0.014841 0.144936 0.0411678 0 0 0.200938 0.186119 
97200 0.0147852 0.144881 0.0409036 0 0 0.200569 0.185802 
97400 0.0147293 0.144826 0.0406394 0 0 0.200199 0.185484 
97600 0.0146735 0.144771 0.0403752 0 0 0.19983 0.185167 
97800 0.0146177 0.144716 0.0401109 0 0 0.199461 0.184849 
98000 0.0145618 0.144661 0.0398467 0 0 0.199091 0.184532 
98200 0.014506 0.144606 0.0395825 0 0 0.198722 0.184214 
98400 0.0144518 0.144551 0.0393333 0 0 0.198363 0.183909 
98600 0.0143981 0.144497 0.0390891 0 0 0.198008 0.183607 
98800 0.0143444 0.144443 0.038845 0 0 0.197652 0.183305 
99000 0.0142907 0.144388 0.0386008 0 0 0.197297 0.183003 
99200 0.014237 0.144334 0.0383566 0 0 0.196941 0.182701 
99400 0.0141833 0.14428 0.0381124 0 0 0.196586 0.182399 
99600 0.0141296 0.144225 0.0378683 0 0 0.19623 0.182097 
99800 0.0140759 0.144171 0.0376241 0 0 0.195875 0.181795 
100000 0.0140223 0.144117 0.0373799 0 0 0.195519 0.181494 
100200 0.0139757 0.144075 0.0371783 0 0 0.195212 0.181265 
100400 0.0139237 0.144018 0.0369468 0 0 0.194874 0.180976 
100600 0.0138716 0.143962 0.0367153 0 0 0.194536 0.180687 
100800 0.0138196 0.143905 0.0364838 0 0 0.194197 0.180399 
101000 0.0137676 0.143849 0.0362523 0 0 0.193859 0.18011 
101200 0.0137156 0.143793 0.0360208 0 0 0.193521 0.179821 
101400 0.0136636 0.143736 0.0357893 0 0 0.193183 0.179532 
101600 0.0136116 0.14368 0.0355579 0 0 0.192845 0.179243 
101800 0.0135595 0.143624 0.0353263 0 0 0.192506 0.178954 
102000 0.0135075 0.143567 0.0350949 0 0 0.192168 0.178666 
102200 0.0134577 0.143511 0.0348755 0 0 0.191844 0.178391 
102400 0.0134101 0.143456 0.0346682 0 0 0.191535 0.17813 
102600 0.0133625 0.143401 0.0344609 0 0 0.191226 0.177868 
102800 0.0133149 0.143345 0.0342536 0 0 0.190917 0.177607 
103000 0.0132673 0.14329 0.0340463 0 0 0.190607 0.177346 
103200 0.0132197 0.143235 0.033839 0 0 0.190298 0.177085 
103400 0.0131721 0.143179 0.0336317 0 0 0.189989 0.176824 
103600 0.0131245 0.143124 0.0334244 0 0 0.18968 0.176563 
103800 0.0130769 0.143069 0.0332171 0 0 0.18937 0.176302 
104000 0.0130293 0.143013 0.0330099 0 0 0.189061 0.17604 
104200 0.0129835 0.142959 0.0328135 0 0 0.188765 0.175791 
104400 0.0129395 0.142907 0.0326281 0 0 0.188482 0.175552 
104600 0.0128955 0.142855 0.0324427 0 0 0.188199 0.175314 
104800 0.0128516 0.142803 0.0322574 0 0 0.187916 0.175076 
105000 0.0128076 0.142751 0.032072 0 0 0.187633 0.174837 
105200 0.0127636 0.142699 0.0318866 0 0 0.187349 0.174599 
105400 0.0127197 0.142647 0.0317012 0 0 0.187066 0.17436 
105600 0.0126757 0.142594 0.0315158 0 0 0.186783 0.174122 
105800 0.0126317 0.142542 0.0313304 0 0 0.1865 0.173884 
106000 0.0125878 0.14249 0.031145 0 0 0.186217 0.173645 
106200 0.0125438 0.142438 0.0309596 0 0 0.185934 0.173407 
106400 0.0124992 0.142382 0.0307763 0 0 0.185651 0.17317 
106600 0.0124547 0.142326 0.0305931 0 0 0.185367 0.172933 
106800 0.0124101 0.14227 0.0304098 0 0 0.185084 0.172696 
107000 0.0123656 0.142214 0.0302265 0 0 0.1848 0.172459 
107200 0.012321 0.142158 0.0300432 0 0 0.184517 0.172222 
107400 0.0122765 0.142102 0.0298599 0 0 0.184234 0.171984 
107600 0.0122319 0.142046 0.0296766 0 0 0.18395 0.171747 
107800 0.0121874 0.14199 0.0294933 0 0 0.183667 0.17151 
108000 0.0121428 0.141934 0.02931 0 0 0.183384 0.171273 
108200 0.0120983 0.141878 0.0291268 0 0 0.1831 0.171036 
108400 0.0120593 0.141828 0.0289704 0 0 0.182853 0.170827 
108600 0.0120202 0.141778 0.0288141 0 0 0.182607 0.170617 
108800 0.0119812 0.141727 0.0286578 0 0 0.18236 0.170408 
109000 0.0119422 0.141677 0.0285015 0 0 0.182113 0.170198 
109200 0.0119032 0.141627 0.0283452 0 0 0.181867 0.169989 
109400 0.0118641 0.141576 0.0281888 0 0 0.18162 0.169779 
109600 0.0118251 0.141526 0.0280325 0 0 0.181373 0.16957 
109800 0.0117861 0.141476 0.0278762 0 0 0.181127 0.16936 
110000 0.011747 0.141425 0.0277199 0 0 0.18088 0.169151 
110200 0.011708 0.141375 0.0275636 0 0 0.180633 0.168941 
110400 0.011669 0.141325 0.0274073 0 0 0.180387 0.168732 
110600 0.0116291 0.141271 0.0272525 0 0 0.18014 0.168523 
110800 0.0115892 0.141217 0.0270978 0 0 0.179893 0.168315 
111000 0.0115492 0.141163 0.0269431 0 0 0.179646 0.168106 
111200 0.0115093 0.141109 0.0267884 0 0 0.179399 0.167897 
111400 0.0114694 0.141055 0.0266337 0 0 0.179152 0.167689 
111600 0.0114295 0.141002 0.026479 0 0 0.178905 0.16748 
111800 0.0113896 0.140948 0.0263243 0 0 0.178658 0.167272 
112000 0.0113496 0.140894 0.0261695 0 0 0.178411 0.167063 
112200 0.0113097 0.14084 0.0260148 0 0 0.178164 0.166855 
112400 0.0112698 0.140786 0.0258601 0 0 0.177917 0.166646 
112600 0.0112318 0.140732 0.0257135 0 0 0.177678 0.166445 
112800 0.0111957 0.140679 0.025575 0 0 0.177448 0.166251 
113000 0.0111596 0.140625 0.0254365 0 0 0.177218 0.166058 
113200 0.0111235 0.140572 0.0252979 0 0 0.176987 0.165864 
113400 0.0110874 0.140518 0.0251594 0 0 0.176757 0.16567 
113600 0.0110513 0.140464 0.0250209 0 0 0.176527 0.165477 
113800 0.0110152 0.140411 0.0248824 0 0 0.176296 0.165283 
114000 0.0109791 0.140357 0.0247439 0 0 0.176066 0.165089 
114200 0.010943 0.140304 0.0246053 0 0 0.175836 0.164896 
114400 0.0109069 0.14025 0.0244668 0 0 0.175606 0.164702 
114600 0.0108708 0.140196 0.0243283 0 0 0.175375 0.164508 
114800 0.0108359 0.140144 0.0241966 0 0 0.175155 0.164324 
115000 0.0108021 0.140093 0.0240718 0 0 0.174945 0.16415 
115200 0.0107683 0.140041 0.023947 0 0 0.174736 0.163975 
115400 0.0107345 0.13999 0.0238222 0 0 0.174526 0.1638 
115600 0.0107007 0.139939 0.0236974 0 0 0.174316 0.163625 
115800 0.0106669 0.139888 0.0235726 0 0 0.174106 0.163451 
116000 0.0106331 0.139836 0.0234478 0 0 0.173896 0.163276 
116200 0.0105993 0.139785 0.023323 0 0 0.173687 0.163101 
116400 0.0105655 0.139734 0.0231982 0 0 0.173477 0.162926 
116600 0.0105317 0.139682 0.0230734 0 0 0.173267 0.162751 
116800 0.0104979 0.139631 0.0229486 0 0 0.173057 0.162577 
117000 0.0104641 0.13958 0.0228238 0 0 0.172847 0.162402 
117200 0.0104302 0.139526 0.0227008 0 0 0.172641 0.162225 
117400 0.0103964 0.139472 0.0225778 0 0 0.172434 0.162049 
117600 0.0103625 0.139417 0.0224548 0 0 0.172227 0.161872 
117800 0.0103286 0.139363 0.0223318 0 0 0.17202 0.161695 
118000 0.0102947 0.139309 0.0222088 0 0 0.171814 0.161519 
118200 0.0102609 0.139255 0.0220858 0 0 0.171607 0.161342 
118400 0.010227 0.139201 0.0219628 0 0 0.1714 0.161165 
118600 0.0101931 0.139147 0.0218398 0 0 0.171193 0.160989 
118800 0.0101592 0.139093 0.0217168 0 0 0.170986 0.160812 
119000 0.0101254 0.139038 0.0215938 0 0 0.17078 0.160635 
119200 0.0100915 0.138984 0.0214708 0 0 0.170573 0.160459 
119400 0.0100611 0.138935 0.0213648 0 0 0.170383 0.160301 
119600 0.0100308 0.138885 0.0212589 0 0 0.170194 0.160144 
119800 0.0100004 0.138835 0.021153 0 0 0.170004 0.159986 
120000 0.00997003 0.138786 0.021047 0 0 0.169815 0.159829 
120200 0.00993967 0.138736 0.0209411 0 0 0.169625 0.159671 
120400 0.00990931 0.138686 0.0208352 0 0 0.169436 0.159514 
120600 0.00987895 0.138637 0.0207293 0 0 0.169246 0.159356 
120800 0.00984859 0.138587 0.0206233 0 0 0.169057 0.159199 
121000 0.00981823 0.138537 0.0205174 0 0 0.168867 0.159042 
121200 0.00978787 0.138488 0.0204115 0 0 0.168678 0.158884 
121400 0.00975751 0.138438 0.0203055 0 0 0.168488 0.158727 
121600 0.00972715 0.138389 0.0201996 0 0 0.168299 0.158569 
121800 0.00969813 0.138338 0.0201005 0 0 0.16812 0.158422 
122000 0.0096691 0.138288 0.0200014 0 0 0.167941 0.158274 
122200 0.00964007 0.138238 0.0199022 0 0 0.167762 0.158127 
122400 0.00961105 0.138188 0.0198031 0 0 0.167583 0.15798 
122600 0.00958202 0.138138 0.019704 0 0 0.167404 0.157832 
122800 0.00955299 0.138088 0.0196048 0 0 0.167225 0.157685 
123000 0.00952397 0.138038 0.0195057 0 0 0.167046 0.157537 
123200 0.00949494 0.137987 0.0194066 0 0 0.166867 0.15739 
123400 0.00946592 0.137937 0.0193074 0 0 0.166688 0.157243 
123600 0.00943689 0.137887 0.0192083 0 0 0.166509 0.157095 
123800 0.00940786 0.137837 0.0191091 0 0 0.16633 0.156948 
124000 0.00937883 0.137787 0.01901 0 0 0.166151 0.1568 
124200 0.0093505 0.137736 0.0189162 0 0 0.165981 0.156653 
124400 0.00932217 0.137685 0.0188223 0 0 0.165812 0.156505 
124600 0.00929383 0.137633 0.0187285 0 0 0.165642 0.156358 
124800 0.0092655 0.137582 0.0186347 0 0 0.165473 0.156211 
125000 0.00923716 0.137531 0.0185408 0 0 0.165303 0.156063 
125200 0.00920883 0.13748 0.018447 0 0 0.165134 0.155916 
125400 0.00918049 0.137429 0.0183531 0 0 0.164964 0.155768 
125600 0.00915216 0.137378 0.0182593 0 0 0.164795 0.155621 
125800 0.00912382 0.137327 0.0181655 0 0 0.164625 0.155474 
126000 0.00909549 0.137275 0.0180716 0 0 0.164456 0.155326 
126200 0.00906715 0.137224 0.0179778 0 0 0.164286 0.155179 
126400 0.00903882 0.137173 0.0178839 0 0 0.164117 0.155031 
126600 0.00901176 0.137121 0.0177959 0 0 0.163949 0.154894 
126800 0.0089847 0.137069 0.0177078 0 0 0.163781 0.154757 
127000 0.00895764 0.137017 0.0176197 0 0 0.163613 0.154619 
127200 0.00893058 0.136965 0.0175317 0 0 0.163445 0.154482 
127400 0.00890351 0.136912 0.0174436 0 0 0.163277 0.154344 
127600 0.00887646 0.13686 0.0173556 0 0 0.163109 0.154207 
127800 0.00884939 0.136808 0.0172675 0 0 0.162941 0.15407 
128000 0.00882233 0.136756 0.0171794 0 0 0.162773 0.153932 
128200 0.00879527 0.136704 0.0170914 0 0 0.162605 0.153795 
128400 0.00876821 0.136652 0.0170033 0 0 0.162437 0.153657 
128600 0.00874115 0.1366 0.0169152 0 0 0.162269 0.15352 
128800 0.00871409 0.136547 0.0168272 0 0 0.162101 0.153383 
129000 0.00869026 0.136498 0.0167507 0 0 0.161949 0.153256 
129200 0.00866642 0.136449 0.0166743 0 0 0.161798 0.153129 
129400 0.00864259 0.1364 0.0165978 0 0 0.161646 0.153002 
129600 0.00861876 0.136351 0.0165214 0 0 0.161494 0.152875 
129800 0.00859493 0.136302 0.0164449 0 0 0.161342 0.152749 
130000 0.0085711 0.136253 0.0163685 0 0 0.16119 0.152622 
130200 0.00854727 0.136204 0.016292 0 0 0.161038 0.152495 
130400 0.00852344 0.136155 0.0162155 0 0 0.160887 0.152368 
130600 0.0084996 0.136106 0.0161391 0 0 0.160735 0.152241 
130800 0.00847577 0.136057 0.0160626 0 0 0.160583 0.152114 
131000 0.00845194 0.136008 0.0159862 0 0 0.160431 0.151988 
131200 0.00842811 0.135959 0.0159097 0 0 0.160279 0.151861 
131400 0.00840428 0.13591 0.0158333 0 0 0.160128 0.151734 
131600 0.00837972 0.135861 0.0157583 0 0 0.159981 0.151611 
131800 0.00835515 0.135811 0.0156834 0 0 0.159834 0.151489 
132000 0.00833059 0.135762 0.0156084 0 0 0.159687 0.151366 
132200 0.00830602 0.135713 0.0155335 0 0 0.15954 0.151243 
132400 0.00828146 0.135664 0.0154585 0 0 0.159394 0.15112 
132600 0.0082569 0.135615 0.0153835 0 0 0.159247 0.150998 
132800 0.00823233 0.135566 0.0153086 0 0 0.1591 0.150875 
133000 0.00820777 0.135517 0.0152336 0 0 0.158953 0.150752 
133200 0.00818321 0.135468 0.0151587 0 0 0.158806 0.150629 
133400 0.00815864 0.135419 0.0150837 0 0 0.15866 0.150507 
133600 0.00813408 0.13537 0.0150087 0 0 0.158513 0.150384 
133800 0.00810952 0.13532 0.0149338 0 0 0.158366 0.150261 
134000 0.00808647 0.135272 0.0148637 0 0 0.158225 0.150143 
134200 0.00806493 0.135225 0.0147985 0 0 0.158089 0.15003 
134400 0.0080434 0.135178 0.0147333 0 0 0.157954 0.149917 
134600 0.00802186 0.135131 0.0146681 0 0 0.157818 0.149804 
134800 0.00800032 0.135083 0.0146029 0 0 0.157683 0.14969 
135000 0.00797879 0.135036 0.0145377 0 0 0.157547 0.149577 
135200 0.00795725 0.134989 0.0144725 0 0 0.157412 0.149464 
135400 0.00793572 0.134942 0.0144073 0 0 0.157276 0.149351 
135600 0.00791418 0.134894 0.0143421 0 0 0.157141 0.149237 
135800 0.00789264 0.134847 0.0142769 0 0 0.157005 0.149124 
136000 0.00787111 0.1348 0.0142116 0 0 0.15687 0.149011 
136200 0.00784957 0.134753 0.0141464 0 0 0.156734 0.148898 
136400 0.00782804 0.134705 0.0140812 0 0 0.156599 0.148785 
136600 0.0078065 0.134658 0.014016 0 0 0.156463 0.148671 
136800 0.0077848 0.134609 0.0139527 0 0 0.156331 0.14856 
137000 0.00776309 0.134559 0.0138893 0 0 0.1562 0.148448 
137200 0.00774139 0.13451 0.0138259 0 0 0.156068 0.148337 
137400 0.00771969 0.13446 0.0137626 0 0 0.155936 0.148225 
137600 0.00769799 0.13441 0.0136992 0 0 0.155804 0.148114 
137800 0.00767628 0.134361 0.0136358 0 0 0.155672 0.148002 
138000 0.00765458 0.134311 0.0135724 0 0 0.15554 0.147891 
138200 0.00763288 0.134262 0.0135091 0 0 0.155408 0.147779 
138400 0.00761118 0.134212 0.0134457 0 0 0.155276 0.147668 
138600 0.00758947 0.134163 0.0133823 0 0 0.155144 0.147556 
138800 0.00756777 0.134113 0.013319 0 0 0.155012 0.147444 
139000 0.00754607 0.134064 0.0132556 0 0 0.15488 0.147333 
139200 0.00752437 0.134014 0.0131922 0 0 0.154749 0.147221 
139400 0.00750423 0.133965 0.0131345 0 0 0.154621 0.147113 
139600 0.00748409 0.133915 0.0130767 0 0 0.154494 0.147004 
139800 0.00746394 0.133866 0.013019 0 0 0.154367 0.146895 
140000 0.0074438 0.133816 0.0129613 0 0 0.15424 0.146786 
140200 0.00742366 0.133767 0.0129035 0 0 0.154113 0.146678 
140400 0.00740352 0.133717 0.0128458 0 0 0.153986 0.146569 
140600 0.00738338 0.133668 0.012788 0 0 0.153859 0.14646 
140800 0.00736324 0.133619 0.0127303 0 0 0.153732 0.146351 
141000 0.0073431 0.133569 0.0126726 0 0 0.153605 0.146243 
141200 0.00732296 0.13352 0.0126148 0 0 0.153478 0.146134 
141400 0.00730282 0.13347 0.0125571 0 0 0.153351 0.146025 
141600 0.00728268 0.133421 0.0124993 0 0 0.153224 0.145916 
141800 0.00726253 0.133371 0.0124416 0 0 0.153097 0.145808 
142000 0.00724308 0.133323 0.0123867 0 0 0.152975 0.145705 
142200 0.00722432 0.133277 0.0123346 0 0 0.152856 0.145608 
142400 0.00720555 0.13323 0.0122825 0 0 0.152738 0.145512 
142600 0.00718679 0.133184 0.0122304 0 0 0.15262 0.145415 
142800 0.00716803 0.133138 0.0121783 0 0 0.152502 0.145318 
143000 0.00714926 0.133091 0.0121262 0 0 0.152384 0.145221 
143200 0.0071305 0.133045 0.0120741 0 0 0.152265 0.145125 
143400 0.00711173 0.132998 0.0120221 0 0 0.152147 0.145028 
143600 0.00709297 0.132952 0.01197 0 0 0.152029 0.144931 
143800 0.0070742 0.132905 0.0119179 0 0 0.151911 0.144835 
144000 0.00705544 0.132859 0.0118658 0 0 0.151793 0.144738 
144200 0.00703668 0.132813 0.0118137 0 0 0.151675 0.144641 
144400 0.00701791 0.132766 0.0117616 0 0 0.151556 0.144544 
144600 0.00699915 0.13272 0.0117095 0 0 0.151438 0.144448 
144800 0.00698072 0.132673 0.0116588 0 0 0.151322 0.144351 
145000 0.00696261 0.132627 0.0116094 0 0 0.151208 0.144255 
145200 0.00694451 0.132581 0.0115601 0 0 0.151094 0.144159 
145400 0.00692641 0.132534 0.0115107 0 0 0.15098 0.144063 
145600 0.00690831 0.132488 0.0114613 0 0 0.150867 0.143966 
145800 0.0068902 0.132441 0.0114119 0 0 0.150753 0.14387 
146000 0.0068721 0.132395 0.0113626 0 0 0.150639 0.143774 
146200 0.006854 0.132348 0.0113132 0 0 0.150525 0.143677 
146400 0.0068359 0.132302 0.0112638 0 0 0.150411 0.143581 
146600 0.00681779 0.132256 0.0112145 0 0 0.150297 0.143485 
146800 0.00679969 0.132209 0.0111651 0 0 0.150183 0.143389 
147000 0.00678159 0.132163 0.0111157 0 0 0.150069 0.143292 
147200 0.00676349 0.132116 0.0110664 0 0 0.149955 0.143196 
147400 0.00674539 0.13207 0.011017 0 0 0.149842 0.1431 
147600 0.006728 0.132024 0.0109702 0 0 0.149731 0.143007 
147800 0.00671132 0.131978 0.0109259 0 0 0.149624 0.142919 
148000 0.00669464 0.131932 0.0108817 0 0 0.149516 0.14283 
148200 0.00667796 0.131887 0.0108374 0 0 0.149409 0.142742 
148400 0.00666128 0.131841 0.0107932 0 0 0.149302 0.142653 
148600 0.0066446 0.131795 0.0107489 0 0 0.149194 0.142565 
148800 0.00662792 0.13175 0.0107047 0 0 0.149087 0.142476 
149000 0.00661124 0.131704 0.0106604 0 0 0.14898 0.142387 
149200 0.00659456 0.131658 0.0106162 0 0 0.148872 0.142299 
149400 0.00657789 0.131612 0.0105719 0 0 0.148765 0.14221 
149600 0.00656121 0.131567 0.0105277 0 0 0.148657 0.142122 
149800 0.00654453 0.131521 0.0104834 0 0 0.14855 0.142033 
150000 0.00652785 0.131475 0.0104392 0 0 0.148443 0.141945 
150200 0.00651004 0.131424 0.0103921 0 0 0.148319 0.141821 
150400 0.00649223 0.131373 0.010345 0 0 0.148196 0.141698 
150600 0.00647651 0.131329 0.0103044 0 0 0.148094 0.141616 
150800 0.00646079 0.131285 0.0102637 0 0 0.147992 0.141534 
151000 0.00644507 0.131242 0.0102231 0 0 0.147889 0.141452 
151200 0.00642935 0.131198 0.0101824 0 0 0.147787 0.141371 
151400 0.00641363 0.131154 0.0101418 0 0 0.147685 0.141289 
151600 0.00639791 0.131111 0.0101012 0 0 0.147582 0.141207 
151800 0.00638219 0.131067 0.0100605 0 0 0.14748 0.141125 
152000 0.00636647 0.131023 0.0100199 0 0 0.147378 0.141043 
152200 0.00635075 0.130979 0.00997923 0 0 0.147276 0.140961 
152400 0.00633503 0.130936 0.00993859 0 0 0.147173 0.14088 
152600 0.00631931 0.130892 0.00989795 0 0 0.147071 0.140798 
152800 0.00630359 0.130848 0.00985731 0 0 0.146969 0.140716 
153000 0.00628787 0.130804 0.00981667 0 0 0.146866 0.140634 
153200 0.00627215 0.130761 0.00977603 0 0 0.146764 0.140552 
153400 0.00625643 0.130717 0.00973538 0 0 0.146662 0.14047 
153600 0.00624124 0.130671 0.00969727 0 0 0.146565 0.140384 
153800 0.00622605 0.130626 0.00965915 0 0 0.146468 0.140298 
154000 0.00621086 0.13058 0.00962103 0 0 0.146371 0.140212 
154200 0.00619566 0.130534 0.00958291 0 0 0.146274 0.140125 
154400 0.00618047 0.130488 0.00954479 0 0 0.146176 0.140039 
154600 0.00616528 0.130443 0.00950667 0 0 0.146079 0.139953 
154800 0.00615009 0.130397 0.00946856 0 0 0.145982 0.139867 
155000 0.0061349 0.130351 0.00943044 0 0 0.145885 0.13978 
155200 0.00611971 0.130305 0.00939232 0 0 0.145788 0.139694 
155400 0.00610452 0.13026 0.0093542 0 0 0.145691 0.139608 
155600 0.00608933 0.130214 0.00931608 0 0 0.145594 0.139522 
155800 0.00607414 0.130168 0.00927796 0 0 0.145497 0.139436 
156000 0.00605895 0.130123 0.00923985 0 0 0.1454 0.139349 
156200 0.00604376 0.130077 0.00920173 0 0 0.145303 0.139263 
156400 0.00602857 0.130031 0.00916361 0 0 0.145206 0.139177 
156600 0.00601395 0.129986 0.0091276 0 0 0.145111 0.139097 
156800 0.00599934 0.12994 0.00909159 0 0 0.145017 0.139017 
157000 0.00598473 0.129895 0.00905559 0 0 0.144923 0.138937 
157200 0.00597012 0.12985 0.00901958 0 0 0.144829 0.138857 
157400 0.0059555 0.129804 0.00898357 0 0 0.144734 0.138778 
157600 0.00594089 0.129759 0.00894756 0 0 0.14464 0.138698 
157800 0.00592628 0.129714 0.00891155 0 0 0.144546 0.138618 
158000 0.00591166 0.129668 0.00887554 0 0 0.144452 0.138538 
158200 0.00589705 0.129623 0.00883954 0 0 0.144357 0.138458 
158400 0.00588244 0.129578 0.00880353 0 0 0.144263 0.138379 
158600 0.00586782 0.129533 0.00876752 0 0 0.144169 0.138299 
158800 0.00585321 0.129487 0.00873151 0 0 0.144075 0.138219 
159000 0.0058386 0.129442 0.0086955 0 0 0.14398 0.138139 
159200 0.00582398 0.129397 0.00865949 0 0 0.143886 0.138059 
159400 0.00580937 0.129351 0.00862349 0 0 0.143792 0.137979 
159600 0.0057957 0.129307 0.00859106 0 0 0.143702 0.137903 
159800 0.00578203 0.129263 0.00855863 0 0 0.143612 0.137826 
160000 0.00576836 0.12922 0.0085262 0 0 0.143523 0.137749 
160200 0.00575468 0.129176 0.00849377 0 0 0.143433 0.137672 
160400 0.00574101 0.129132 0.00846134 0 0 0.143343 0.137595 
160600 0.00572734 0.129088 0.00842891 0 0 0.143254 0.137518 
160800 0.00571367 0.129044 0.00839648 0 0 0.143164 0.137441 
161000 0.0057 0.129 0.00836405 0 0 0.143074 0.137365 
161200 0.00568632 0.128956 0.00833162 0 0 0.142985 0.137288 
161400 0.00567265 0.128913 0.00829919 0 0 0.142895 0.137211 
161600 0.00565898 0.128869 0.00826676 0 0 0.142805 0.137134 
161800 0.00564531 0.128825 0.00823433 0 0 0.142716 0.137057 
162000 0.00563164 0.128781 0.0082019 0 0 0.142626 0.13698 
162200 0.00561796 0.128737 0.00816947 0 0 0.142536 0.136903 
162400 0.00560429 0.128693 0.00813704 0 0 0.142447 0.136827 
162600 0.00559108 0.12865 0.00810591 0 0 0.142358 0.136752 
162800 0.00557833 0.128606 0.00807607 0 0 0.142271 0.136679 
163000 0.00556558 0.128563 0.00804623 0 0 0.142184 0.136607 
163200 0.00555282 0.12852 0.0080164 0 0 0.142096 0.136534 
163400 0.00554007 0.128477 0.00798656 0 0 0.142009 0.136461 
163600 0.00552732 0.128433 0.00795672 0 0 0.141922 0.136389 
163800 0.00551457 0.12839 0.00792688 0 0 0.141835 0.136316 
164000 0.00550182 0.128347 0.00789704 0 0 0.141748 0.136244 
164200 0.00548906 0.128304 0.00786721 0 0 0.14166 0.136171 
164400 0.00547631 0.12826 0.00783737 0 0 0.141573 0.136099 
164600 0.00546356 0.128217 0.00780753 0 0 0.141486 0.136026 
164800 0.00545081 0.128174 0.00777769 0 0 0.141399 0.135953 
165000 0.00543806 0.128131 0.00774786 0 0 0.141311 0.135881 
165200 0.0054253 0.128087 0.00771802 0 0 0.141224 0.135808 
165400 0.00541255 0.128044 0.00768818 0 0 0.141137 0.135736 
165600 0.0053998 0.128001 0.00765834 0 0 0.14105 0.135663 
165800 0.00538746 0.127959 0.00762973 0 0 0.140965 0.135592 
166000 0.00537553 0.127917 0.00760233 0 0 0.140883 0.135523 
166200 0.00536359 0.127875 0.00757494 0 0 0.140801 0.135455 
166400 0.00535166 0.127834 0.00754755 0 0 0.140719 0.135386 
166600 0.00533973 0.127792 0.00752016 0 0 0.140637 0.135317 
166800 0.0053278 0.127751 0.00749276 0 0 0.140555 0.135248 
167000 0.00531587 0.127709 0.00746537 0 0 0.140473 0.135179 
167200 0.00530394 0.127668 0.00743798 0 0 0.140391 0.13511 
167400 0.005292 0.127626 0.00741059 0 0 0.140309 0.135041 
167600 0.00528007 0.127584 0.00738319 0 0 0.140226 0.134972 
167800 0.00526814 0.127543 0.0073558 0 0 0.140144 0.134903 
168000 0.00525621 0.127501 0.00732841 0 0 0.140062 0.134834 
168200 0.00524428 0.12746 0.00730102 0 0 0.13998 0.134765 
168400 0.00523235 0.127418 0.00727362 0 0 0.139898 0.134696 
168600 0.00522041 0.127377 0.00724623 0 0 0.139816 0.134627 
168800 0.00520848 0.127335 0.00721884 0 0 0.139734 0.134559 
169000 0.00519655 0.127293 0.00719145 0 0 0.139652 0.13449 
169200 0.00518505 0.127251 0.00716595 0 0 0.139575 0.134422 
169400 0.00517354 0.127209 0.00714045 0 0 0.139498 0.134355 
169600 0.00516204 0.127167 0.00711495 0 0 0.13942 0.134287 
169800 0.00515053 0.127124 0.00708945 0 0 0.139343 0.13422 
170000 0.00513903 0.127082 0.00706396 0 0 0.139266 0.134152 
170200 0.00512752 0.12704 0.00703846 0 0 0.139188 0.134085 
170400 0.00511602 0.126997 0.00701296 0 0 0.139111 0.134017 
170600 0.00510451 0.126955 0.00698746 0 0 0.139034 0.13395 
170800 0.00509301 0.126913 0.00696196 0 0 0.138956 0.133882 
171000 0.0050815 0.12687 0.00693647 0 0 0.138879 0.133815 
171200 0.00507 0.126828 0.00691097 0 0 0.138802 0.133748 
171400 0.00505849 0.126786 0.00688547 0 0 0.138724 0.13368 
171600 0.00504699 0.126744 0.00685997 0 0 0.138647 0.133613 
171800 0.00503548 0.126701 0.00683447 0 0 0.13857 0.133545 
172000 0.00502398 0.126659 0.00680897 0 0 0.138493 0.133478 
172200 0.00501247 0.126617 0.00678348 0 0 0.138415 0.13341 
172400 0.00500116 0.126575 0.00675874 0 0 0.138338 0.133343 
172600 0.00499005 0.126533 0.00673476 0 0 0.138261 0.133277 
172800 0.00497894 0.126492 0.00671078 0 0 0.138183 0.133211 
173000 0.00496783 0.12645 0.0066868 0 0 0.138106 0.133144 
173200 0.00495672 0.126408 0.00666282 0 0 0.138029 0.133078 
173400 0.00494561 0.126367 0.00663884 0 0 0.137951 0.133011 
173600 0.0049345 0.126325 0.00661486 0 0 0.137874 0.132945 
173800 0.00492338 0.126284 0.00659088 0 0 0.137797 0.132879 
174000 0.00491227 0.126242 0.0065669 0 0 0.137719 0.132812 
174200 0.00490116 0.126201 0.00654292 0 0 0.137642 0.132746 
174400 0.00489005 0.126159 0.00651894 0 0 0.137565 0.13268 
174600 0.00487894 0.126117 0.00649496 0 0 0.137488 0.132613 
174800 0.00486783 0.126076 0.00647098 0 0 0.13741 0.132547 
175000 0.00485672 0.126034 0.006447 0 0 0.137333 0.132481 
175200 0.00484561 0.125993 0.00642302 0 0 0.137256 0.132414 
175400 0.00483449 0.125951 0.00639904 0 0 0.137178 0.132348 
175600 0.00482338 0.12591 0.00637506 0 0 0.137101 0.132281 
175800 0.00481331 0.125869 0.00635382 0 0 0.137029 0.13222 
176000 0.00480324 0.125828 0.00633258 0 0 0.136958 0.132158 
176200 0.00479317 0.125787 0.00631135 0 0 0.136886 0.132097 
176400 0.0047831 0.125746 0.00629011 0 0 0.136815 0.132035 
176600 0.00477303 0.125705 0.00626887 0 0 0.136743 0.131974 
176800 0.00476296 0.125664 0.00624764 0 0 0.136672 0.131912 
177000 0.00475289 0.125623 0.0062264 0 0 0.1366 0.131851 
177200 0.00474282 0.125582 0.00620516 0 0 0.136529 0.131789 
177400 0.00473275 0.125541 0.00618393 0 0 0.136457 0.131728 
177600 0.00472268 0.1255 0.00616269 0 0 0.136386 0.131666 
177800 0.00471261 0.125459 0.00614145 0 0 0.136314 0.131604 
178000 0.00470254 0.125419 0.00612022 0 0 0.136243 0.131543 
178200 0.00469247 0.125378 0.00609898 0 0 0.136171 0.131481 
178400 0.0046824 0.125337 0.00607774 0 0 0.1361 0.13142 
178600 0.00467232 0.125296 0.00605651 0 0 0.136028 0.131358 
178800 0.00466225 0.125255 0.00603527 0 0 0.135957 0.131297 
179000 0.00465218 0.125214 0.00601404 0 0 0.135885 0.131235 
179200 0.00464227 0.125173 0.00599339 0 0 0.135814 0.131174 
179400 0.00463253 0.125133 0.00597335 0 0 0.135744 0.131113 
179600 0.00462278 0.125093 0.0059533 0 0 0.135674 0.131051 
179800 0.00461303 0.125053 0.00593325 0 0 0.135604 0.13099 
180000 0.00460329 0.125013 0.00591321 0 0 0.135534 0.130929 
180200 0.00459354 0.124972 0.00589316 0 0 0.135464 0.130868 
180400 0.00458379 0.124932 0.00587312 0 0 0.135394 0.130807 
180600 0.00457404 0.124892 0.00585307 0 0 0.135323 0.130745 
180800 0.0045643 0.124852 0.00583302 0 0 0.135253 0.130684 
181000 0.00455455 0.124811 0.00581298 0 0 0.135183 0.130623 
181200 0.0045448 0.124771 0.00579293 0 0 0.135113 0.130562 
181400 0.00453505 0.124731 0.00577288 0 0 0.135043 0.130501 
181600 0.00452531 0.124691 0.00575284 0 0 0.134973 0.130439 
181800 0.00451556 0.12465 0.00573279 0 0 0.134903 0.130378 
182000 0.00450581 0.12461 0.00571275 0 0 0.134832 0.130317 
182200 0.00449606 0.12457 0.0056927 0 0 0.134762 0.130256 
182400 0.00448632 0.12453 0.00567265 0 0 0.134692 0.130195 
182600 0.00447657 0.12449 0.00565261 0 0 0.134622 0.130133 
182800 0.00446722 0.124449 0.00563378 0 0 0.134553 0.130074 
183000 0.00445788 0.124408 0.00561494 0 0 0.134484 0.130015 
183200 0.00444853 0.124368 0.00559611 0 0 0.134416 0.129956 
183400 0.00443919 0.124327 0.00557728 0 0 0.134347 0.129897 
183600 0.00442984 0.124287 0.00555845 0 0 0.134278 0.129838 
183800 0.0044205 0.124246 0.00553961 0 0 0.134209 0.129779 
184000 0.00441115 0.124206 0.00552078 0 0 0.134141 0.129719 
184200 0.00440181 0.124165 0.00550195 0 0 0.134072 0.12966 
184400 0.00439246 0.124124 0.00548312 0 0 0.134003 0.129601 
184600 0.00438312 0.124084 0.00546429 0 0 0.133934 0.129542 
184800 0.00437377 0.124043 0.00544545 0 0 0.133866 0.129483 
185000 0.00436443 0.124003 0.00542662 0 0 0.133797 0.129424 
185200 0.00435508 0.123962 0.00540779 0 0 0.133728 0.129365 
185400 0.00434574 0.123922 0.00538896 0 0 0.133659 0.129305 
185600 0.00433639 0.123881 0.00537012 0 0 0.133591 0.129246 
185800 0.00432705 0.12384 0.00535129 0 0 0.133522 0.129187 
186000 0.0043177 0.1238 0.00533246 0 0 0.133453 0.129128 
186200 0.00430874 0.123761 0.00531465 0 0 0.133387 0.129071 
186400 0.00430017 0.123722 0.00529785 0 0 0.133323 0.129017 
186600 0.00429159 0.123684 0.00528105 0 0 0.13326 0.128962 
186800 0.00428301 0.123646 0.00526426 0 0 0.133197 0.128907 
187000 0.00427444 0.123608 0.00524746 0 0 0.133133 0.128853 
187200 0.00426586 0.12357 0.00523067 0 0 0.13307 0.128798 
187400 0.00425728 0.123532 0.00521387 0 0 0.133006 0.128743 
187600 0.00424871 0.123494 0.00519707 0 0 0.132943 0.128689 
187800 0.00424013 0.123456 0.00518028 0 0 0.13288 0.128634 
188000 0.00423155 0.123418 0.00516348 0 0 0.132816 0.128579 
188200 0.00422298 0.12338 0.00514669 0 0 0.132753 0.128525 
188400 0.0042144 0.123342 0.00512989 0 0 0.132689 0.12847 
188600 0.00420582 0.123304 0.0051131 0 0 0.132626 0.128415 
188800 0.00419725 0.123266 0.0050963 0 0 0.132562 0.128361 
189000 0.00418867 0.123228 0.0050795 0 0 0.132499 0.128306 
189200 0.00418009 0.12319 0.00506271 0 0 0.132436 0.128252 
189400 0.00417152 0.123152 0.00504591 0 0 0.132372 0.128197 
189600 0.00416294 0.123114 0.00502912 0 0 0.132309 0.128142 
189800 0.00415437 0.123076 0.00501232 0 0 0.132245 0.128088 
190000 0.00414612 0.123037 0.00499655 0 0 0.132183 0.128033 
190200 0.00413788 0.122998 0.00498078 0 0 0.13212 0.127979 
190400 0.00412963 0.122958 0.00496502 0 0 0.132057 0.127925 
190600 0.00412139 0.122919 0.00494925 0 0 0.131994 0.12787 
190800 0.00411314 0.12288 0.00493348 0 0 0.131931 0.127816 
191000 0.0041049 0.122841 0.00491771 0 0 0.131869 0.127762 
191200 0.00409665 0.122802 0.00490194 0 0 0.131806 0.127707 
191400 0.00408841 0.122763 0.00488617 0 0 0.131743 0.127653 
191600 0.00408016 0.122724 0.00487041 0 0 0.13168 0.127599 
191800 0.00407192 0.122685 0.00485464 0 0 0.131618 0.127545 
192000 0.00406367 0.122646 0.00483887 0 0 0.131555 0.12749 
192200 0.00405543 0.122607 0.0048231 0 0 0.131492 0.127436 
192400 0.00404718 0.122568 0.00480733 0 0 0.131429 0.127382 
192600 0.00403894 0.122529 0.00479157 0 0 0.131367 0.127327 
192800 0.00403069 0.12249 0.0047758 0 0 0.131304 0.127273 
193000 0.00402245 0.122451 0.00476003 0 0 0.131241 0.127219 
193200 0.0040142 0.122412 0.00474426 0 0 0.131178 0.127164 
193400 0.00400596 0.122373 0.00472849 0 0 0.131115 0.12711 
193600 0.00399797 0.122335 0.00471339 0 0 0.131054 0.127057 
193800 0.00399024 0.122297 0.00469896 0 0 0.130994 0.127005 
194000 0.0039825 0.12226 0.00468453 0 0 0.130934 0.126953 
194200 0.00397477 0.122223 0.0046701 0 0 0.130873 0.126901 
194400 0.00396704 0.122185 0.00465566 0 0 0.130813 0.126849 
194600 0.0039593 0.122148 0.00464123 0 0 0.130753 0.126797 
194800 0.00395157 0.122111 0.0046268 0 0 0.130693 0.126745 
195000 0.00394384 0.122073 0.00461237 0 0 0.130633 0.126693 
195200 0.0039361 0.122036 0.00459794 0 0 0.130573 0.126641 
195400 0.00392837 0.121999 0.0045835 0 0 0.130512 0.126589 
195600 0.00392064 0.121961 0.00456907 0 0 0.130452 0.126538 
195800 0.0039129 0.121924 0.00455464 0 0 0.130392 0.126486 
196000 0.00390517 0.121886 0.00454021 0 0 0.130332 0.126434 
196200 0.00389744 0.121849 0.00452578 0 0 0.130272 0.126382 
196400 0.0038897 0.121812 0.00451134 0 0 0.130212 0.12633 
196600 0.00388197 0.121774 0.00449691 0 0 0.130151 0.126278 
196800 0.00387424 0.121737 0.00448248 0 0 0.130091 0.126226 
197000 0.0038665 0.1217 0.00446805 0 0 0.130031 0.126174 
197200 0.00385877 0.121662 0.00445362 0 0 0.129971 0.126122 
197400 0.00385116 0.121625 0.00443957 0 0 0.129912 0.12607 
197600 0.00384367 0.121587 0.00442591 0 0 0.129853 0.126019 
197800 0.00383617 0.12155 0.00441225 0 0 0.129795 0.125968 
198000 0.00382868 0.121513 0.00439858 0 0 0.129737 0.125917 
198200 0.00382119 0.121475 0.00438492 0 0 0.129678 0.125865 
198400 0.0038137 0.121438 0.00437126 0 0 0.12962 0.125814 
198600 0.00380621 0.1214 0.0043576 0 0 0.129561 0.125763 
198800 0.00379871 0.121363 0.00434393 0 0 0.129503 0.125712 
199000 0.00379122 0.121325 0.00433027 0 0 0.129445 0.12566 
199200 0.00378373 0.121288 0.00431661 0 0 0.129386 0.125609 
199400 0.00377624 0.12125 0.00430295 0 0 0.129328 0.125558 
199600 0.00376874 0.121213 0.00428928 0 0 0.129269 0.125507 
199800 0.00376125 0.121176 0.00427562 0 0 0.129211 0.125455 
200000 0.00375376 0.121138 0.00426196 0 0 0.129153 0.125404 
