1000 5.05399 0.00591449 10566.7 0 0 10576.1 10566.7 
1200 4.95922 0.00785913 7526.02 0 0 7530.76 7526.02 
1400 4.8588 0.00985589 5205.69 0 0 5210.86 5205.69 
1600 4.75131 0.0118717 3757.77 0 0 3762.51 3757.77 
1800 4.63985 0.0138863 2800.13 0 0 2804.87 2800.13 
2000 4.52518 0.0159116 2149.34 0 0 2154.08 2149.34 
2200 4.40952 0.0179342 1675.82 0 0 1679.61 1675.82 
2400 4.29334 0.0199382 1335.14 0 0 1339.22 1335.14 
2600 4.17703 0.0219375 1083.18 0 0 1087.38 1083.18 
2800 4.06124 0.0239149 892.327 0 0 896.402 892.352 
3000 3.94615 0.0258717 744.878 0 0 748.858 744.878 
3200 3.83255 0.0278065 626.356 0 0 630.242 626.356 
3400 3.72133 0.0297193 532.294 0 0 536.085 532.322 
3600 3.61189 0.0316029 456.477 0 0 460.101 456.5 
3800 3.50443 0.0334524 394.83 0 0 398.336 394.833 
4000 3.39934 0.0352727 343.914 0 0 347.326 343.914 
4200 3.29662 0.0370622 301.155 0 0 304.472 301.155 
4400 3.1971 0.0388152 265.218 0 0 268.44 265.275 
4600 3.09949 0.0405496 234.808 0 0 237.945 234.893 
4800 3.00566 0.0422377 209.067 0 0 212.09 209.067 
5000 2.91412 0.0439061 186.978 0 0 189.916 186.978 
5200 2.82554 0.0455417 167.818 0 0 170.734 167.912 
5400 2.74029 0.0471545 151.245 0 0 153.993 151.245 
5600 2.65769 0.0487294 136.828 0 0 139.481 136.833 
5800 2.57703 0.0502822 124.195 0 0 126.766 124.207 
6000 2.49999 0.0518098 113.058 0 0 115.617 113.153 
6200 2.4256 0.053307 103.214 0 0 105.678 103.279 
6400 2.35333 0.0547885 94.4178 0 0 96.8277 94.4719 
6600 2.28411 0.0562382 86.6715 0 0 89.0151 86.7283 
6800 2.21784 0.0576588 79.7114 0 0 81.9827 79.7683 
7000 2.15408 0.0590615 73.5378 0 0 75.747 73.5947 
7200 2.0929 0.0604392 67.9355 0 0 70.0945 68.0018 
7400 2.03402 0.0617908 62.9619 0 0 65.0583 63.0282 
7600 1.97721 0.0631207 58.4251 0 0 60.4612 58.4836 
7800 1.92388 0.0644134 54.348 0 0 56.3335 54.4144 
8000 1.87167 0.0656933 50.6157 0 0 52.549 50.682 
8200 1.82251 0.0669412 47.2408 0 0 49.1338 47.3071 
8400 1.7743 0.0681796 44.1205 0 0 45.9687 44.1962 
8600 1.72841 0.0693819 41.3016 0 0 43.1017 41.3754 
8800 1.6845 0.0705753 38.7196 0 0 40.471 38.7897 
9000 1.64183 0.0717336 275.202 0 0 276.908 275.297 
9200 1.60039 0.0728791 261.459 0 0 263.165 261.554 
9400 1.56041 0.0740018 248.583 0 0 250.213 248.678 
9600 1.522 0.0751158 236.504 0 0 238.115 236.599 
9800 1.48552 0.0761979 225.147 0 0 226.758 225.242 
10000 1.44995 0.0772551 214.46 0 0 215.977 214.555 
10200 1.41678 0.0782691 204.51 0 0 206.026 204.605 
10400 1.38213 0.0793314 194.5 0 0 196.012 194.595 
10600 1.35234 0.0802971 185.746 0 0 187.167 185.84 
10800 1.32256 0.0812538 177.262 0 0 178.683 177.356 
11000 1.29277 0.0822105 169.121 0 0 170.456 169.13 
11200 1.2638 0.0831672 161.241 0 0 162.568 161.323 
11400 1.23677 0.0840797 153.985 0 0 155.239 154.007 
11600 1.21155 0.0849548 147.253 0 0 148.485 147.315 
11800 1.18615 0.0858436 140.636 0 0 141.92 140.731 
12000 1.16178 0.0867066 134.437 0 0 135.724 134.531 
12200 1.13883 0.0875362 128.671 0 0 129.903 128.765 
12400 1.11603 0.0883748 123.017 0 0 124.237 123.111 
12600 1.0948 0.0891557 118.013 0 0 119.158 118.108 
12800 1.07278 0.0899587 112.964 0 0 114.101 113.058 
13000 1.05234 0.0907417 108.263 0 0 109.4 108.358 
13200 1.03265 0.0914951 103.859 0 0 104.996 103.953 
13400 1.01318 0.0922241 99.6634 0 0 100.801 99.7581 
13600 0.994957 0.092953 95.6539 0 0 96.7912 95.7487 
13800 0.977306 0.0936531 91.9736 0 0 93.0631 92.0684 
14000 0.959827 0.0943551 88.4286 0 0 89.483 88.5233 
14200 0.942592 0.0950491 85.0047 0 0 86.0452 85.1005 
14400 0.926346 0.0956584 81.83 0 0 82.8569 81.9325 
14600 0.910404 0.0963184 78.7822 0 0 79.7904 78.8813 
14800 0.894826 0.0969795 75.8556 0 0 76.8458 75.9504 
15000 0.879733 0.0976113 73.0758 0 0 74.0519 73.1705 
15200 0.865231 0.0982354 70.4919 0 0 71.4562 70.5925 
15400 0.850952 0.0988148 67.9858 0 0 68.9344 68.0872 
15600 0.837116 0.0993834 65.6039 0 0 66.5336 65.699 
15800 0.823994 0.0999346 63.4054 0 0 64.3226 63.5002 
16000 0.811033 0.100509 61.2606 0 0 62.168 61.3578 
16200 0.798254 0.101121 59.1818 0 0 60.0831 59.2852 
16400 0.785632 0.10168 57.2018 0 0 58.0865 57.3008 
16600 0.773352 0.102203 55.3024 0 0 56.1708 55.3989 
16800 0.761807 0.102663 53.5506 0 0 54.4076 53.6529 
17000 0.750449 0.10316 51.8549 0 0 52.7041 51.9591 
17200 0.739192 0.103676 50.1893 0 0 51.0327 50.2935 
17400 0.728107 0.104193 48.6155 0 0 49.4475 48.7198 
17600 0.71732 0.104681 47.0979 0 0 47.9205 47.2022 
17800 0.707085 0.105114 45.6845 0 0 46.5017 45.7888 
18000 0.69698 0.10558 44.3166 0 0 45.1251 44.4208 
18200 0.686961 0.106067 42.979 0 0 43.7767 43.0833 
18400 0.677081 0.106509 41.6967 0 0 42.4835 41.8055 
18600 0.667299 0.10694 40.4371 0 0 41.2137 40.5508 
18800 0.658181 0.107349 39.2947 0 0 40.0662 39.4085 
19000 0.649114 0.107772 38.1678 0 0 38.9316 38.2802 
19200 0.6402 0.108233 37.0869 0 0 37.8353 37.1942 
19400 0.631348 0.108674 36.0265 0 0 36.7637 36.1308 
19600 0.622589 0.109083 34.9969 0 0 35.7289 35.1011 
19800 0.614141 0.10947 34.019 0 0 34.7454 34.1266 
20000 0.605948 0.109836 33.0836 0 0 33.8038 33.1973 
20200 0.597915 0.11023 32.1928 0 0 32.9006 32.2999 
20400 0.589896 0.11057 31.3083 0 0 32.0112 31.4203 
20600 0.58213 0.110936 30.4689 0 0 31.1641 30.5827 
20800 0.574502 0.111315 29.6539 0 0 30.3396 29.7676 
21000 0.567054 0.111688 28.8789 0 0 29.5552 28.9926 
21200 0.559703 0.112058 28.1254 0 0 28.7924 28.2391 
21400 0.552566 0.112395 27.4016 0 0 28.0649 27.5153 
21600 0.545572 0.112711 26.6976 0 0 27.3609 26.8113 
21800 0.538645 0.113049 26.0139 0 0 26.6727 26.1276 
22000 0.531785 0.11341 25.3505 0 0 26.0003 25.4642 
22200 0.525042 0.113751 24.7056 0 0 25.3465 24.8194 
22400 0.518475 0.114059 24.0885 0 0 24.7206 24.2023 
22600 0.511977 0.114366 23.4836 0 0 24.1069 23.5973 
22800 0.505688 0.114667 22.915 0 0 23.5297 23.0287 
23000 0.499412 0.114969 22.3482 0 0 22.9545 22.462 
23200 0.493389 0.115263 21.8175 0 0 22.4196 21.9313 
23400 0.487366 0.115558 21.2868 0 0 21.8847 21.4006 
23600 0.481546 0.115848 20.7851 0 0 21.3789 20.9022 
23800 0.475778 0.116136 20.2907 0 0 20.8803 20.4118 
24000 0.470111 0.116422 19.8156 0 0 20.4012 19.9368 
24200 0.464546 0.116704 19.3599 0 0 19.9415 19.4771 
24400 0.459022 0.116985 18.9092 0 0 19.4861 19.0229 
24600 0.453731 0.117262 18.4867 0 0 19.0557 18.6004 
24800 0.448439 0.117538 18.0642 0 0 18.6253 18.1779 
25000 0.443237 0.117785 17.6565 0 0 18.2127 17.7702 
25200 0.438064 0.118022 17.2537 0 0 17.806 17.3675 
25400 0.43299 0.118269 16.8632 0 0 17.4129 16.9783 
25600 0.4281 0.118534 16.4955 0 0 17.0452 16.6144 
25800 0.42321 0.1188 16.1278 0 0 16.6775 16.2505 
26000 0.418417 0.119033 15.7795 0 0 16.3227 15.9027 
26200 0.413641 0.11926 15.4345 0 0 15.9702 15.5577 
26400 0.408967 0.119485 15.0993 0 0 15.6287 15.2225 
26600 0.404484 0.119703 14.7822 0 0 15.308 14.9054 
26800 0.4 0.119922 14.4651 0 0 14.9872 14.5883 
27000 0.395599 0.120141 14.1617 0 0 14.6801 14.2849 
27200 0.391225 0.120359 13.8628 0 0 14.3776 13.986 
27400 0.386886 0.120577 13.5682 0 0 14.0789 13.6909 
27600 0.382744 0.120787 13.2979 0 0 13.8016 13.4171 
27800 0.378603 0.120998 13.0276 0 0 13.5243 13.1433 
28000 0.374508 0.121209 12.7621 0 0 13.2533 12.8774 
28200 0.370472 0.121419 12.5024 0 0 12.9901 12.6212 
28400 0.366435 0.12163 12.2427 0 0 12.7268 12.365 
28600 0.362583 0.121835 12 0 0 12.4833 12.1232 
28800 0.358792 0.122038 11.7631 0 0 12.2464 11.8863 
29000 0.355002 0.122241 11.5262 0 0 12.0095 11.6494 
29200 0.351337 0.122409 11.3058 0 0 11.786 11.429 
29400 0.34768 0.122575 11.0864 0 0 11.5632 11.2096 
29600 0.344031 0.122743 10.8681 0 0 11.3415 10.9913 
29800 0.340466 0.122923 10.6605 0 0 11.1294 10.7837 
30000 0.336901 0.123104 10.4529 0 0 10.9173 10.5761 
30200 0.333404 0.123247 10.2539 0 0 10.708 10.3771 
30400 0.330031 0.12344 10.0644 0 0 10.5153 10.1876 
30600 0.326658 0.123632 9.87485 0 0 10.3225 9.99805 
30800 0.32333 0.123815 9.68872 0 0 10.1336 9.81202 
31000 0.320108 0.123973 9.51056 0 0 9.95351 9.63417 
31200 0.316886 0.124131 9.3324 0 0 9.77345 9.45632 
31400 0.313713 0.124278 9.15907 0 0 9.59788 9.28322 
31600 0.310656 0.1244 8.99705 0 0 9.4328 9.1212 
31800 0.307599 0.124522 8.83503 0 0 9.26772 8.95917 
32000 0.304561 0.124651 8.67472 0 0 9.10435 8.79892 
32200 0.301595 0.124804 8.52125 0 0 8.94783 8.64577 
32400 0.29863 0.124956 8.36779 0 0 8.79131 8.49261 
32600 0.295683 0.125109 8.21561 0 0 8.63614 8.34073 
32800 0.292899 0.125257 8.07493 0 0 8.4931 8.20035 
33000 0.290115 0.125405 7.93426 0 0 8.35006 8.05998 
33200 0.287331 0.125553 7.79359 0 0 8.20702 7.9196 
33400 0.284612 0.125673 7.66169 0 0 8.07226 7.78773 
33600 0.2819 0.12579 7.53076 0 0 7.93841 7.65681 
33800 0.279189 0.125906 7.39984 0 0 7.80457 7.52588 
34000 0.276578 0.126022 7.27449 0 0 7.67671 7.40072 
34200 0.274022 0.126137 7.15216 0 0 7.55208 7.27867 
34400 0.271466 0.126251 7.02982 0 0 7.42744 7.15662 
34600 0.268947 0.126365 6.91108 0 0 7.30644 7.03807 
34800 0.266494 0.126477 6.79903 0 0 7.19216 6.92602 
35000 0.264041 0.126588 6.68699 0 0 7.07788 6.81397 
35200 0.261588 0.1267 6.57494 0 0 6.9636 6.70192 
35400 0.259215 0.126811 6.46845 0 0 6.85488 6.59544 
35600 0.256846 0.126923 6.36225 0 0 6.74645 6.48924 
35800 0.254476 0.127034 6.25605 0 0 6.63803 6.38304 
36000 0.252192 0.127143 6.15541 0 0 6.53506 6.2824 
36200 0.249976 0.12725 6.05931 0 0 6.43655 6.1863 
36400 0.24776 0.127356 5.9632 0 0 6.33805 6.09019 
36600 0.245544 0.127463 5.8671 0 0 6.23954 5.99409 
36800 0.243409 0.127543 5.77607 0 0 6.14664 5.90333 
37000 0.241273 0.127623 5.68504 0 0 6.05374 5.81256 
37200 0.239138 0.127704 5.59401 0 0 5.96084 5.7218 
37400 0.237052 0.127794 5.5062 0 0 5.87119 5.63414 
37600 0.235026 0.127898 5.42234 0 0 5.78551 5.55028 
37800 0.233001 0.128002 5.33848 0 0 5.69983 5.46641 
38000 0.230976 0.128106 5.25461 0 0 5.61415 5.38255 
38200 0.229035 0.128187 5.17618 0 0 5.53373 5.30432 
38400 0.227114 0.128263 5.0991 0 0 5.45463 5.22749 
38600 0.225193 0.128339 5.02202 0 0 5.37553 5.15067 
38800 0.223276 0.128415 4.94514 0 0 5.29666 5.07403 
39000 0.221432 0.128491 4.87211 0 0 5.22211 5.001 
39200 0.219587 0.128566 4.79908 0 0 5.14756 4.92796 
39400 0.217742 0.128642 4.72604 0 0 5.07301 4.85493 
39600 0.215919 0.12872 4.65477 0 0 5.00005 4.78365 
39800 0.214147 0.128802 4.58761 0 0 4.93083 4.71649 
40000 0.212376 0.128885 4.52044 0 0 4.86161 4.64933 
40200 0.210658 0.128944 4.45529 0 0 4.79527 4.58477 
40400 0.208965 0.129008 4.39144 0 0 4.73004 4.52127 
40600 0.20731 0.12908 4.32954 0 0 4.66646 4.45937 
40800 0.205654 0.129152 4.26764 0 0 4.60288 4.39747 
41000 0.203999 0.129224 4.20574 0 0 4.5393 4.33557 
41200 0.202363 0.129296 4.14568 0 0 4.47757 4.27552 
41400 0.200752 0.129367 4.08787 0 0 4.41811 4.21771 
41600 0.199141 0.129438 4.03007 0 0 4.35864 4.1599 
41800 0.19753 0.129509 3.97226 0 0 4.29917 4.10209 
42000 0.195968 0.129569 3.91644 0 0 4.24181 4.04627 
42200 0.194466 0.129615 3.86304 0 0 4.18703 3.99287 
42400 0.192963 0.129661 3.80965 0 0 4.13225 3.93948 
42600 0.191461 0.129708 3.75625 0 0 4.07747 3.88609 
42800 0.189981 0.129754 3.70412 0 0 4.02396 3.83396 
43000 0.188542 0.129799 3.65434 0 0 3.97281 3.78418 
43200 0.187103 0.129845 3.60456 0 0 3.92166 3.73439 
43400 0.185665 0.129891 3.55478 0 0 3.87051 3.68461 
43600 0.18424 0.129936 3.50583 0 0 3.8202 3.63571 
43800 0.182874 0.12998 3.46021 0 0 3.77325 3.59031 
44000 0.181508 0.130024 3.41459 0 0 3.72631 3.5449 
44200 0.180141 0.130068 3.36897 0 0 3.67937 3.4995 
44400 0.178775 0.130112 3.32335 0 0 3.63242 3.4541 
44600 0.177468 0.130156 3.2801 0 0 3.58786 3.41088 
44800 0.176168 0.130201 3.23713 0 0 3.54356 3.36791 
45000 0.174867 0.130245 3.19415 0 0 3.49926 3.32493 
45200 0.173567 0.130289 3.15118 0 0 3.45496 3.28196 
45400 0.172306 0.130332 3.11047 0 0 3.41297 3.24113 
45600 0.17107 0.130374 3.07129 0 0 3.3725 3.20173 
45800 0.169835 0.130417 3.0321 0 0 3.33204 3.16233 
46000 0.1686 0.13046 2.99292 0 0 3.29158 3.12293 
46200 0.167373 0.130502 2.95408 0 0 3.2515 3.08395 
46400 0.166194 0.130544 2.91723 0 0 3.21359 3.0473 
46600 0.165015 0.130586 2.88037 0 0 3.17568 3.01066 
46800 0.163835 0.130629 2.84352 0 0 3.13778 2.97402 
47000 0.162656 0.130671 2.80667 0 0 3.09987 2.93737 
47200 0.16152 0.130699 2.77167 0 0 3.06384 2.90259 
47400 0.160408 0.130719 2.73768 0 0 3.02881 2.8688 
47600 0.159295 0.13074 2.70369 0 0 2.99379 2.83501 
47800 0.158183 0.130761 2.66969 0 0 2.95877 2.80122 
48000 0.157072 0.130782 2.63584 0 0 2.92387 2.76755 
48200 0.156004 0.130822 2.60458 0 0 2.89141 2.7361 
48400 0.154935 0.130863 2.57333 0 0 2.85895 2.70464 
48600 0.153866 0.130903 2.54208 0 0 2.82648 2.67319 
48800 0.152798 0.130943 2.51082 0 0 2.79402 2.64173 
49000 0.151751 0.130977 2.48035 0 0 2.76241 2.61113 
49200 0.150744 0.130996 2.45133 0 0 2.7324 2.58211 
49400 0.149737 0.131016 2.42231 0 0 2.70239 2.55309 
49600 0.14873 0.131036 2.39328 0 0 2.67238 2.52406 
49800 0.147723 0.131056 2.36426 0 0 2.64237 2.49504 
50000 0.146701 0.131064 2.33509 0 0 2.61276 2.46587 
50200 0.145731 0.131086 2.30798 0 0 2.58477 2.43898 
50400 0.144762 0.131109 2.28087 0 0 2.55678 2.41209 
50600 0.143792 0.131131 2.25376 0 0 2.52879 2.38521 
50800 0.142822 0.131153 2.22666 0 0 2.5008 2.35832 
51000 0.141895 0.131172 2.20114 0 0 2.47436 2.33274 
51200 0.140985 0.131191 2.17631 0 0 2.44858 2.30772 
51400 0.140075 0.13121 2.15148 0 0 2.42281 2.2827 
51600 0.139165 0.131229 2.12666 0 0 2.39703 2.25768 
51800 0.138255 0.131248 2.10183 0 0 2.37125 2.23266 
52000 0.137378 0.131254 2.07809 0 0 2.34657 2.20887 
52200 0.136515 0.131254 2.05482 0 0 2.32237 2.1856 
52400 0.135652 0.131254 2.03155 0 0 2.29816 2.16233 
52600 0.134789 0.131254 2.00828 0 0 2.27395 2.13906 
52800 0.133925 0.131254 1.98501 0 0 2.24974 2.11579 
53000 0.13309 0.131266 1.96301 0 0 2.22693 2.09379 
53200 0.13227 0.131284 1.94168 0 0 2.20488 2.07246 
53400 0.13145 0.131302 1.92036 0 0 2.18283 2.05114 
53600 0.13063 0.131321 1.89904 0 0 2.16078 2.02982 
53800 0.12981 0.131339 1.87771 0 0 2.13873 2.00849 
54000 0.129001 0.131349 1.85697 0 0 2.11718 1.98775 
54200 0.128207 0.131349 1.83693 0 0 2.09624 1.96771 
54400 0.127413 0.131349 1.8169 0 0 2.0753 1.94768 
54600 0.126618 0.131349 1.79686 0 0 2.05436 1.92764 
54800 0.125824 0.131349 1.77682 0 0 2.03342 1.9076 
55000 0.125036 0.131349 1.75707 0 0 2.01284 1.88789 
55200 0.124275 0.131349 1.73847 0 0 1.99371 1.86947 
55400 0.123513 0.131349 1.71987 0 0 1.97458 1.85104 
55600 0.122751 0.131349 1.70128 0 0 1.95545 1.83262 
55800 0.12199 0.131349 1.68268 0 0 1.93632 1.8142 
56000 0.121228 0.131349 1.66408 0 0 1.91719 1.79578 
56200 0.120513 0.131349 1.64679 0 0 1.89923 1.77852 
56400 0.119807 0.131349 1.62973 0 0 1.88149 1.76146 
56600 0.1191 0.131349 1.61267 0 0 1.86374 1.7444 
56800 0.118394 0.131349 1.59561 0 0 1.84599 1.72734 
57000 0.117687 0.131349 1.57855 0 0 1.82824 1.71028 
57200 0.116997 0.131349 1.56196 0 0 1.8109 1.69369 
57400 0.116337 0.131349 1.54622 0 0 1.79432 1.67795 
57600 0.115677 0.131349 1.53048 0 0 1.77773 1.66221 
57800 0.115017 0.131349 1.51474 0 0 1.76115 1.64647 
58000 0.114357 0.131349 1.49901 0 0 1.74456 1.63073 
58200 0.113697 0.131349 1.48327 0 0 1.72798 1.61499 
58400 0.113046 0.131349 1.46836 0 0 1.71236 1.59996 
58600 0.112398 0.131349 1.45373 0 0 1.69707 1.58516 
58800 0.111749 0.131349 1.4391 0 0 1.68177 1.57037 
59000 0.111101 0.131349 1.42447 0 0 1.66647 1.55557 
59200 0.110452 0.131349 1.40984 0 0 1.65118 1.54077 
59400 0.109805 0.131349 1.39524 0 0 1.63593 1.52603 
59600 0.109184 0.131349 1.38125 0 0 1.62164 1.51236 
59800 0.108562 0.131349 1.36727 0 0 1.60735 1.49869 
60000 0.107941 0.131349 1.35329 0 0 1.59305 1.48502 
60200 0.107355 0.131349 1.34019 0 0 1.57892 1.47158 
60400 0.106769 0.131349 1.3271 0 0 1.5648 1.45814 
60600 0.106181 0.131345 1.31411 0 0 1.55091 1.44493 
60800 0.105587 0.131329 1.30142 0 0 1.53773 1.4324 
61000 0.104993 0.131313 1.28873 0 0 1.52456 1.41987 
61200 0.104398 0.131297 1.27604 0 0 1.51139 1.40734 
61400 0.103804 0.13128 1.26335 0 0 1.49822 1.39481 
61600 0.10321 0.131264 1.25066 0 0 1.48505 1.38228 
61800 0.102632 0.131254 1.23835 0 0 1.47221 1.37003 
62000 0.102083 0.131254 1.22676 0 0 1.45999 1.35828 
62200 0.101535 0.131254 1.21517 0 0 1.44778 1.34653 
62400 0.100987 0.131254 1.20358 0 0 1.43556 1.33478 
62600 0.100439 0.131254 1.19199 0 0 1.42334 1.32303 
62800 0.0998904 0.131254 1.1804 0 0 1.41112 1.31129 
63000 0.0993494 0.131249 1.16905 0 0 1.39919 1.29983 
63200 0.0988255 0.131234 1.15826 0 0 1.38795 1.28904 
63400 0.0983016 0.131219 1.14747 0 0 1.3767 1.27825 
63600 0.0977777 0.131203 1.13669 0 0 1.36545 1.26747 
63800 0.0972538 0.131188 1.1259 0 0 1.3542 1.25668 
64000 0.0967299 0.131172 1.11511 0 0 1.34295 1.24589 
64200 0.0962106 0.131157 1.10444 0 0 1.3318 1.23522 
64400 0.0957178 0.131142 1.09444 0 0 1.32118 1.22522 
64600 0.095225 0.131127 1.08443 0 0 1.31057 1.21521 
64800 0.0947322 0.131111 1.07442 0 0 1.29995 1.2052 
65000 0.0942394 0.131096 1.06441 0 0 1.28934 1.19519 
65200 0.0937466 0.131081 1.05441 0 0 1.27873 1.18519 
65400 0.0932538 0.131066 1.0444 0 0 1.26811 1.17518 
65600 0.0927794 0.131051 1.035 0 0 1.25839 1.16578 
65800 0.0923071 0.131036 1.02567 0 0 1.24876 1.15645 
66000 0.0918347 0.131022 1.01634 0 0 1.23914 1.14712 
66200 0.0913623 0.131007 1.00702 0 0 1.22951 1.1378 
66400 0.09089 0.130992 0.997687 0 0 1.21989 1.12847 
66600 0.0904176 0.130977 0.988359 0 0 1.21026 1.11914 
66800 0.0899572 0.130962 0.97944 0 0 1.20089 1.11021 
67000 0.0895087 0.130948 0.970933 0 0 1.19178 1.10167 
67200 0.0890601 0.130934 0.962426 0 0 1.18266 1.09313 
67400 0.0886116 0.130919 0.953918 0 0 1.17355 1.0846 
67600 0.0881631 0.130905 0.945411 0 0 1.16443 1.07606 
67800 0.0877146 0.13089 0.936903 0 0 1.15532 1.06752 
68000 0.0872661 0.130876 0.928396 0 0 1.1462 1.05899 
68200 0.0868388 0.130861 0.920443 0 0 1.1379 1.05111 
68400 0.0864127 0.130847 0.91252 0 0 1.12963 1.04328 
68600 0.0859866 0.130833 0.904596 0 0 1.12136 1.03544 
68800 0.0855605 0.130819 0.896673 0 0 1.1131 1.0276 
69000 0.0851344 0.130804 0.888749 0 0 1.10483 1.01976 
69200 0.0847083 0.13079 0.880826 0 0 1.09657 1.01193 
69400 0.0842875 0.130772 0.873068 0 0 1.08842 1.00421 
69600 0.0838789 0.130744 0.865697 0 0 1.08056 0.996765 
69800 0.0834704 0.130716 0.858326 0 0 1.0727 0.989324 
70000 0.0830618 0.130687 0.850955 0 0 1.06484 0.981883 
70200 0.0826533 0.130659 0.843585 0 0 1.05697 0.974442 
70400 0.0822447 0.130631 0.836214 0 0 1.04911 0.967001 
70600 0.0818361 0.130603 0.828843 0 0 1.04125 0.95956 
70800 0.0814393 0.130583 0.821787 0 0 1.03378 0.95245 
71000 0.081052 0.130569 0.814988 0 0 1.02664 0.94561 
71200 0.0806646 0.130556 0.80819 0 0 1.0195 0.93877 
71400 0.0802773 0.130542 0.801391 0 0 1.01236 0.93193 
71600 0.07989 0.130528 0.794592 0 0 1.00522 0.92509 
71800 0.0795027 0.130514 0.787794 0 0 0.998074 0.918251 
72000 0.0791154 0.130501 0.780995 0 0 0.990932 0.911411 
72200 0.0787413 0.130478 0.774527 0 0 0.984055 0.904919 
72400 0.0783743 0.130451 0.768236 0 0 0.97732 0.898614 
72600 0.0780074 0.130425 0.761945 0 0 0.970586 0.89231 
72800 0.0776404 0.130398 0.755654 0 0 0.963851 0.886006 
73000 0.0772734 0.130371 0.749363 0 0 0.957117 0.879701 
73200 0.0769064 0.130344 0.743072 0 0 0.950382 0.873397 
73400 0.0765395 0.130317 0.736781 0 0 0.943648 0.867092 
73600 0.0761842 0.130291 0.730781 0 0 0.93725 0.861072 
73800 0.0758367 0.130264 0.724977 0 0 0.931077 0.855241 
74000 0.0754892 0.130238 0.719172 0 0 0.924904 0.84941 
74200 0.0751417 0.130212 0.713368 0 0 0.91873 0.843579 
74400 0.0747942 0.130185 0.707563 0 0 0.912557 0.837748 
74600 0.0744468 0.130159 0.701759 0 0 0.906384 0.831918 
74800 0.0740993 0.130133 0.695954 0 0 0.900211 0.826087 
75000 0.0737573 0.130106 0.690311 0 0 0.894202 0.820418 
75200 0.0734237 0.13008 0.684911 0 0 0.888438 0.814991 
75400 0.0730901 0.130054 0.67951 0 0 0.882674 0.809565 
75600 0.0727564 0.130028 0.67411 0 0 0.87691 0.804138 
75800 0.0724228 0.130003 0.668709 0 0 0.871146 0.798712 
76000 0.0720891 0.129977 0.663309 0 0 0.865382 0.793285 
76200 0.0717555 0.129951 0.657908 0 0 0.859618 0.787859 
76400 0.0714239 0.129925 0.652551 0 0 0.8539 0.782476 
76600 0.0711105 0.129899 0.647585 0 0 0.848593 0.777485 
76800 0.0707972 0.129874 0.64262 0 0 0.843286 0.772494 
77000 0.0704838 0.129849 0.637654 0 0 0.837979 0.767503 
77200 0.0701704 0.129824 0.632688 0 0 0.832671 0.762511 
77400 0.0698571 0.129798 0.627722 0 0 0.827365 0.75752 
77600 0.0695437 0.129773 0.622756 0 0 0.822057 0.752529 
77800 0.0692303 0.129748 0.61779 0 0 0.81675 0.747538 
78000 0.0689247 0.129723 0.613028 0 0 0.811657 0.742751 
78200 0.0686242 0.129698 0.608402 0 0 0.806707 0.7381 
78400 0.0683236 0.129673 0.603776 0 0 0.801757 0.733449 
78600 0.0680231 0.129648 0.59915 0 0 0.796806 0.728798 
78800 0.0677226 0.129623 0.594523 0 0 0.791856 0.724146 
79000 0.0674221 0.129598 0.589897 0 0 0.786905 0.719495 
79200 0.0671216 0.129573 0.585271 0 0 0.781955 0.714844 
79400 0.0668211 0.129548 0.580645 0 0 0.777005 0.710193 
79600 0.0665305 0.129517 0.576286 0 0 0.772329 0.705802 
79800 0.0662398 0.129485 0.571926 0 0 0.767654 0.701411 
80000 0.0659492 0.129453 0.567567 0 0 0.762979 0.69702 
80200 0.0656659 0.129433 0.563337 0 0 0.75845 0.692771 
80400 0.0653826 0.129413 0.559108 0 0 0.753921 0.688521 
80600 0.0650993 0.129394 0.554878 0 0 0.749392 0.684271 
80800 0.064816 0.129374 0.550648 0 0 0.744863 0.680022 
81000 0.0645358 0.12935 0.546496 0 0 0.740409 0.675845 
81200 0.0642653 0.129314 0.542574 0 0 0.736177 0.671888 
81400 0.0639947 0.129278 0.538652 0 0 0.731945 0.66793 
81600 0.0637241 0.129242 0.53473 0 0 0.727713 0.663972 
81800 0.0634535 0.129207 0.530808 0 0 0.723481 0.660015 
82000 0.0631829 0.129171 0.526886 0 0 0.71925 0.656057 
82200 0.0629123 0.129135 0.522964 0 0 0.715018 0.6521 
82400 0.0626417 0.129099 0.519043 0 0 0.710786 0.648142 
82600 0.0623749 0.129067 0.515195 0 0 0.706637 0.644263 
82800 0.0621171 0.129044 0.511522 0 0 0.702682 0.640566 
83000 0.0618593 0.12902 0.507849 0 0 0.698726 0.63687 
83200 0.0616015 0.128997 0.504176 0 0 0.694771 0.633173 
83400 0.0613436 0.128973 0.500503 0 0 0.690815 0.629476 
83600 0.0610858 0.12895 0.49683 0 0 0.686859 0.62578 
83800 0.060828 0.128926 0.493157 0 0 0.682904 0.622083 
84000 0.0605702 0.128902 0.489484 0 0 0.678948 0.618387 
84200 0.0603157 0.128876 0.485888 0 0 0.675068 0.614764 
84400 0.060071 0.128842 0.482522 0 0 0.671416 0.611364 
84600 0.0598263 0.128807 0.479157 0 0 0.667763 0.607964 
84800 0.0595816 0.128773 0.475791 0 0 0.66411 0.604564 
85000 0.059337 0.128738 0.472425 0 0 0.660457 0.601164 
85200 0.0590923 0.128704 0.46906 0 0 0.656804 0.597763 
85400 0.0588476 0.128669 0.465694 0 0 0.653151 0.594363 
85600 0.0586029 0.128635 0.462328 0 0 0.649498 0.590963 
85800 0.0583583 0.1286 0.458963 0 0 0.645845 0.587563 
86000 0.0581233 0.128566 0.455819 0 0 0.642441 0.584385 
86200 0.0578884 0.128532 0.452675 0 0 0.639036 0.581207 
86400 0.0576535 0.128498 0.449531 0 0 0.635631 0.578029 
86600 0.0574185 0.128464 0.446387 0 0 0.632226 0.574852 
86800 0.0571836 0.12843 0.443243 0 0 0.628821 0.571674 
87000 0.0569487 0.128396 0.4401 0 0 0.625416 0.568496 
87200 0.0567137 0.128362 0.436956 0 0 0.622012 0.565318 
87400 0.0564788 0.128328 0.433812 0 0 0.618607 0.56214 
87600 0.0562532 0.128295 0.430831 0 0 0.615369 0.559126 
87800 0.0560326 0.128261 0.427938 0 0 0.612221 0.5562 
88000 0.0558121 0.128228 0.425045 0 0 0.609073 0.553273 
88200 0.0555915 0.128195 0.422153 0 0 0.605925 0.550347 
88400 0.0553709 0.128162 0.41926 0 0 0.602777 0.547421 
88600 0.0551503 0.128128 0.416367 0 0 0.59963 0.544495 
88800 0.0549298 0.128095 0.413474 0 0 0.596482 0.541569 
89000 0.0547092 0.128062 0.410581 0 0 0.593334 0.538643 
89200 0.0544897 0.128029 0.40771 0 0 0.590209 0.535738 
89400 0.0542796 0.127996 0.405035 0 0 0.587296 0.533031 
89600 0.0540694 0.127964 0.402359 0 0 0.584383 0.530323 
89800 0.0538593 0.127931 0.399684 0 0 0.581469 0.527615 
90000 0.0536492 0.127899 0.397009 0 0 0.578556 0.524908 
90200 0.0534391 0.127866 0.394334 0 0 0.575642 0.5222 
90400 0.053229 0.127834 0.391659 0 0 0.572729 0.519492 
90600 0.0530189 0.127801 0.388983 0 0 0.569815 0.516785 
90800 0.0528088 0.127769 0.386308 0 0 0.566902 0.514077 
91000 0.0526021 0.127736 0.383705 0 0 0.564062 0.511441 
91200 0.0524019 0.127704 0.381234 0 0 0.561357 0.508939 
91400 0.0522017 0.127672 0.378764 0 0 0.558652 0.506437 
91600 0.0520016 0.127641 0.376294 0 0 0.555948 0.503934 
91800 0.0518014 0.127609 0.373823 0 0 0.553243 0.501432 
92000 0.0516012 0.127577 0.371353 0 0 0.550538 0.49893 
92200 0.051401 0.127545 0.368883 0 0 0.547834 0.496427 
92400 0.0512008 0.127513 0.366412 0 0 0.545129 0.493925 
92600 0.0510006 0.127481 0.363942 0 0 0.542425 0.491423 
92800 0.0508048 0.127449 0.361551 0 0 0.539801 0.489 
93000 0.0506142 0.127418 0.359258 0 0 0.537278 0.486676 
93200 0.0504236 0.127386 0.356965 0 0 0.534754 0.484351 
93400 0.050233 0.127355 0.354671 0 0 0.53223 0.482026 
93600 0.0500424 0.127323 0.352378 0 0 0.529707 0.479702 
93800 0.0498519 0.127292 0.350085 0 0 0.527183 0.477377 
94000 0.0496613 0.127261 0.347792 0 0 0.524659 0.475052 
94200 0.0494707 0.127229 0.345498 0 0 0.522136 0.472727 
94400 0.0492801 0.127198 0.343205 0 0 0.519612 0.470403 
94600 0.0490936 0.127167 0.340981 0 0 0.517168 0.468147 
94800 0.0489133 0.127136 0.33886 0 0 0.514842 0.465996 
95000 0.048733 0.127105 0.336739 0 0 0.512516 0.463844 
95200 0.0485527 0.127074 0.334618 0 0 0.510191 0.461693 
95400 0.0483724 0.127044 0.332498 0 0 0.507865 0.459541 
95600 0.0481921 0.127013 0.330377 0 0 0.505539 0.45739 
95800 0.0480117 0.126982 0.328256 0 0 0.503214 0.455238 
96000 0.0478314 0.126952 0.326135 0 0 0.500888 0.453087 
96200 0.0476511 0.126921 0.324015 0 0 0.498562 0.450935 
96400 0.0474721 0.126889 0.321917 0 0 0.496259 0.448806 
96600 0.0473007 0.126848 0.319951 0 0 0.494081 0.446799 
96800 0.0471293 0.126808 0.317985 0 0 0.491904 0.444793 
97000 0.046958 0.126768 0.316019 0 0 0.489726 0.442787 
97200 0.0467866 0.126727 0.314053 0 0 0.487548 0.440781 
97400 0.0466152 0.126687 0.312087 0 0 0.485371 0.438774 
97600 0.0464438 0.126647 0.310121 0 0 0.483193 0.436768 
97800 0.0462724 0.126606 0.308156 0 0 0.481015 0.434762 
98000 0.046101 0.126566 0.30619 0 0 0.478838 0.432756 
98200 0.0459296 0.126526 0.304224 0 0 0.47666 0.430749 
98400 0.0457641 0.126491 0.302367 0 0 0.474605 0.428859 
98600 0.0456006 0.126459 0.300548 0 0 0.47259 0.427007 
98800 0.045437 0.126426 0.298728 0 0 0.470576 0.425155 
99000 0.0452735 0.126394 0.296909 0 0 0.468561 0.423303 
99200 0.0451099 0.126361 0.295089 0 0 0.466547 0.421451 
99400 0.0449464 0.126329 0.29327 0 0 0.464532 0.419598 
99600 0.0447829 0.126296 0.29145 0 0 0.462518 0.417746 
99800 0.0446193 0.126264 0.289631 0 0 0.460503 0.415894 
100000 0.0444558 0.126231 0.287811 0 0 0.458489 0.414042 
100200 0.0443231 0.126231 0.286295 0 0 0.456878 0.412526 
100400 0.0441635 0.126191 0.284569 0 0 0.454952 0.41076 
100600 0.0440039 0.126151 0.282843 0 0 0.453027 0.408995 
100800 0.0438443 0.126112 0.281117 0 0 0.451102 0.407229 
101000 0.0436847 0.126072 0.279392 0 0 0.449176 0.405463 
101200 0.0435251 0.126032 0.277666 0 0 0.447251 0.403698 
101400 0.0433654 0.125992 0.27594 0 0 0.445326 0.401932 
101600 0.0432058 0.125952 0.274214 0 0 0.443401 0.400166 
101800 0.0430462 0.125912 0.272489 0 0 0.441475 0.398401 
102000 0.0428866 0.125872 0.270763 0 0 0.43955 0.396635 
102200 0.0427334 0.125833 0.269123 0 0 0.43772 0.394961 
102400 0.0425865 0.125795 0.267569 0 0 0.435986 0.393378 
102600 0.0424396 0.125757 0.266014 0 0 0.434252 0.391796 
102800 0.0422927 0.12572 0.26446 0 0 0.432517 0.390213 
103000 0.0421458 0.125682 0.262906 0 0 0.430783 0.38863 
103200 0.0419989 0.125644 0.261352 0 0 0.429049 0.387048 
103400 0.041852 0.125606 0.259798 0 0 0.427315 0.385465 
103600 0.0417051 0.125568 0.258243 0 0 0.42558 0.383882 
103800 0.0415582 0.12553 0.256689 0 0 0.423846 0.3823 
104000 0.0414113 0.125492 0.255135 0 0 0.422112 0.380717 
104200 0.0412702 0.125455 0.253663 0 0 0.420464 0.379213 
104400 0.0411348 0.125419 0.252273 0 0 0.418903 0.377787 
104600 0.0409994 0.125383 0.250883 0 0 0.417341 0.376361 
104800 0.0408641 0.125347 0.249493 0 0 0.41578 0.374935 
105000 0.0407287 0.125311 0.248103 0 0 0.414218 0.373509 
105200 0.0405933 0.125275 0.246713 0 0 0.412657 0.372083 
105400 0.0404579 0.125238 0.245323 0 0 0.411096 0.370657 
105600 0.0403225 0.125202 0.243933 0 0 0.409534 0.369231 
105800 0.0401871 0.125166 0.242544 0 0 0.407973 0.367805 
106000 0.0400518 0.12513 0.241154 0 0 0.406411 0.366378 
106200 0.0399164 0.125094 0.239764 0 0 0.40485 0.364952 
106400 0.039779 0.125056 0.238389 0 0 0.403296 0.36354 
106600 0.0396416 0.125018 0.237015 0 0 0.401742 0.362128 
106800 0.0395041 0.12498 0.235641 0 0 0.400187 0.360716 
107000 0.0393667 0.124942 0.234267 0 0 0.398633 0.359304 
107200 0.0392293 0.124905 0.232893 0 0 0.397079 0.357892 
107400 0.0390919 0.124867 0.231519 0 0 0.395525 0.35648 
107600 0.0389545 0.124829 0.230145 0 0 0.39397 0.355068 
107800 0.0388171 0.124791 0.22877 0 0 0.392416 0.353656 
108000 0.0386797 0.124753 0.227396 0 0 0.390862 0.352244 
108200 0.0385422 0.124715 0.226022 0 0 0.389308 0.350832 
108400 0.0384208 0.124681 0.224842 0 0 0.387972 0.349617 
108600 0.0382993 0.124646 0.223662 0 0 0.386637 0.348402 
108800 0.0381778 0.124612 0.222481 0 0 0.385302 0.347188 
109000 0.0380563 0.124577 0.221301 0 0 0.383966 0.345973 
109200 0.0379349 0.124543 0.220121 0 0 0.382631 0.344758 
109400 0.0378134 0.124508 0.21894 0 0 0.381296 0.343543 
109600 0.0376919 0.124474 0.21776 0 0 0.37996 0.342329 
109800 0.0375704 0.124439 0.21658 0 0 0.378625 0.341114 
110000 0.037449 0.124405 0.2154 0 0 0.37729 0.339899 
110200 0.0373275 0.12437 0.214219 0 0 0.375954 0.338684 
110400 0.037206 0.124336 0.213039 0 0 0.374619 0.33747 
110600 0.0370833 0.1243 0.211875 0 0 0.373292 0.33626 
110800 0.0369605 0.124264 0.21071 0 0 0.371965 0.335051 
111000 0.0368378 0.124228 0.209546 0 0 0.370639 0.333841 
111200 0.036715 0.124192 0.208382 0 0 0.369312 0.332632 
111400 0.0365923 0.124155 0.207217 0 0 0.367985 0.331423 
111600 0.0364695 0.124119 0.206053 0 0 0.366658 0.330213 
111800 0.0363468 0.124083 0.204889 0 0 0.365332 0.329004 
112000 0.036224 0.124047 0.203725 0 0 0.364005 0.327794 
112200 0.0361013 0.124011 0.20256 0 0 0.362678 0.326585 
112400 0.0359785 0.123975 0.201396 0 0 0.361351 0.325375 
112600 0.0358607 0.12394 0.200288 0 0 0.360089 0.324228 
112800 0.0357479 0.123905 0.199237 0 0 0.358892 0.323142 
113000 0.035635 0.123871 0.198186 0 0 0.357694 0.322057 
113200 0.0355221 0.123836 0.197135 0 0 0.356496 0.320971 
113400 0.0354093 0.123802 0.196084 0 0 0.355299 0.319886 
113600 0.0352964 0.123767 0.195033 0 0 0.354101 0.3188 
113800 0.0351836 0.123733 0.193982 0 0 0.352904 0.317715 
114000 0.0350707 0.123698 0.192931 0 0 0.351706 0.316629 
114200 0.0349578 0.123664 0.19188 0 0 0.350509 0.315544 
114400 0.034845 0.123629 0.190829 0 0 0.349311 0.314458 
114600 0.0347321 0.123595 0.189778 0 0 0.348114 0.313373 
114800 0.0346234 0.123561 0.188782 0 0 0.346971 0.31234 
115000 0.0345187 0.123528 0.187843 0 0 0.345883 0.311359 
115200 0.034414 0.123495 0.186904 0 0 0.344796 0.310378 
115400 0.0343094 0.123462 0.185964 0 0 0.343708 0.309398 
115600 0.0342047 0.123429 0.185025 0 0 0.34262 0.308417 
115800 0.0341001 0.123396 0.184085 0 0 0.341532 0.307436 
116000 0.0339954 0.123364 0.183146 0 0 0.340445 0.306456 
116200 0.0338908 0.123331 0.182206 0 0 0.339357 0.305475 
116400 0.0337861 0.123298 0.181267 0 0 0.338269 0.304494 
116600 0.0336814 0.123265 0.180327 0 0 0.337181 0.303514 
116800 0.0335768 0.123232 0.179388 0 0 0.336093 0.302533 
117000 0.0334721 0.123199 0.178449 0 0 0.335006 0.301552 
117200 0.0333662 0.123156 0.17751 0 0 0.333937 0.300588 
117400 0.0332602 0.123113 0.17657 0 0 0.332869 0.299623 
117600 0.0331542 0.123069 0.175631 0 0 0.331801 0.298658 
117800 0.0330483 0.123026 0.174692 0 0 0.330732 0.297693 
118000 0.0329423 0.122983 0.173753 0 0 0.329664 0.296728 
118200 0.0328363 0.12294 0.172814 0 0 0.328596 0.295763 
118400 0.0327304 0.122897 0.171875 0 0 0.327528 0.294798 
118600 0.0326244 0.122854 0.170936 0 0 0.326459 0.293833 
118800 0.0325184 0.122811 0.169997 0 0 0.325391 0.292868 
119000 0.0324125 0.122768 0.169058 0 0 0.324323 0.291903 
119200 0.0323065 0.122725 0.168119 0 0 0.323254 0.290938 
119400 0.0322125 0.122693 0.167321 0 0 0.322315 0.290093 
119600 0.0321185 0.122662 0.166524 0 0 0.321375 0.289248 
119800 0.0320246 0.12263 0.165726 0 0 0.320435 0.288403 
120000 0.0319306 0.122598 0.164928 0 0 0.319495 0.287558 
120200 0.0318366 0.122567 0.164131 0 0 0.318555 0.286713 
120400 0.0317426 0.122535 0.163333 0 0 0.317616 0.285868 
120600 0.0316486 0.122504 0.162535 0 0 0.316676 0.285023 
120800 0.0315547 0.122472 0.161738 0 0 0.315736 0.284178 
121000 0.0314607 0.122441 0.16094 0 0 0.314796 0.283333 
121200 0.0313667 0.122409 0.160142 0 0 0.313857 0.282488 
121400 0.0312727 0.122377 0.159345 0 0 0.312917 0.281643 
121600 0.0311787 0.122346 0.158547 0 0 0.311977 0.280798 
121800 0.0310879 0.122306 0.157781 0 0 0.311092 0.280008 
122000 0.0309971 0.122267 0.157015 0 0 0.310208 0.279219 
122200 0.0309063 0.122227 0.156249 0 0 0.309323 0.278429 
122400 0.0308155 0.122188 0.155483 0 0 0.308439 0.277639 
122600 0.0307247 0.122148 0.154717 0 0 0.307555 0.27685 
122800 0.0306338 0.122109 0.153951 0 0 0.30667 0.27606 
123000 0.030543 0.122069 0.153185 0 0 0.305786 0.27527 
123200 0.0304522 0.12203 0.152419 0 0 0.304901 0.27448 
123400 0.0303614 0.12199 0.151653 0 0 0.304016 0.273691 
123600 0.0302705 0.121951 0.150887 0 0 0.303132 0.272901 
123800 0.0301797 0.121911 0.150121 0 0 0.302247 0.272111 
124000 0.0300889 0.121872 0.149355 0 0 0.301363 0.271321 
124200 0.0300005 0.121832 0.148644 0 0 0.300526 0.270563 
124400 0.029912 0.121793 0.147933 0 0 0.299689 0.269805 
124600 0.0298236 0.121753 0.147222 0 0 0.298852 0.269047 
124800 0.0297351 0.121714 0.146512 0 0 0.298014 0.268289 
125000 0.0296467 0.121675 0.145801 0 0 0.297177 0.267531 
125200 0.0295582 0.121635 0.14509 0 0 0.29634 0.266773 
125400 0.0294698 0.121596 0.144379 0 0 0.295503 0.266014 
125600 0.0293813 0.121556 0.143669 0 0 0.294666 0.265256 
125800 0.0292929 0.121517 0.142958 0 0 0.293829 0.264498 
126000 0.0292044 0.121477 0.142247 0 0 0.292992 0.26374 
126200 0.029116 0.121438 0.141536 0 0 0.292155 0.262982 
126400 0.0290275 0.121398 0.140826 0 0 0.291318 0.262224 
126600 0.028943 0.121367 0.140154 0 0 0.29052 0.261513 
126800 0.0288585 0.121335 0.139483 0 0 0.289722 0.260802 
127000 0.028774 0.121303 0.138812 0 0 0.288925 0.260091 
127200 0.0286895 0.121272 0.13814 0 0 0.288127 0.259381 
127400 0.028605 0.12124 0.137469 0 0 0.287329 0.25867 
127600 0.0285205 0.121209 0.136798 0 0 0.286532 0.257959 
127800 0.028436 0.121177 0.136127 0 0 0.285734 0.257248 
128000 0.0283515 0.121145 0.135455 0 0 0.284936 0.256538 
128200 0.028267 0.121114 0.134784 0 0 0.284139 0.255827 
128400 0.0281825 0.121082 0.134113 0 0 0.283341 0.255116 
128600 0.028098 0.121051 0.133442 0 0 0.282544 0.254405 
128800 0.0280135 0.121019 0.13277 0 0 0.281746 0.253695 
129000 0.0279377 0.120983 0.13218 0 0 0.281046 0.253075 
129200 0.0278619 0.120946 0.131589 0 0 0.280346 0.252455 
129400 0.027786 0.12091 0.130999 0 0 0.279646 0.251836 
129600 0.0277102 0.120873 0.130408 0 0 0.278947 0.251216 
129800 0.0276344 0.120837 0.129818 0 0 0.278247 0.250596 
130000 0.0275586 0.1208 0.129227 0 0 0.277547 0.249977 
130200 0.0274828 0.120764 0.128637 0 0 0.276847 0.249357 
130400 0.027407 0.120727 0.128046 0 0 0.276147 0.248737 
130600 0.0273312 0.120691 0.127456 0 0 0.275447 0.248118 
130800 0.0272553 0.120655 0.126865 0 0 0.274748 0.247498 
131000 0.0271795 0.120618 0.126275 0 0 0.274048 0.246879 
131200 0.0271037 0.120582 0.125685 0 0 0.273348 0.246259 
131400 0.0270279 0.120545 0.125094 0 0 0.272648 0.245639 
131600 0.0269513 0.120507 0.124518 0 0 0.271958 0.245025 
131800 0.0268748 0.120469 0.123942 0 0 0.271268 0.244411 
132000 0.0267982 0.120431 0.123365 0 0 0.270578 0.243797 
132200 0.0267216 0.120394 0.122789 0 0 0.269889 0.243183 
132400 0.026645 0.120356 0.122213 0 0 0.269199 0.242569 
132600 0.0265685 0.120318 0.121637 0 0 0.268509 0.241955 
132800 0.0264919 0.12028 0.121061 0 0 0.267819 0.241341 
133000 0.0264153 0.120242 0.120485 0 0 0.267129 0.240726 
133200 0.0263387 0.120204 0.119908 0 0 0.266439 0.240112 
133400 0.0262622 0.120166 0.119332 0 0 0.265749 0.239498 
133600 0.0261856 0.120128 0.118756 0 0 0.265059 0.238884 
133800 0.026109 0.12009 0.11818 0 0 0.264369 0.23827 
134000 0.0260367 0.120054 0.117642 0 0 0.263722 0.237696 
134200 0.0259686 0.120019 0.117144 0 0 0.263119 0.237163 
134400 0.0259005 0.119984 0.116646 0 0 0.262515 0.236629 
134600 0.0258324 0.119948 0.116147 0 0 0.261911 0.236096 
134800 0.0257643 0.119913 0.115649 0 0 0.261308 0.235562 
135000 0.0256962 0.119878 0.11515 0 0 0.260704 0.235029 
135200 0.0256281 0.119843 0.114652 0 0 0.2601 0.234495 
135400 0.02556 0.119808 0.114154 0 0 0.259496 0.233962 
135600 0.0254919 0.119773 0.113655 0 0 0.258893 0.233428 
135800 0.0254239 0.119738 0.113157 0 0 0.258289 0.232895 
136000 0.0253558 0.119703 0.112658 0 0 0.257685 0.232361 
136200 0.0252877 0.119668 0.11216 0 0 0.257082 0.231828 
136400 0.0252196 0.119633 0.111662 0 0 0.256478 0.231294 
136600 0.0251515 0.119597 0.111163 0 0 0.255874 0.230761 
136800 0.0250837 0.119561 0.110675 0 0 0.255276 0.230228 
137000 0.0250159 0.119525 0.110186 0 0 0.254679 0.229696 
137200 0.0249481 0.119488 0.109698 0 0 0.254081 0.229164 
137400 0.0248803 0.119452 0.109209 0 0 0.253483 0.228632 
137600 0.0248125 0.119415 0.108721 0 0 0.252885 0.2281 
137800 0.0247447 0.119379 0.108233 0 0 0.252288 0.227568 
138000 0.0246769 0.119342 0.107744 0 0 0.25169 0.227035 
138200 0.0246091 0.119306 0.107256 0 0 0.251092 0.226503 
138400 0.0245413 0.119269 0.106767 0 0 0.250494 0.225971 
138600 0.0244735 0.119233 0.106279 0 0 0.249897 0.225439 
138800 0.0244057 0.119197 0.10579 0 0 0.249299 0.224907 
139000 0.0243379 0.11916 0.105302 0 0 0.248701 0.224375 
139200 0.0242701 0.119124 0.104814 0 0 0.248103 0.223843 
139400 0.0242063 0.119082 0.104364 0 0 0.247556 0.223358 
139600 0.0241424 0.119039 0.103915 0 0 0.247008 0.222874 
139800 0.0240785 0.118997 0.103466 0 0 0.246461 0.222389 
140000 0.0240146 0.118955 0.103017 0 0 0.245913 0.221905 
140200 0.0239507 0.118913 0.102567 0 0 0.245365 0.221421 
140400 0.0238869 0.118871 0.102118 0 0 0.244818 0.220936 
140600 0.023823 0.118829 0.101669 0 0 0.24427 0.220452 
140800 0.0237591 0.118787 0.101219 0 0 0.243723 0.219968 
141000 0.0236952 0.118745 0.10077 0 0 0.243175 0.219483 
141200 0.0236313 0.118702 0.100321 0 0 0.242628 0.218999 
141400 0.0235675 0.11866 0.0998717 0 0 0.24208 0.218514 
141600 0.0235036 0.118618 0.0994224 0 0 0.241533 0.21803 
141800 0.0234397 0.118576 0.0989731 0 0 0.240985 0.217546 
142000 0.023378 0.118538 0.0985464 0 0 0.240464 0.217084 
142200 0.0233184 0.118504 0.0981423 0 0 0.23997 0.216644 
142400 0.0232588 0.11847 0.0977382 0 0 0.239476 0.216204 
142600 0.0231993 0.118437 0.0973341 0 0 0.238982 0.215764 
142800 0.0231397 0.118403 0.09693 0 0 0.238488 0.215324 
143000 0.0230801 0.118369 0.0965258 0 0 0.237993 0.214884 
143200 0.0230206 0.118335 0.0961217 0 0 0.237499 0.214444 
143400 0.022961 0.118301 0.0957176 0 0 0.237005 0.214004 
143600 0.0229014 0.118267 0.0953135 0 0 0.236511 0.213564 
143800 0.0228418 0.118234 0.0949094 0 0 0.236017 0.213124 
144000 0.0227823 0.1182 0.0945052 0 0 0.235523 0.212684 
144200 0.0227227 0.118166 0.0941011 0 0 0.235029 0.212244 
144400 0.0226631 0.118132 0.093697 0 0 0.234534 0.211804 
144600 0.0226036 0.118098 0.0932929 0 0 0.23404 0.211364 
144800 0.0225454 0.118064 0.0929003 0 0 0.233553 0.210937 
145000 0.0224885 0.11803 0.0925192 0 0 0.233072 0.210524 
145200 0.0224316 0.117997 0.0921381 0 0 0.232592 0.210111 
145400 0.0223748 0.117963 0.091757 0 0 0.232111 0.209698 
145600 0.0223179 0.117929 0.0913759 0 0 0.23163 0.209285 
145800 0.0222611 0.117895 0.0909948 0 0 0.23115 0.208873 
146000 0.0222042 0.117861 0.0906137 0 0 0.230669 0.20846 
146200 0.0221473 0.117827 0.0902325 0 0 0.230189 0.208047 
146400 0.0220905 0.117794 0.0898514 0 0 0.229708 0.207634 
146600 0.0220336 0.11776 0.0894703 0 0 0.229227 0.207221 
146800 0.0219768 0.117726 0.0890892 0 0 0.228747 0.206808 
147000 0.0219199 0.117692 0.0887081 0 0 0.228266 0.206395 
147200 0.021863 0.117658 0.088327 0 0 0.227786 0.205982 
147400 0.0218062 0.117624 0.0879459 0 0 0.227305 0.205569 
147600 0.0217512 0.117588 0.0875833 0 0 0.226849 0.205173 
147800 0.0216981 0.117551 0.0872391 0 0 0.226416 0.204794 
148000 0.0216451 0.117513 0.0868949 0 0 0.225984 0.204415 
148200 0.021592 0.117475 0.0865507 0 0 0.225552 0.204036 
148400 0.0215389 0.117437 0.0862065 0 0 0.22512 0.203657 
148600 0.0214859 0.117399 0.0858623 0 0 0.224688 0.203278 
148800 0.0214328 0.117361 0.0855181 0 0 0.224256 0.202899 
149000 0.0213797 0.117323 0.0851739 0 0 0.223824 0.20252 
149200 0.0213266 0.117285 0.0848297 0 0 0.223391 0.202141 
149400 0.0212736 0.117247 0.0844855 0 0 0.222959 0.201762 
149600 0.0212205 0.117209 0.0841413 0 0 0.222527 0.201382 
149800 0.0211674 0.117171 0.0837971 0 0 0.222095 0.201003 
150000 0.0211144 0.117134 0.0834529 0 0 0.221663 0.200624 
150200 0.0210575 0.117086 0.083088 0 0 0.221236 0.200198 
150400 0.0210006 0.117039 0.0827232 0 0 0.22081 0.199771 
150600 0.0209507 0.117007 0.0824073 0 0 0.220406 0.199424 
150800 0.0209008 0.116976 0.0820914 0 0 0.220001 0.199076 
151000 0.0208509 0.116944 0.0817755 0 0 0.219597 0.198729 
151200 0.020801 0.116912 0.0814596 0 0 0.219193 0.198381 
151400 0.0207511 0.116881 0.0811437 0 0 0.218788 0.198034 
151600 0.0207012 0.116849 0.0808278 0 0 0.218384 0.197687 
151800 0.0206513 0.116818 0.0805119 0 0 0.21798 0.197339 
152000 0.0206013 0.116786 0.080196 0 0 0.217575 0.196992 
152200 0.0205514 0.116754 0.0798801 0 0 0.217171 0.196644 
152400 0.0205015 0.116723 0.0795642 0 0 0.216767 0.196297 
152600 0.0204516 0.116691 0.0792483 0 0 0.216362 0.195949 
152800 0.0204017 0.11666 0.0789325 0 0 0.215958 0.195602 
153000 0.0203518 0.116628 0.0786166 0 0 0.215553 0.195254 
153200 0.0203019 0.116597 0.0783007 0 0 0.215149 0.194907 
153400 0.020252 0.116565 0.0779848 0 0 0.214745 0.194559 
153600 0.020204 0.116527 0.0776866 0 0 0.214366 0.194224 
153800 0.0201559 0.116489 0.0773884 0 0 0.213987 0.193889 
154000 0.0201079 0.116451 0.0770902 0 0 0.213608 0.193555 
154200 0.0200599 0.116413 0.0767919 0 0 0.213228 0.19322 
154400 0.0200119 0.116375 0.0764937 0 0 0.212849 0.192885 
154600 0.0199639 0.116337 0.0761955 0 0 0.21247 0.19255 
154800 0.0199159 0.1163 0.0758973 0 0 0.212091 0.192215 
155000 0.0198678 0.116262 0.0755991 0 0 0.211712 0.19188 
155200 0.0198198 0.116224 0.0753009 0 0 0.211333 0.191546 
155400 0.0197718 0.116186 0.0750027 0 0 0.210954 0.191211 
155600 0.0197238 0.116148 0.0747045 0 0 0.210575 0.190876 
155800 0.0196758 0.11611 0.0744063 0 0 0.210196 0.190541 
156000 0.0196278 0.116072 0.0741081 0 0 0.209817 0.190206 
156200 0.0195797 0.116034 0.0738099 0 0 0.209438 0.189871 
156400 0.0195317 0.115996 0.0735117 0 0 0.209059 0.189536 
156600 0.019485 0.115958 0.0732312 0 0 0.208692 0.189221 
156800 0.0194382 0.11592 0.0729507 0 0 0.208326 0.188905 
157000 0.0193915 0.115883 0.0726702 0 0 0.207959 0.188589 
157200 0.0193447 0.115845 0.0723897 0 0 0.207593 0.188273 
157400 0.019298 0.115807 0.0721091 0 0 0.207227 0.187957 
157600 0.0192512 0.115769 0.0718286 0 0 0.20686 0.187641 
157800 0.0192045 0.115731 0.0715481 0 0 0.206494 0.187325 
158000 0.0191577 0.115693 0.0712676 0 0 0.206127 0.187009 
158200 0.019111 0.115655 0.0709871 0 0 0.205761 0.186693 
158400 0.0190642 0.115617 0.0707066 0 0 0.205394 0.186377 
158600 0.0190175 0.115579 0.0704261 0 0 0.205028 0.186062 
158800 0.0189707 0.115541 0.0701455 0 0 0.204661 0.185746 
159000 0.018924 0.115504 0.069865 0 0 0.204295 0.18543 
159200 0.0188772 0.115466 0.0695845 0 0 0.203929 0.185114 
159400 0.0188304 0.115428 0.069304 0 0 0.203562 0.184798 
159600 0.018787 0.115397 0.0690484 0 0 0.203232 0.184505 
159800 0.0187436 0.115367 0.0687929 0 0 0.202902 0.184211 
160000 0.0187002 0.115336 0.0685373 0 0 0.202572 0.183918 
160200 0.0186568 0.115305 0.0682817 0 0 0.202241 0.183624 
160400 0.0186134 0.115275 0.0680262 0 0 0.201911 0.183331 
160600 0.01857 0.115244 0.0677706 0 0 0.201581 0.183037 
160800 0.0185266 0.115214 0.067515 0 0 0.201251 0.182744 
161000 0.0184832 0.115183 0.0672595 0 0 0.200921 0.18245 
161200 0.0184398 0.115153 0.0670039 0 0 0.200591 0.182157 
161400 0.0183963 0.115122 0.0667483 0 0 0.200261 0.181863 
161600 0.0183529 0.115091 0.0664928 0 0 0.19993 0.18157 
161800 0.0183095 0.115061 0.0662372 0 0 0.1996 0.181276 
162000 0.0182661 0.11503 0.0659816 0 0 0.19927 0.180983 
162200 0.0182227 0.115 0.065726 0 0 0.19894 0.180689 
162400 0.0181793 0.114969 0.0654705 0 0 0.19861 0.180396 
162600 0.0181375 0.114936 0.065226 0 0 0.198291 0.180116 
162800 0.0180972 0.114901 0.0649926 0 0 0.197983 0.179849 
163000 0.0180569 0.114865 0.0647593 0 0 0.197675 0.179583 
163200 0.0180166 0.114829 0.0645259 0 0 0.197367 0.179316 
163400 0.0179763 0.114794 0.0642925 0 0 0.197059 0.17905 
163600 0.0179361 0.114758 0.0640592 0 0 0.196751 0.178783 
163800 0.0178958 0.114723 0.0638258 0 0 0.196443 0.178517 
164000 0.0178555 0.114687 0.0635924 0 0 0.196135 0.17825 
164200 0.0178152 0.114652 0.0633591 0 0 0.195827 0.177984 
164400 0.017775 0.114616 0.0631257 0 0 0.195519 0.177717 
164600 0.0177347 0.114581 0.0628923 0 0 0.195211 0.177451 
164800 0.0176944 0.114545 0.062659 0 0 0.194903 0.177184 
165000 0.0176541 0.11451 0.0624256 0 0 0.194595 0.176917 
165200 0.0176139 0.114474 0.0621922 0 0 0.194287 0.176651 
165400 0.0175736 0.114439 0.0619589 0 0 0.193979 0.176384 
165600 0.0175333 0.114403 0.0617255 0 0 0.193671 0.176118 
165800 0.0174939 0.114368 0.061502 0 0 0.193373 0.175861 
166000 0.0174554 0.114334 0.0612883 0 0 0.193086 0.175614 
166200 0.017417 0.114299 0.0610747 0 0 0.192799 0.175367 
166400 0.0173785 0.114265 0.060861 0 0 0.192512 0.17512 
166600 0.01734 0.11423 0.0606474 0 0 0.192224 0.174873 
166800 0.0173015 0.114196 0.0604337 0 0 0.191937 0.174626 
167000 0.017263 0.114161 0.06022 0 0 0.19165 0.174379 
167200 0.0172246 0.114127 0.0600064 0 0 0.191363 0.174132 
167400 0.0171861 0.114092 0.0597927 0 0 0.191076 0.173885 
167600 0.0171476 0.114058 0.0595791 0 0 0.190789 0.173638 
167800 0.0171091 0.114023 0.0593654 0 0 0.190501 0.173391 
168000 0.0170706 0.113989 0.0591517 0 0 0.190214 0.173144 
168200 0.0170321 0.113954 0.0589381 0 0 0.189927 0.172897 
168400 0.0169937 0.11392 0.0587244 0 0 0.18964 0.17265 
168600 0.0169552 0.113886 0.0585108 0 0 0.189353 0.172403 
168800 0.0169167 0.113851 0.0582971 0 0 0.189065 0.172157 
169000 0.0168782 0.113817 0.0580834 0 0 0.188778 0.17191 
169200 0.016842 0.113782 0.0578824 0 0 0.188508 0.171674 
169400 0.0168059 0.113748 0.0576814 0 0 0.188238 0.171439 
169600 0.0167697 0.113713 0.0574804 0 0 0.187968 0.171203 
169800 0.0167335 0.113679 0.0572793 0 0 0.187699 0.170968 
170000 0.0166973 0.113644 0.0570783 0 0 0.187429 0.170732 
170200 0.0166611 0.11361 0.0568773 0 0 0.187159 0.170497 
170400 0.0166249 0.113575 0.0566763 0 0 0.186889 0.170261 
170600 0.0165887 0.113541 0.0564753 0 0 0.186619 0.170026 
170800 0.0165526 0.113506 0.0562742 0 0 0.186349 0.16979 
171000 0.0165164 0.113472 0.0560732 0 0 0.186079 0.169555 
171200 0.0164802 0.113438 0.0558722 0 0 0.185809 0.169319 
171400 0.016444 0.113403 0.0556712 0 0 0.185539 0.169084 
171600 0.0164078 0.113369 0.0554701 0 0 0.185269 0.168848 
171800 0.0163716 0.113334 0.0552691 0 0 0.184999 0.168613 
172000 0.0163355 0.1133 0.0550681 0 0 0.184729 0.168377 
172200 0.0162993 0.113265 0.0548671 0 0 0.184459 0.168142 
172400 0.0162634 0.113231 0.0546718 0 0 0.184195 0.167912 
172600 0.0162278 0.113196 0.0544823 0 0 0.183936 0.167688 
172800 0.0161922 0.113162 0.0542927 0 0 0.183678 0.167464 
173000 0.0161565 0.113127 0.0541032 0 0 0.18342 0.16724 
173200 0.0161209 0.113093 0.0539136 0 0 0.183161 0.167016 
173400 0.0160853 0.113058 0.0537241 0 0 0.182903 0.166792 
173600 0.0160497 0.113024 0.0535346 0 0 0.182644 0.166568 
173800 0.0160141 0.11299 0.053345 0 0 0.182386 0.166344 
174000 0.0159785 0.112955 0.0531555 0 0 0.182127 0.16612 
174200 0.0159429 0.112921 0.052966 0 0 0.181869 0.165896 
174400 0.0159073 0.112886 0.0527764 0 0 0.18161 0.165672 
174600 0.0158717 0.112852 0.0525869 0 0 0.181352 0.165448 
174800 0.0158361 0.112817 0.0523973 0 0 0.181093 0.165224 
175000 0.0158004 0.112783 0.0522078 0 0 0.180835 0.165 
175200 0.0157648 0.112748 0.0520183 0 0 0.180577 0.164776 
175400 0.0157292 0.112714 0.0518287 0 0 0.180318 0.164552 
175600 0.0156936 0.112679 0.0516392 0 0 0.18006 0.164328 
175800 0.0156611 0.112647 0.0514713 0 0 0.179827 0.164128 
176000 0.0156286 0.112614 0.0513035 0 0 0.179594 0.163927 
176200 0.0155961 0.112582 0.0511356 0 0 0.179361 0.163727 
176400 0.0155636 0.112549 0.0509677 0 0 0.179128 0.163527 
176600 0.0155312 0.112517 0.0507998 0 0 0.178895 0.163326 
176800 0.0154987 0.112484 0.050632 0 0 0.178662 0.163126 
177000 0.0154662 0.112452 0.0504641 0 0 0.17843 0.162926 
177200 0.0154337 0.112419 0.0502962 0 0 0.178197 0.162725 
177400 0.0154012 0.112387 0.0501283 0 0 0.177964 0.162525 
177600 0.0153687 0.112354 0.0499605 0 0 0.177731 0.162324 
177800 0.0153362 0.112322 0.0497926 0 0 0.177498 0.162124 
178000 0.0153037 0.11229 0.0496247 0 0 0.177265 0.161924 
178200 0.0152712 0.112257 0.0494568 0 0 0.177032 0.161723 
178400 0.0152387 0.112225 0.049289 0 0 0.1768 0.161523 
178600 0.0152062 0.112192 0.0491211 0 0 0.176567 0.161323 
178800 0.0151737 0.11216 0.0489532 0 0 0.176334 0.161122 
179000 0.0151413 0.112127 0.0487853 0 0 0.176101 0.160922 
179200 0.0151096 0.112095 0.0486221 0 0 0.175874 0.160727 
179400 0.0150787 0.112062 0.0484634 0 0 0.175652 0.160537 
179600 0.0150478 0.11203 0.0483047 0 0 0.17543 0.160348 
179800 0.015017 0.111997 0.048146 0 0 0.175207 0.160158 
180000 0.0149861 0.111965 0.0479874 0 0 0.174985 0.159969 
180200 0.0149552 0.111932 0.0478287 0 0 0.174763 0.159779 
180400 0.0149244 0.1119 0.04767 0 0 0.174541 0.15959 
180600 0.0148935 0.111867 0.0475114 0 0 0.174319 0.1594 
180800 0.0148626 0.111835 0.0473527 0 0 0.174097 0.159211 
181000 0.0148318 0.111802 0.047194 0 0 0.173875 0.159021 
181200 0.0148009 0.11177 0.0470354 0 0 0.173653 0.158832 
181400 0.01477 0.111737 0.0468767 0 0 0.173431 0.158642 
181600 0.0147392 0.111705 0.046718 0 0 0.173209 0.158452 
181800 0.0147083 0.111672 0.0465594 0 0 0.172987 0.158263 
182000 0.0146774 0.11164 0.0464007 0 0 0.172765 0.158073 
182200 0.0146466 0.111607 0.046242 0 0 0.172543 0.157884 
182400 0.0146157 0.111575 0.0460833 0 0 0.172321 0.157694 
182600 0.0145848 0.111542 0.0459247 0 0 0.172099 0.157505 
182800 0.0145545 0.11151 0.0457752 0 0 0.171882 0.157321 
183000 0.0145242 0.111477 0.0456258 0 0 0.171666 0.157137 
183200 0.0144939 0.111445 0.0454763 0 0 0.171449 0.156952 
183400 0.0144635 0.111412 0.0453268 0 0 0.171233 0.156768 
183600 0.0144332 0.11138 0.0451774 0 0 0.171016 0.156584 
183800 0.0144029 0.111347 0.0450279 0 0 0.170799 0.1564 
184000 0.0143725 0.111315 0.0448784 0 0 0.170583 0.156216 
184200 0.0143422 0.111282 0.044729 0 0 0.170366 0.156032 
184400 0.0143119 0.11125 0.0445795 0 0 0.17015 0.155848 
184600 0.0142816 0.111217 0.0444301 0 0 0.169933 0.155664 
184800 0.0142512 0.111185 0.0442806 0 0 0.169716 0.155479 
185000 0.0142209 0.111152 0.0441311 0 0 0.1695 0.155295 
185200 0.0141906 0.11112 0.0439817 0 0 0.169283 0.155111 
185400 0.0141603 0.111087 0.0438322 0 0 0.169067 0.154927 
185600 0.0141299 0.111055 0.0436827 0 0 0.16885 0.154743 
185800 0.0140996 0.111022 0.0435333 0 0 0.168633 0.154559 
186000 0.0140693 0.11099 0.0433838 0 0 0.168417 0.154375 
186200 0.0140406 0.110958 0.0432427 0 0 0.168214 0.154201 
186400 0.0140134 0.110927 0.0431101 0 0 0.168024 0.154037 
186600 0.0139863 0.110897 0.0429774 0 0 0.167835 0.153873 
186800 0.0139591 0.110866 0.0428447 0 0 0.167645 0.153709 
187000 0.013932 0.110835 0.042712 0 0 0.167455 0.153545 
187200 0.0139048 0.110805 0.0425794 0 0 0.167266 0.153381 
187400 0.0138777 0.110774 0.0424467 0 0 0.167076 0.153217 
187600 0.0138505 0.110743 0.042314 0 0 0.166887 0.153053 
187800 0.0138234 0.110712 0.0421813 0 0 0.166697 0.152889 
188000 0.0137962 0.110682 0.0420487 0 0 0.166508 0.152725 
188200 0.0137691 0.110651 0.041916 0 0 0.166318 0.152561 
188400 0.0137419 0.11062 0.0417833 0 0 0.166129 0.152398 
188600 0.0137148 0.110589 0.0416506 0 0 0.165939 0.152234 
188800 0.0136876 0.110559 0.041518 0 0 0.16575 0.15207 
189000 0.0136605 0.110528 0.0413853 0 0 0.16556 0.151906 
189200 0.0136333 0.110497 0.0412526 0 0 0.165371 0.151742 
189400 0.0136062 0.110466 0.0411199 0 0 0.165181 0.151578 
189600 0.013579 0.110436 0.0409873 0 0 0.164991 0.151414 
189800 0.0135519 0.110405 0.0408546 0 0 0.164802 0.15125 
190000 0.0135252 0.110374 0.0407291 0 0 0.164618 0.151091 
190200 0.0134986 0.110344 0.0406036 0 0 0.164433 0.150932 
190400 0.0134719 0.110313 0.0404781 0 0 0.164249 0.150774 
190600 0.0134453 0.110282 0.0403526 0 0 0.164064 0.150615 
190800 0.0134187 0.110251 0.0402271 0 0 0.16388 0.150456 
191000 0.013392 0.110221 0.0401016 0 0 0.163695 0.150297 
191200 0.0133654 0.11019 0.0399761 0 0 0.163511 0.150138 
191400 0.0133388 0.110159 0.0398506 0 0 0.163327 0.14998 
191600 0.0133121 0.110128 0.039725 0 0 0.163142 0.149821 
191800 0.0132855 0.110098 0.0395995 0 0 0.162958 0.149662 
192000 0.0132588 0.110067 0.039474 0 0 0.162773 0.149503 
192200 0.0132322 0.110036 0.0393485 0 0 0.162589 0.149344 
192400 0.0132056 0.110005 0.039223 0 0 0.162405 0.149186 
192600 0.0131789 0.109975 0.0390975 0 0 0.16222 0.149027 
192800 0.0131523 0.109944 0.038972 0 0 0.162036 0.148868 
193000 0.0131257 0.109913 0.0388465 0 0 0.161851 0.148709 
193200 0.013099 0.109882 0.038721 0 0 0.161667 0.14855 
193400 0.0130724 0.109852 0.0385955 0 0 0.161482 0.148392 
193600 0.0130466 0.109819 0.0384752 0 0 0.161306 0.14824 
193800 0.0130217 0.109784 0.0383599 0 0 0.161136 0.148095 
194000 0.0129967 0.109749 0.0382447 0 0 0.160966 0.147951 
194200 0.0129718 0.109714 0.0381295 0 0 0.160797 0.147806 
194400 0.0129468 0.109679 0.0380143 0 0 0.160627 0.147661 
194600 0.0129219 0.109644 0.0378991 0 0 0.160458 0.147517 
194800 0.012897 0.109609 0.0377838 0 0 0.160288 0.147372 
195000 0.012872 0.109575 0.0376686 0 0 0.160118 0.147227 
195200 0.0128471 0.10954 0.0375534 0 0 0.159949 0.147083 
195400 0.0128221 0.109505 0.0374382 0 0 0.159779 0.146938 
195600 0.0127972 0.10947 0.037323 0 0 0.15961 0.146793 
195800 0.0127723 0.109435 0.0372077 0 0 0.15944 0.146649 
196000 0.0127473 0.1094 0.0370925 0 0 0.15927 0.146504 
196200 0.0127224 0.109365 0.0369773 0 0 0.159101 0.14636 
196400 0.0126974 0.10933 0.0368621 0 0 0.158931 0.146215 
196600 0.0126725 0.109295 0.0367469 0 0 0.158762 0.14607 
196800 0.0126476 0.10926 0.0366317 0 0 0.158592 0.145926 
197000 0.0126226 0.109225 0.0365164 0 0 0.158423 0.145781 
197200 0.0125977 0.10919 0.0364012 0 0 0.158253 0.145636 
197400 0.0125733 0.109159 0.0362892 0 0 0.158084 0.145494 
197600 0.0125494 0.109131 0.0361804 0 0 0.157915 0.145353 
197800 0.0125256 0.109103 0.0360716 0 0 0.157747 0.145213 
198000 0.0125017 0.109075 0.0359628 0 0 0.157578 0.145073 
198200 0.0124778 0.109047 0.035854 0 0 0.15741 0.144932 
198400 0.0124539 0.109019 0.0357452 0 0 0.157242 0.144792 
198600 0.0124301 0.10899 0.0356364 0 0 0.157073 0.144651 
198800 0.0124062 0.108962 0.0355276 0 0 0.156905 0.144511 
199000 0.0123823 0.108934 0.0354187 0 0 0.156736 0.144371 
199200 0.0123585 0.108906 0.0353099 0 0 0.156568 0.14423 
199400 0.0123346 0.108878 0.0352011 0 0 0.156399 0.14409 
199600 0.0123107 0.10885 0.0350923 0 0 0.156231 0.143949 
199800 0.0122869 0.108822 0.0349835 0 0 0.156062 0.143809 
200000 0.012263 0.108794 0.0348747 0 0 0.155894 0.143669 
