1000 4.53653 0.00877652 9080.6 0 0 9084.92 9080.6 
1200 4.41629 0.011371 5837.53 0 0 5841.84 5837.53 
1400 4.30041 0.014011 4015.43 0 0 4019.74 4015.43 
1600 4.18026 0.0165499 2879.31 0 0 2882.93 2879.31 
1800 4.05667 0.0189385 2128.62 0 0 2132.93 2128.62 
2000 3.93266 0.0212431 1622.88 0 0 1627.2 1622.88 
2200 3.81143 0.0234839 1261.23 0 0 1264.47 1261.23 
2400 3.69279 0.025675 1001.49 0 0 1005.26 1001.52 
2600 3.5772 0.0278378 810.186 0 0 813.745 810.186 
2800 3.46331 0.029964 665.636 0 0 669.167 665.664 
3000 3.3536 0.0320587 554.261 0 0 557.604 554.261 
3200 3.24603 0.034133 465.256 0 0 468.491 465.256 
3400 3.14233 0.0361763 394.701 0 0 397.905 394.701 
3600 3.04113 0.0381921 337.911 0 0 341.012 337.911 
3800 2.94395 0.040166 291.822 0 0 294.841 291.93 
4000 2.84894 0.0421195 253.839 0 0 256.75 253.839 
4200 2.75768 0.0440287 222.02 0 0 224.824 222.128 
4400 2.66843 0.0459088 195.372 0 0 198.067 195.372 
4600 2.58311 0.0477519 172.845 0 0 175.444 172.845 
4800 2.50027 0.0495542 153.75 0 0 156.241 153.76 
5000 2.42085 0.0513284 137.379 0 0 139.859 137.379 
5200 2.34432 0.0530586 123.181 0 0 125.637 123.265 
5400 2.27066 0.0547651 110.885 0 0 113.24 110.983 
5600 2.19987 0.0564249 100.242 0 0 102.494 100.296 
5800 2.13152 0.058056 90.9262 0 0 93.1195 90.9895 
6000 2.065 0.0596639 82.7186 0 0 84.8429 82.7833 
6200 2.0016 0.0612331 75.5053 0 0 77.5657 75.5625 
6400 1.94062 0.0627771 69.0493 0 0 71.0566 69.114 
6600 1.88241 0.0642839 63.3738 0 0 65.3189 63.4385 
6800 1.82698 0.0657604 58.2658 0 0 60.1601 58.3305 
7000 1.77378 0.0672014 53.7484 0 0 55.5845 53.8131 
7200 1.72302 0.0686161 393.918 0 0 395.747 394.022 
7400 1.67478 0.0699914 368.674 0 0 370.4 368.674 
7600 1.62861 0.0713467 345.231 0 0 346.957 345.321 
7800 1.58414 0.0726574 323.892 0 0 325.599 323.999 
8000 1.54201 0.0739518 303.981 0 0 305.598 304.089 
8200 1.5014 0.0752103 285.694 0 0 287.312 285.802 
8400 1.46241 0.0764473 268.481 0 0 270.099 268.589 
8600 1.42461 0.0776643 252.727 0 0 254.214 252.812 
8800 1.38874 0.0788472 238.037 0 0 239.482 238.08 
9000 1.35432 0.0800103 224.39 0 0 225.84 224.438 
9200 1.32132 0.0811396 211.732 0 0 213.133 211.806 
9400 1.289 0.0822409 199.954 0 0 201.356 200.062 
9600 1.25822 0.0833321 189.031 0 0 190.337 189.043 
9800 1.22936 0.0843806 178.867 0 0 180.161 178.867 
10000 1.20126 0.0854144 169.405 0 0 170.699 169.513 
10200 1.17538 0.0863957 160.779 0 0 162.073 160.887 
10400 1.14827 0.0874232 152.322 0 0 153.508 152.429 
10600 1.12362 0.0883475 144.927 0 0 146.114 145.035 
10800 1.1 0.0892717 137.944 0 0 139.13 138.052 
11000 1.07687 0.0901863 131.253 0 0 132.439 131.361 
11200 1.05413 0.091091 124.855 0 0 126.041 124.963 
11400 1.03273 0.0919599 119.067 0 0 120.17 119.175 
11600 1.01245 0.0927944 113.707 0 0 114.786 113.815 
11800 0.992229 0.0936362 108.501 0 0 109.58 108.603 
12000 0.972868 0.094449 103.658 0 0 104.727 103.755 
12200 0.95441 0.0952291 99.1556 0 0 100.207 99.2526 
12400 0.935933 0.0960165 94.7583 0 0 95.7909 94.8554 
12600 0.919025 0.0967498 90.8419 0 0 91.8572 90.9389 
12800 0.901806 0.0975106 86.9645 0 0 87.962 87.0616 
13000 0.885278 0.0982409 83.3268 0 0 84.3128 83.4238 
13200 0.869452 0.0989445 79.9294 0 0 80.9033 80.0265 
13400 0.854156 0.099633 76.7264 0 0 77.6836 76.8234 
13600 0.839143 0.100321 73.6573 0 0 74.5979 73.7544 
13800 0.824805 0.100975 70.8138 0 0 71.7384 70.9109 
14000 0.810747 0.101622 68.0781 0 0 68.9867 68.1751 
14200 0.796958 0.102264 65.4442 0 0 66.3369 65.5412 
14400 0.783787 0.10288 63.0025 0 0 63.8798 63.0995 
14600 0.770789 0.103491 60.6475 0 0 61.521 60.7503 
14800 0.758073 0.104093 58.3835 0 0 59.2514 58.4913 
15000 0.745772 0.104684 56.2348 0 0 57.0867 56.3427 
15200 0.733918 0.10526 54.231 0 0 55.0695 54.3388 
15400 0.722221 0.105828 52.2838 0 0 53.1109 52.3917 
15600 0.710863 0.106382 50.4291 0 0 51.249 50.5369 
15800 0.700051 0.106912 48.7171 0 0 49.5235 48.825 
16000 0.689323 0.10744 47.0461 0 0 47.8413 47.1539 
16200 0.678679 0.107969 45.4251 0 0 46.2133 45.533 
16400 0.668272 0.108462 43.8751 0 0 44.6564 43.9829 
16600 0.658133 0.10896 42.3891 0 0 43.1616 42.4969 
16800 0.648526 0.109483 41.0232 0 0 41.7826 41.131 
17000 0.639047 0.109963 39.6998 0 0 40.4461 39.8076 
17200 0.629636 0.110421 38.3993 0 0 39.1325 38.5071 
17400 0.620356 0.110878 37.1641 0 0 37.8908 37.2719 
17600 0.611304 0.111327 35.9752 0 0 36.6955 36.083 
17800 0.602678 0.111758 34.8722 0 0 35.5864 34.9801 
18000 0.594162 0.112189 33.8025 0 0 34.5105 33.914 
18200 0.58572 0.112621 32.755 0 0 33.4568 32.8727 
18400 0.577436 0.113052 31.7546 0 0 32.4451 31.868 
18600 0.569229 0.113481 30.7726 0 0 31.4513 30.881 
18800 0.561477 0.113889 29.8808 0 0 30.5537 29.995 
19000 0.553768 0.114297 29.0006 0 0 29.6677 29.1192 
19200 0.546191 0.114705 28.1555 0 0 28.8167 28.2741 
19400 0.53866 0.115113 27.3289 0 0 27.9844 27.4475 
19600 0.531199 0.115521 26.5304 0 0 27.18 26.649 
19800 0.523977 0.115896 25.7731 0 0 26.4163 25.8917 
20000 0.516951 0.116244 25.0496 0 0 25.6858 25.1682 
20200 0.510033 0.116584 24.3611 0 0 24.9832 24.4797 
20400 0.503176 0.116971 23.6809 0 0 24.2975 23.7995 
20600 0.4965 0.117317 23.0328 0 0 23.644 23.1514 
20800 0.489922 0.11764 22.402 0 0 23.0078 22.5206 
21000 0.483551 0.117993 21.8017 0 0 22.4021 21.9203 
21200 0.477292 0.118361 21.2178 0 0 21.813 21.3364 
21400 0.471153 0.118693 20.6608 0 0 21.2508 20.7794 
21600 0.465093 0.119001 20.1216 0 0 20.7065 20.2402 
21800 0.459086 0.119309 19.5979 0 0 20.1776 19.7165 
22000 0.453129 0.119617 19.0895 0 0 19.6641 19.2081 
22200 0.447288 0.119923 18.5959 0 0 19.1634 18.7145 
22400 0.441621 0.120224 18.1244 0 0 18.6819 18.2431 
22600 0.43601 0.120523 17.6606 0 0 18.2105 17.7804 
22800 0.430569 0.120817 17.2194 0 0 17.7694 17.3442 
23000 0.425139 0.121111 16.7802 0 0 17.3299 16.9094 
23200 0.419916 0.121398 16.3777 0 0 16.9226 16.502 
23400 0.414692 0.121686 15.9751 0 0 16.5152 16.0947 
23600 0.409634 0.121968 15.5945 0 0 16.1262 15.7131 
23800 0.404617 0.12225 15.2194 0 0 15.7417 15.3381 
24000 0.399723 0.122505 14.8575 0 0 15.3751 14.9761 
24200 0.39495 0.122734 14.5088 0 0 15.0264 14.6274 
24400 0.390207 0.12297 14.1638 0 0 14.6808 14.2831 
24600 0.385624 0.123239 13.8403 0 0 14.3528 13.9641 
24800 0.381041 0.123509 13.5168 0 0 14.0248 13.6451 
25000 0.376525 0.123745 13.2068 0 0 13.7103 13.3362 
25200 0.372032 0.12397 12.9013 0 0 13.4003 13.0307 
25400 0.367632 0.124191 12.6061 0 0 13.1006 12.7355 
25600 0.363405 0.124407 12.33 0 0 12.8202 12.4594 
25800 0.359178 0.124622 12.054 0 0 12.5399 12.1834 
26000 0.355025 0.124838 11.7889 0 0 12.2705 11.9183 
26200 0.350884 0.125054 11.5258 0 0 12.0031 11.6552 
26400 0.346842 0.125281 11.2713 0 0 11.7451 11.4 
26600 0.342985 0.12553 11.0329 0 0 11.5045 11.1595 
26800 0.339128 0.125779 10.7944 0 0 11.264 10.9189 
27000 0.335333 0.125965 10.5652 0 0 11.0303 10.6899 
27200 0.331559 0.126131 10.3392 0 0 10.7988 10.4647 
27400 0.327818 0.126302 10.1162 0 0 10.5707 10.2423 
27600 0.324263 0.126502 9.91008 0 0 10.361 10.0362 
27800 0.320709 0.126702 9.704 0 0 10.1513 9.83016 
28000 0.31719 0.126901 9.50277 0 0 9.94668 9.62911 
28200 0.313716 0.127101 9.30747 0 0 9.74819 9.43422 
28400 0.310241 0.127301 9.11218 0 0 9.5497 9.23932 
28600 0.306917 0.127466 8.92991 0 0 9.36432 9.05715 
28800 0.303644 0.12762 8.75198 0 0 9.18332 8.87923 
29000 0.30037 0.127774 8.57406 0 0 9.00231 8.7013 
29200 0.297223 0.127962 8.40809 0 0 8.83331 8.53533 
29400 0.294083 0.128151 8.24275 0 0 8.66494 8.36999 
29600 0.290954 0.128337 8.07817 0 0 8.49733 8.20546 
29800 0.287924 0.128491 7.92053 0 0 8.33661 8.04833 
30000 0.284894 0.128645 7.76289 0 0 8.17589 7.89121 
30200 0.281908 0.128789 7.61168 0 0 8.02189 7.7401 
30400 0.27902 0.128935 7.46839 0 0 7.87604 7.59717 
30600 0.276133 0.129081 7.3251 0 0 7.73019 7.45425 
30800 0.273292 0.129227 7.1849 0 0 7.58744 7.3143 
31000 0.27056 0.129371 7.05191 0 0 7.45193 7.18131 
31200 0.267828 0.129514 6.91892 0 0 7.31642 7.04832 
31400 0.265133 0.129657 6.7893 0 0 7.18421 6.9187 
31600 0.262524 0.129796 6.66755 0 0 7.05968 6.79695 
31800 0.259915 0.129935 6.5458 0 0 6.93515 6.6752 
32000 0.257327 0.130074 6.42531 0 0 6.81201 6.55478 
32200 0.254823 0.130213 6.30982 0 0 6.69444 6.43964 
32400 0.252318 0.130353 6.19434 0 0 6.57686 6.3245 
32600 0.249825 0.130491 6.07985 0 0 6.46027 6.21033 
32800 0.247433 0.130626 5.97438 0 0 6.35243 6.10486 
33000 0.24504 0.130761 5.8689 0 0 6.2446 5.99938 
33200 0.242648 0.130896 5.76343 0 0 6.13677 5.89391 
33400 0.240378 0.130999 5.66449 0 0 6.0355 5.79497 
33600 0.238121 0.131098 5.56628 0 0 5.93497 5.69676 
33800 0.235865 0.131198 5.46807 0 0 5.83444 5.59855 
34000 0.233653 0.131296 5.37423 0 0 5.73851 5.50492 
34200 0.231463 0.131394 5.28273 0 0 5.64505 5.41375 
34400 0.229274 0.131492 5.19124 0 0 5.55159 5.32258 
34600 0.227129 0.131589 5.10235 0 0 5.46077 5.23391 
34800 0.225068 0.131685 5.0183 0 0 5.37482 5.14986 
35000 0.223006 0.13178 4.93426 0 0 5.28887 5.06581 
35200 0.220945 0.131875 4.85021 0 0 5.20292 4.98177 
35400 0.218944 0.132 4.77038 0 0 5.12119 4.90224 
35600 0.216945 0.132127 4.69078 0 0 5.03968 4.82295 
35800 0.214947 0.132254 4.61117 0 0 4.95817 4.74366 
36000 0.213029 0.132344 4.53575 0 0 4.88106 4.66839 
36200 0.211176 0.132405 4.46376 0 0 4.80755 4.5964 
36400 0.209323 0.132466 4.39177 0 0 4.73404 4.52441 
36600 0.20747 0.132527 4.31978 0 0 4.66054 4.45242 
36800 0.205678 0.132618 4.25205 0 0 4.59067 4.38468 
37000 0.203886 0.132709 4.18431 0 0 4.52081 4.31694 
37200 0.202094 0.1328 4.11657 0 0 4.45095 4.24921 
37400 0.200337 0.13289 4.05113 0 0 4.38367 4.18377 
37600 0.198624 0.132979 3.9885 0 0 4.31956 4.12114 
37800 0.19691 0.133067 3.92587 0 0 4.25545 4.0585 
38000 0.195197 0.133156 3.86324 0 0 4.19134 3.99587 
38200 0.193566 0.13322 3.8047 0 0 4.13136 3.93757 
38400 0.191955 0.133277 3.74719 0 0 4.07242 3.88034 
38600 0.190345 0.133335 3.68968 0 0 4.01347 3.82312 
38800 0.188736 0.133394 3.63233 0 0 3.95468 3.76604 
39000 0.187155 0.13348 3.57798 0 0 3.89889 3.71169 
39200 0.185573 0.133566 3.52363 0 0 3.84311 3.65735 
39400 0.183992 0.133652 3.46928 0 0 3.78732 3.603 
39600 0.182449 0.133727 3.41619 0 0 3.7328 3.5499 
39800 0.180995 0.133774 3.36603 0 0 3.68123 3.49974 
40000 0.179542 0.133821 3.31586 0 0 3.62965 3.44957 
40200 0.178126 0.133888 3.26734 0 0 3.57978 3.40172 
40400 0.17672 0.13395 3.21988 0 0 3.53086 3.35456 
40600 0.175328 0.134005 3.17401 0 0 3.48336 3.30842 
40800 0.173936 0.134059 3.12815 0 0 3.43585 3.26228 
41000 0.172543 0.134114 3.08229 0 0 3.38835 3.21615 
41200 0.171171 0.134168 3.03765 0 0 3.34233 3.17149 
41400 0.169823 0.134222 2.99452 0 0 3.29812 3.12862 
41600 0.168475 0.134276 2.95139 0 0 3.25391 3.08576 
41800 0.167127 0.13433 2.90825 0 0 3.2097 3.04289 
42000 0.165818 0.134383 2.86666 0 0 3.16704 3.00145 
42200 0.164556 0.134436 2.82694 0 0 3.12627 2.96173 
42400 0.163293 0.134489 2.78723 0 0 3.08551 2.92202 
42600 0.162031 0.134541 2.74752 0 0 3.04474 2.88231 
42800 0.160783 0.134585 2.70879 0 0 3.00487 2.84358 
43000 0.159561 0.13461 2.67189 0 0 2.96668 2.80668 
43200 0.15834 0.134636 2.63499 0 0 2.92848 2.76978 
43400 0.157119 0.134662 2.5981 0 0 2.89028 2.73289 
43600 0.155916 0.134693 2.56186 0 0 2.85276 2.69665 
43800 0.154788 0.134743 2.52825 0 0 2.8179 2.66305 
44000 0.153659 0.134794 2.49465 0 0 2.78304 2.62944 
44200 0.152531 0.134844 2.46105 0 0 2.74818 2.59584 
44400 0.151402 0.134894 2.42744 0 0 2.71333 2.56223 
44600 0.150296 0.134921 2.39542 0 0 2.68027 2.53021 
44800 0.149193 0.134947 2.36357 0 0 2.64742 2.49836 
45000 0.14809 0.134972 2.33172 0 0 2.61457 2.46651 
45200 0.146986 0.134997 2.29987 0 0 2.58172 2.43467 
45400 0.14592 0.135021 2.26969 0 0 2.55055 2.40448 
45600 0.144878 0.135046 2.24061 0 0 2.5205 2.3754 
45800 0.143836 0.13507 2.21153 0 0 2.49045 2.34632 
46000 0.142794 0.135094 2.18245 0 0 2.46041 2.31724 
46200 0.141761 0.135118 2.15367 0 0 2.43066 2.28846 
46400 0.140778 0.135142 2.1266 0 0 2.40262 2.26139 
46600 0.139796 0.135166 2.09952 0 0 2.37459 2.23431 
46800 0.138813 0.13519 2.07244 0 0 2.34655 2.20723 
47000 0.137831 0.135214 2.04536 0 0 2.31851 2.18015 
47200 0.136877 0.135238 2.01958 0 0 2.29179 2.15437 
47400 0.13594 0.135261 1.9945 0 0 2.26577 2.12929 
47600 0.135002 0.135285 1.96941 0 0 2.23975 2.10421 
47800 0.134064 0.135308 1.94433 0 0 2.21373 2.07912 
48000 0.133129 0.135331 1.91934 0 0 2.1878 2.05415 
48200 0.132234 0.135354 1.89617 0 0 2.16371 2.0312 
48400 0.131339 0.135377 1.873 0 0 2.13962 2.00826 
48600 0.130444 0.1354 1.84983 0 0 2.11553 1.98532 
48800 0.12955 0.135423 1.82665 0 0 2.09144 1.96237 
49000 0.128669 0.135446 1.80412 0 0 2.068 1.93991 
49200 0.127816 0.135468 1.78278 0 0 2.04576 1.91835 
49400 0.126962 0.135491 1.76144 0 0 2.02352 1.89678 
49600 0.126108 0.135513 1.7401 0 0 2.00128 1.87521 
49800 0.125255 0.135536 1.71875 0 0 1.97904 1.85365 
50000 0.124439 0.135546 1.69729 0 0 1.95717 1.83316 
50200 0.123637 0.135546 1.67748 0 0 1.9366 1.81335 
50400 0.122834 0.135546 1.65767 0 0 1.91604 1.79354 
50600 0.122032 0.135546 1.63786 0 0 1.89548 1.77373 
50800 0.121229 0.135546 1.61804 0 0 1.87491 1.75391 
51000 0.120445 0.135561 1.59927 0 0 1.85531 1.73514 
51200 0.119669 0.135583 1.58094 0 0 1.83611 1.71681 
51400 0.118892 0.135604 1.56261 0 0 1.81692 1.69848 
51600 0.118116 0.135626 1.54427 0 0 1.79772 1.68014 
51800 0.117339 0.135647 1.52594 0 0 1.77853 1.66181 
52000 0.116598 0.135654 1.50849 0 0 1.76037 1.64435 
52200 0.115872 0.135654 1.4914 0 0 1.74264 1.62727 
52400 0.115146 0.135654 1.47432 0 0 1.72492 1.61019 
52600 0.11442 0.135654 1.45724 0 0 1.7072 1.59311 
52800 0.113694 0.135654 1.44016 0 0 1.68947 1.57603 
53000 0.112982 0.135654 1.42393 0 0 1.67262 1.5598 
53200 0.112277 0.135654 1.40817 0 0 1.65624 1.54404 
53400 0.111572 0.135654 1.39241 0 0 1.63986 1.52828 
53600 0.110867 0.135654 1.37665 0 0 1.62348 1.51252 
53800 0.110162 0.135654 1.36089 0 0 1.60709 1.49676 
54000 0.109478 0.135654 1.34566 0 0 1.59115 1.48153 
54200 0.108821 0.135654 1.33108 0 0 1.57575 1.46695 
54400 0.108164 0.135654 1.3165 0 0 1.56034 1.45236 
54600 0.107506 0.135654 1.30191 0 0 1.54494 1.43778 
54800 0.106849 0.135654 1.28733 0 0 1.52953 1.4232 
55000 0.106197 0.135654 1.27296 0 0 1.51439 1.40879 
55200 0.105564 0.135654 1.25946 0 0 1.50028 1.39509 
55400 0.104931 0.135654 1.24595 0 0 1.48617 1.38138 
55600 0.104298 0.135654 1.23245 0 0 1.47206 1.36767 
55800 0.103665 0.135654 1.21894 0 0 1.45795 1.35397 
56000 0.103032 0.135654 1.20544 0 0 1.44384 1.34026 
56200 0.102431 0.135654 1.19275 0 0 1.43056 1.32771 
56400 0.101835 0.135654 1.1802 0 0 1.41742 1.31535 
56600 0.101239 0.135654 1.16765 0 0 1.40429 1.303 
56800 0.100643 0.135654 1.15511 0 0 1.39115 1.29065 
57000 0.100047 0.135654 1.14256 0 0 1.37802 1.2783 
57200 0.0994596 0.135654 1.13036 0 0 1.36523 1.26623 
57400 0.0988897 0.135654 1.1188 0 0 1.3531 1.25467 
57600 0.0983197 0.135654 1.10725 0 0 1.34097 1.24312 
57800 0.0977497 0.135654 1.0957 0 0 1.32884 1.23157 
58000 0.0971797 0.135654 1.08414 0 0 1.31671 1.22001 
58200 0.0966098 0.135654 1.07259 0 0 1.30458 1.20846 
58400 0.0960615 0.13564 1.06167 0 0 1.29317 1.19748 
58600 0.0955204 0.135621 1.05096 0 0 1.28201 1.1867 
58800 0.0949794 0.135602 1.04026 0 0 1.27085 1.17592 
59000 0.0944383 0.135583 1.02955 0 0 1.25969 1.16513 
59200 0.0938973 0.135564 1.01884 0 0 1.24852 1.15435 
59400 0.0933569 0.135546 1.00816 0 0 1.23737 1.14359 
59600 0.0928301 0.135546 0.997977 0 0 1.22641 1.13334 
59800 0.0923033 0.135546 0.987795 0 0 1.21545 1.12309 
60000 0.0917765 0.135546 0.977613 0 0 1.20449 1.11284 
60200 0.0912707 0.135546 0.967927 0 0 1.1943 1.10342 
60400 0.0907649 0.135546 0.958242 0 0 1.1841 1.09401 
60600 0.0902621 0.135541 0.948675 0 0 1.17403 1.08463 
60800 0.0897687 0.135523 0.939464 0 0 1.16435 1.07533 
61000 0.0892752 0.135505 0.930252 0 0 1.15466 1.06602 
61200 0.0887817 0.135486 0.921041 0 0 1.14497 1.05672 
61400 0.0882882 0.135468 0.911829 0 0 1.13529 1.04742 
61600 0.0877948 0.13545 0.902618 0 0 1.1256 1.03812 
61800 0.0873112 0.135432 0.893661 0 0 1.11619 1.0291 
62000 0.086846 0.135414 0.885177 0 0 1.10727 1.02061 
62200 0.0863808 0.135396 0.876693 0 0 1.09836 1.01213 
62400 0.0859156 0.135378 0.868208 0 0 1.08945 1.00365 
62600 0.0854504 0.135361 0.859724 0 0 1.08054 0.995163 
62800 0.0849852 0.135343 0.85124 0 0 1.07163 0.986678 
63000 0.084526 0.135325 0.84294 0 0 1.06288 0.978373 
63200 0.0840806 0.135307 0.835067 0 0 1.05454 0.970483 
63400 0.0836352 0.13529 0.827195 0 0 1.04619 0.962592 
63600 0.0831899 0.135272 0.819322 0 0 1.03785 0.954702 
63800 0.0827445 0.135255 0.811449 0 0 1.0295 0.946812 
64000 0.0822992 0.135237 0.803577 0 0 1.02115 0.938922 
64200 0.081857 0.13522 0.79579 0 0 1.0129 0.931115 
64400 0.0814325 0.135203 0.788492 0 0 1.00515 0.923782 
64600 0.0810081 0.135185 0.781194 0 0 0.997405 0.91645 
64800 0.0805837 0.135168 0.773896 0 0 0.989658 0.909117 
65000 0.0801592 0.135151 0.766598 0 0 0.981911 0.901785 
65200 0.0797348 0.135134 0.759299 0 0 0.974165 0.894452 
65400 0.0793104 0.135116 0.752001 0 0 0.966418 0.887119 
65600 0.078907 0.135099 0.745206 0 0 0.959199 0.880305 
65800 0.078506 0.135083 0.738466 0 0 0.952038 0.873549 
66000 0.078105 0.135066 0.731727 0 0 0.944877 0.866792 
66200 0.077704 0.135049 0.724987 0 0 0.937716 0.860036 
66400 0.077303 0.135032 0.718248 0 0 0.930555 0.85328 
66600 0.076902 0.135015 0.711508 0 0 0.923395 0.846523 
66800 0.0765114 0.134999 0.705035 0 0 0.916513 0.840034 
67000 0.0761311 0.134982 0.698829 0 0 0.909912 0.833811 
67200 0.0757508 0.134966 0.692622 0 0 0.90331 0.827588 
67400 0.0753705 0.134949 0.686415 0 0 0.896708 0.821364 
67600 0.0749902 0.134933 0.680209 0 0 0.890107 0.815141 
67800 0.0746099 0.134916 0.674002 0 0 0.883505 0.808918 
68000 0.0742296 0.1349 0.667796 0 0 0.876903 0.802695 
68200 0.073864 0.134868 0.662017 0 0 0.870735 0.796885 
68400 0.0734991 0.134836 0.65626 0 0 0.864589 0.791096 
68600 0.0731343 0.134803 0.650504 0 0 0.858444 0.785307 
68800 0.0727694 0.134771 0.644747 0 0 0.852298 0.779518 
69000 0.0724046 0.134738 0.638991 0 0 0.846152 0.773729 
69200 0.0720397 0.134706 0.633234 0 0 0.840007 0.76794 
69400 0.0716803 0.134678 0.627594 0 0 0.833984 0.762273 
69600 0.0713337 0.134662 0.622227 0 0 0.828249 0.756889 
69800 0.070987 0.134646 0.616859 0 0 0.822514 0.751506 
70000 0.0706403 0.134631 0.611491 0 0 0.816779 0.746122 
70200 0.0702937 0.134615 0.606124 0 0 0.811044 0.740738 
70400 0.069947 0.134599 0.600756 0 0 0.805309 0.735355 
70600 0.0696004 0.134583 0.595388 0 0 0.799573 0.729971 
70800 0.069263 0.134558 0.590257 0 0 0.794079 0.724815 
71000 0.0689332 0.134527 0.585318 0 0 0.788781 0.719845 
71200 0.0686035 0.134496 0.58038 0 0 0.783483 0.714876 
71400 0.0682737 0.134464 0.575441 0 0 0.778185 0.709906 
71600 0.067944 0.134433 0.570503 0 0 0.772887 0.704936 
71800 0.0676142 0.134402 0.565565 0 0 0.767589 0.699966 
72000 0.0672845 0.134371 0.560626 0 0 0.762292 0.694997 
72200 0.0669653 0.13434 0.555935 0 0 0.757246 0.690275 
72400 0.0666517 0.134309 0.551377 0 0 0.752336 0.685686 
72600 0.0663382 0.134279 0.546819 0 0 0.747426 0.681098 
72800 0.0660246 0.134248 0.542261 0 0 0.742516 0.676509 
73000 0.065711 0.134217 0.537703 0 0 0.737607 0.67192 
73200 0.0653975 0.134187 0.533145 0 0 0.732697 0.667332 
73400 0.0650839 0.134156 0.528587 0 0 0.727787 0.662743 
73600 0.0647806 0.134126 0.524238 0 0 0.7231 0.658364 
73800 0.064484 0.134096 0.52003 0 0 0.718562 0.654126 
74000 0.0641875 0.134066 0.515821 0 0 0.714024 0.649888 
74200 0.063891 0.134036 0.511613 0 0 0.709486 0.645649 
74400 0.0635944 0.134006 0.507405 0 0 0.704948 0.641411 
74600 0.0632979 0.133976 0.503196 0 0 0.70041 0.637172 
74800 0.0630013 0.133946 0.498988 0 0 0.695872 0.632934 
75000 0.0627094 0.133917 0.494897 0 0 0.69146 0.628813 
75200 0.0624243 0.133887 0.490982 0 0 0.687235 0.624869 
75400 0.0621392 0.133858 0.487068 0 0 0.68301 0.620925 
75600 0.0618541 0.133828 0.483153 0 0 0.678786 0.616981 
75800 0.061569 0.133798 0.479239 0 0 0.674561 0.613037 
76000 0.0612839 0.133769 0.475324 0 0 0.670336 0.609093 
76200 0.0609988 0.133739 0.47141 0 0 0.666112 0.605149 
76400 0.0607155 0.13371 0.467526 0 0 0.66192 0.601237 
76600 0.0604481 0.133681 0.463917 0 0 0.658023 0.597614 
76800 0.0601807 0.133652 0.460308 0 0 0.654127 0.593991 
77000 0.0599132 0.133624 0.456699 0 0 0.650231 0.590368 
77200 0.0596458 0.133595 0.453091 0 0 0.646334 0.586744 
77400 0.0593784 0.133566 0.449482 0 0 0.642438 0.583121 
77600 0.059111 0.133537 0.445873 0 0 0.638542 0.579498 
77800 0.0588435 0.133509 0.442264 0 0 0.634645 0.575875 
78000 0.0585825 0.13348 0.43882 0 0 0.630907 0.572399 
78200 0.0583257 0.133452 0.435486 0 0 0.627275 0.569023 
78400 0.0580688 0.133423 0.432152 0 0 0.623643 0.565646 
78600 0.057812 0.133395 0.428817 0 0 0.620011 0.562269 
78800 0.0575552 0.133367 0.425483 0 0 0.616378 0.558892 
79000 0.0572984 0.133338 0.422149 0 0 0.612746 0.555515 
79200 0.0570416 0.13331 0.418814 0 0 0.609114 0.552138 
79400 0.0567848 0.133281 0.41548 0 0 0.605482 0.548761 
79600 0.0565368 0.133245 0.412317 0 0 0.602067 0.545562 
79800 0.0562887 0.13321 0.409154 0 0 0.598652 0.542363 
80000 0.0560407 0.133174 0.405991 0 0 0.595237 0.539164 
80200 0.0557978 0.133151 0.402949 0 0 0.5919 0.536077 
80400 0.0555549 0.133128 0.399907 0 0 0.588563 0.532989 
80600 0.055312 0.133105 0.396865 0 0 0.585226 0.529902 
80800 0.0550691 0.133083 0.393823 0 0 0.581889 0.526815 
81000 0.0548293 0.133056 0.390829 0 0 0.578609 0.52378 
81200 0.0545987 0.133015 0.387981 0 0 0.575503 0.520905 
81400 0.0543681 0.132974 0.385132 0 0 0.572397 0.518029 
81600 0.0541375 0.132933 0.382284 0 0 0.569291 0.515154 
81800 0.0539069 0.132893 0.379435 0 0 0.566185 0.512278 
82000 0.0536763 0.132852 0.376587 0 0 0.563079 0.509402 
82200 0.0534458 0.132811 0.373738 0 0 0.559973 0.506527 
82400 0.0532152 0.132771 0.37089 0 0 0.556867 0.503651 
82600 0.0529875 0.132734 0.368105 0 0 0.553824 0.500835 
82800 0.0527664 0.132707 0.365466 0 0 0.550931 0.498156 
83000 0.0525454 0.132681 0.362827 0 0 0.548037 0.495477 
83200 0.0523244 0.132654 0.360188 0 0 0.545144 0.492797 
83400 0.0521034 0.132627 0.357549 0 0 0.542251 0.490118 
83600 0.0518823 0.1326 0.35491 0 0 0.539357 0.487439 
83800 0.0516613 0.132573 0.352271 0 0 0.536464 0.48476 
84000 0.0514403 0.132547 0.349632 0 0 0.53357 0.482081 
84200 0.0512222 0.132517 0.347045 0 0 0.53073 0.479458 
84400 0.0510131 0.132478 0.344614 0 0 0.528051 0.477 
84600 0.050804 0.132438 0.342183 0 0 0.525371 0.474543 
84800 0.0505949 0.132399 0.339752 0 0 0.522692 0.472086 
85000 0.0503857 0.13236 0.337321 0 0 0.520012 0.469628 
85200 0.0501766 0.132321 0.33489 0 0 0.517333 0.467171 
85400 0.0499675 0.132282 0.332458 0 0 0.514654 0.464714 
85600 0.0497583 0.132242 0.330027 0 0 0.511974 0.462257 
85800 0.0495492 0.132203 0.327596 0 0 0.509295 0.459799 
86000 0.049349 0.132164 0.325323 0 0 0.506789 0.457488 
86200 0.0491489 0.132126 0.32305 0 0 0.504284 0.455176 
86400 0.0489487 0.132087 0.320778 0 0 0.501779 0.452864 
86600 0.0487485 0.132048 0.318505 0 0 0.499273 0.450553 
86800 0.0485484 0.132009 0.316232 0 0 0.496768 0.448241 
87000 0.0483482 0.131971 0.313959 0 0 0.494263 0.44593 
87200 0.048148 0.131932 0.311686 0 0 0.491757 0.443618 
87400 0.0479478 0.131893 0.309413 0 0 0.489252 0.441306 
87600 0.0477548 0.131863 0.307265 0 0 0.486875 0.43912 
87800 0.0475656 0.131838 0.305184 0 0 0.484567 0.437001 
88000 0.0473765 0.131813 0.303103 0 0 0.482259 0.434882 
88200 0.0471873 0.131788 0.301022 0 0 0.479951 0.432764 
88400 0.0469981 0.131762 0.298941 0 0 0.477643 0.430645 
88600 0.0468089 0.131737 0.29686 0 0 0.475335 0.428526 
88800 0.0466197 0.131712 0.294779 0 0 0.473027 0.426407 
89000 0.0464306 0.131687 0.292698 0 0 0.470719 0.424288 
89200 0.0462424 0.13166 0.290633 0 0 0.468428 0.422185 
89400 0.0460637 0.131623 0.28871 0 0 0.466296 0.420226 
89600 0.045885 0.131586 0.286788 0 0 0.464164 0.418266 
89800 0.0457063 0.131549 0.284865 0 0 0.462032 0.416307 
90000 0.0455276 0.131512 0.282943 0 0 0.4599 0.414347 
90200 0.045349 0.131475 0.28102 0 0 0.457768 0.412388 
90400 0.0451703 0.131438 0.279098 0 0 0.455636 0.410428 
90600 0.0449916 0.131401 0.277175 0 0 0.453504 0.408469 
90800 0.0448129 0.131364 0.275253 0 0 0.451372 0.40651 
91000 0.0446369 0.131328 0.27338 0 0 0.449291 0.404604 
91200 0.0444661 0.131291 0.271599 0 0 0.447304 0.402799 
91400 0.0442953 0.131255 0.269818 0 0 0.445317 0.400993 
91600 0.0441244 0.131219 0.268037 0 0 0.44333 0.399188 
91800 0.0439536 0.131182 0.266256 0 0 0.441343 0.397383 
92000 0.0437827 0.131146 0.264475 0 0 0.439356 0.395578 
92200 0.0436119 0.13111 0.262694 0 0 0.437369 0.393772 
92400 0.0434411 0.131073 0.260912 0 0 0.435382 0.391967 
92600 0.0432702 0.131037 0.259131 0 0 0.433395 0.390162 
92800 0.0431028 0.131001 0.257407 0 0 0.431471 0.388407 
93000 0.0429396 0.130965 0.25575 0 0 0.429624 0.386715 
93200 0.0427763 0.130929 0.254094 0 0 0.427777 0.385023 
93400 0.0426131 0.130894 0.252438 0 0 0.42593 0.383332 
93600 0.0424499 0.130858 0.250782 0 0 0.424083 0.38164 
93800 0.0422866 0.130822 0.249125 0 0 0.422237 0.379948 
94000 0.0421234 0.130786 0.247469 0 0 0.42039 0.378256 
94200 0.0419601 0.130751 0.245813 0 0 0.418543 0.376564 
94400 0.0417969 0.130715 0.244157 0 0 0.416696 0.374872 
94600 0.0416374 0.130675 0.242557 0 0 0.414902 0.373232 
94800 0.0414835 0.130628 0.241041 0 0 0.413189 0.37167 
95000 0.0413297 0.130582 0.239526 0 0 0.411475 0.370107 
95200 0.0411758 0.130535 0.23801 0 0 0.409761 0.368545 
95400 0.0410219 0.130488 0.236495 0 0 0.408048 0.366983 
95600 0.040868 0.130442 0.234979 0 0 0.406334 0.365421 
95800 0.0407141 0.130395 0.233464 0 0 0.40462 0.363859 
96000 0.0405602 0.130348 0.231948 0 0 0.402907 0.362297 
96200 0.0404064 0.130302 0.230433 0 0 0.401193 0.360735 
96400 0.0402535 0.130257 0.228933 0 0 0.399497 0.35919 
96600 0.0401067 0.130223 0.227522 0 0 0.397903 0.357745 
96800 0.0399599 0.130188 0.226111 0 0 0.396308 0.356299 
97000 0.039813 0.130154 0.2247 0 0 0.394714 0.354854 
97200 0.0396662 0.130119 0.223289 0 0 0.393119 0.353408 
97400 0.0395194 0.130085 0.221878 0 0 0.391524 0.351963 
97600 0.0393725 0.13005 0.220467 0 0 0.38993 0.350518 
97800 0.0392257 0.130016 0.219056 0 0 0.388335 0.349072 
98000 0.0390789 0.129982 0.217645 0 0 0.386741 0.347627 
98200 0.038932 0.129947 0.216234 0 0 0.385146 0.346181 
98400 0.0387909 0.129911 0.214902 0 0 0.383629 0.344813 
98600 0.0386516 0.129874 0.213595 0 0 0.382138 0.343469 
98800 0.0385123 0.129837 0.212289 0 0 0.380647 0.342126 
99000 0.0383731 0.1298 0.210983 0 0 0.379156 0.340783 
99200 0.0382338 0.129763 0.209676 0 0 0.377665 0.339439 
99400 0.0380946 0.129726 0.20837 0 0 0.376173 0.338096 
99600 0.0379553 0.129689 0.207064 0 0 0.374682 0.336753 
99800 0.0378161 0.129652 0.205757 0 0 0.373191 0.335409 
100000 0.0376768 0.129615 0.204451 0 0 0.3717 0.334066 
100200 0.0375582 0.129615 0.203373 0 0 0.370514 0.332988 
100400 0.037422 0.12957 0.202136 0 0 0.369095 0.331705 
100600 0.0372858 0.129524 0.200898 0 0 0.367676 0.330423 
100800 0.0371496 0.129479 0.199661 0 0 0.366257 0.32914 
101000 0.0370133 0.129433 0.198424 0 0 0.364838 0.327857 
101200 0.0368771 0.129388 0.197187 0 0 0.363419 0.326575 
101400 0.0367409 0.129343 0.195949 0 0 0.362001 0.325292 
101600 0.0366047 0.129297 0.194712 0 0 0.360582 0.324009 
101800 0.0364685 0.129252 0.193475 0 0 0.359163 0.322727 
102000 0.0363323 0.129206 0.192238 0 0 0.357744 0.321444 
102200 0.0362016 0.129168 0.191064 0 0 0.356398 0.320231 
102400 0.0360766 0.129135 0.189953 0 0 0.355126 0.319088 
102600 0.0359515 0.129103 0.188842 0 0 0.353853 0.317945 
102800 0.0358264 0.129071 0.187732 0 0 0.352581 0.316802 
103000 0.0357013 0.129038 0.186621 0 0 0.351309 0.315659 
103200 0.0355762 0.129006 0.18551 0 0 0.350036 0.314516 
103400 0.0354511 0.128973 0.1844 0 0 0.348764 0.313373 
103600 0.035326 0.128941 0.183289 0 0 0.347491 0.31223 
103800 0.035201 0.128909 0.182178 0 0 0.346219 0.311087 
104000 0.0350759 0.128876 0.181067 0 0 0.344946 0.309944 
104200 0.0349558 0.12884 0.180014 0 0 0.343735 0.308854 
104400 0.0348408 0.128799 0.179018 0 0 0.342585 0.307817 
104600 0.0347258 0.128758 0.178022 0 0 0.341435 0.306779 
104800 0.0346108 0.128716 0.177026 0 0 0.340285 0.305742 
105000 0.0344957 0.128675 0.176029 0 0 0.339134 0.304705 
105200 0.0343807 0.128634 0.175033 0 0 0.337984 0.303668 
105400 0.0342657 0.128593 0.174037 0 0 0.336834 0.30263 
105600 0.0341507 0.128552 0.173041 0 0 0.335684 0.301593 
105800 0.0340356 0.128511 0.172045 0 0 0.334534 0.300556 
106000 0.0339206 0.12847 0.171049 0 0 0.333383 0.299519 
106200 0.0338056 0.128429 0.170052 0 0 0.332233 0.298481 
106400 0.0336881 0.128386 0.169071 0 0 0.33109 0.297457 
106600 0.0335705 0.128343 0.16809 0 0 0.329947 0.296433 
106800 0.033453 0.1283 0.167109 0 0 0.328804 0.295408 
107000 0.0333354 0.128256 0.166127 0 0 0.327661 0.294384 
107200 0.0332179 0.128213 0.165146 0 0 0.326518 0.293359 
107400 0.0331004 0.12817 0.164165 0 0 0.325375 0.292335 
107600 0.0329828 0.128127 0.163183 0 0 0.324232 0.29131 
107800 0.0328653 0.128084 0.162202 0 0 0.323089 0.290286 
108000 0.0327478 0.128041 0.161221 0 0 0.321946 0.289262 
108200 0.0326302 0.127998 0.16024 0 0 0.320803 0.288237 
108400 0.0325273 0.127968 0.159387 0 0 0.319822 0.287355 
108600 0.0324244 0.127939 0.158534 0 0 0.318842 0.286473 
108800 0.0323214 0.127909 0.157681 0 0 0.317862 0.28559 
109000 0.0322185 0.12788 0.156828 0 0 0.316882 0.284708 
109200 0.0321156 0.127851 0.155975 0 0 0.315901 0.283826 
109400 0.0320126 0.127821 0.155122 0 0 0.314921 0.282944 
109600 0.0319097 0.127792 0.15427 0 0 0.313941 0.282061 
109800 0.0318068 0.127762 0.153417 0 0 0.31296 0.281179 
110000 0.0317038 0.127733 0.152564 0 0 0.31198 0.280297 
110200 0.0316009 0.127704 0.151711 0 0 0.311 0.279415 
110400 0.031498 0.127674 0.150858 0 0 0.310019 0.278532 
110600 0.0313932 0.127633 0.150026 0 0 0.309044 0.277659 
110800 0.0312885 0.127592 0.149194 0 0 0.308068 0.276786 
111000 0.0311837 0.127551 0.148363 0 0 0.307093 0.275913 
111200 0.031079 0.12751 0.147531 0 0 0.306117 0.275041 
111400 0.0309742 0.127469 0.146699 0 0 0.305141 0.274168 
111600 0.0308695 0.127428 0.145867 0 0 0.304166 0.273295 
111800 0.0307647 0.127387 0.145035 0 0 0.30319 0.272422 
112000 0.03066 0.127345 0.144203 0 0 0.302214 0.271549 
112200 0.0305552 0.127304 0.143371 0 0 0.301239 0.270676 
112400 0.0304505 0.127263 0.14254 0 0 0.300263 0.269803 
112600 0.03035 0.127223 0.141751 0 0 0.299334 0.268974 
112800 0.030254 0.127184 0.141006 0 0 0.298452 0.26819 
113000 0.0301579 0.127145 0.140261 0 0 0.29757 0.267406 
113200 0.0300618 0.127106 0.139516 0 0 0.296687 0.266622 
113400 0.0299658 0.127066 0.138771 0 0 0.295805 0.265837 
113600 0.0298697 0.127027 0.138026 0 0 0.294923 0.265053 
113800 0.0297736 0.126988 0.137281 0 0 0.294041 0.264269 
114000 0.0296776 0.126949 0.136536 0 0 0.293158 0.263485 
114200 0.0295815 0.126909 0.135791 0 0 0.292276 0.2627 
114400 0.0294854 0.12687 0.135046 0 0 0.291394 0.261916 
114600 0.0293894 0.126831 0.134301 0 0 0.290512 0.261132 
114800 0.0292963 0.126793 0.133591 0 0 0.289667 0.260379 
115000 0.0292063 0.126755 0.132916 0 0 0.288861 0.259657 
115200 0.0291163 0.126718 0.132241 0 0 0.288054 0.258935 
115400 0.0290263 0.12668 0.131565 0 0 0.287248 0.258213 
115600 0.0289362 0.126643 0.13089 0 0 0.286442 0.257491 
115800 0.0288462 0.126605 0.130215 0 0 0.285635 0.256769 
116000 0.0287562 0.126568 0.12954 0 0 0.284829 0.256047 
116200 0.0286662 0.12653 0.128865 0 0 0.284022 0.255325 
116400 0.0285762 0.126493 0.12819 0 0 0.283216 0.254603 
116600 0.0284862 0.126455 0.127515 0 0 0.28241 0.253881 
116800 0.0283961 0.126418 0.12684 0 0 0.281603 0.253159 
117000 0.0283061 0.12638 0.126164 0 0 0.280797 0.252437 
117200 0.0282159 0.126331 0.125498 0 0 0.280003 0.251741 
117400 0.0281257 0.126282 0.124831 0 0 0.279209 0.251045 
117600 0.0280356 0.126233 0.124165 0 0 0.278415 0.250349 
117800 0.0279454 0.126184 0.123498 0 0 0.277621 0.249653 
118000 0.0278552 0.126135 0.122831 0 0 0.276827 0.248957 
118200 0.027765 0.126086 0.122165 0 0 0.276033 0.248261 
118400 0.0276748 0.126037 0.121498 0 0 0.275238 0.247565 
118600 0.0275846 0.125988 0.120832 0 0 0.274444 0.246869 
118800 0.0274944 0.125939 0.120165 0 0 0.27365 0.246173 
119000 0.0274043 0.12589 0.119498 0 0 0.272856 0.245477 
119200 0.0273141 0.125841 0.118832 0 0 0.272062 0.244781 
119400 0.0272341 0.125805 0.118257 0 0 0.27137 0.244161 
119600 0.0271541 0.125769 0.117682 0 0 0.270678 0.24354 
119800 0.0270741 0.125733 0.117106 0 0 0.269987 0.24292 
120000 0.0269942 0.125697 0.116531 0 0 0.269295 0.2423 
120200 0.0269142 0.125661 0.115956 0 0 0.268603 0.24168 
120400 0.0268342 0.125625 0.115381 0 0 0.267911 0.24106 
120600 0.0267542 0.125589 0.114806 0 0 0.267219 0.24044 
120800 0.0266743 0.125553 0.114231 0 0 0.266527 0.23982 
121000 0.0265943 0.125517 0.113656 0 0 0.265835 0.2392 
121200 0.0265143 0.125482 0.113081 0 0 0.265143 0.23858 
121400 0.0264343 0.125446 0.112506 0 0 0.264451 0.23796 
121600 0.0263544 0.12541 0.111931 0 0 0.263759 0.23734 
121800 0.0262771 0.125374 0.111391 0 0 0.263103 0.236765 
122000 0.0261998 0.125338 0.110852 0 0 0.262447 0.23619 
122200 0.0261225 0.125302 0.110313 0 0 0.261791 0.235615 
122400 0.0260452 0.125266 0.109774 0 0 0.261135 0.23504 
122600 0.025968 0.12523 0.109235 0 0 0.260479 0.234465 
122800 0.0258907 0.125194 0.108696 0 0 0.259823 0.233889 
123000 0.0258134 0.125158 0.108156 0 0 0.259167 0.233314 
123200 0.0257361 0.125122 0.107617 0 0 0.258511 0.232739 
123400 0.0256588 0.125086 0.107078 0 0 0.257855 0.232164 
123600 0.0255815 0.12505 0.106539 0 0 0.257199 0.231589 
123800 0.0255043 0.125014 0.106 0 0 0.256543 0.231014 
124000 0.025427 0.124978 0.105461 0 0 0.255887 0.230439 
124200 0.0253524 0.124942 0.104951 0 0 0.255258 0.229891 
124400 0.0252778 0.124906 0.104442 0 0 0.254629 0.229343 
124600 0.0252032 0.12487 0.103932 0 0 0.254 0.228794 
124800 0.0251286 0.124835 0.103422 0 0 0.253371 0.228246 
125000 0.0250541 0.124799 0.102913 0 0 0.252742 0.227698 
125200 0.0249795 0.124763 0.102403 0 0 0.252113 0.22715 
125400 0.0249049 0.124727 0.101894 0 0 0.251484 0.226602 
125600 0.0248303 0.124691 0.101384 0 0 0.250855 0.226054 
125800 0.0247557 0.124655 0.100875 0 0 0.250226 0.225505 
126000 0.0246811 0.124619 0.100365 0 0 0.249597 0.224957 
126200 0.0246066 0.124583 0.0998559 0 0 0.248968 0.224409 
126400 0.024532 0.124547 0.0993464 0 0 0.248339 0.223861 
126600 0.0244601 0.124502 0.0988666 0 0 0.247755 0.22334 
126800 0.0243882 0.124457 0.0983867 0 0 0.247171 0.222819 
127000 0.0243163 0.124412 0.0979068 0 0 0.246587 0.222297 
127200 0.0242444 0.124367 0.097427 0 0 0.246003 0.221776 
127400 0.0241725 0.124322 0.0969471 0 0 0.245419 0.221255 
127600 0.0241006 0.124277 0.0964673 0 0 0.244835 0.220734 
127800 0.0240288 0.124232 0.0959874 0 0 0.24425 0.220213 
128000 0.0239569 0.124187 0.0955076 0 0 0.243666 0.219691 
128200 0.023885 0.124143 0.0950277 0 0 0.243082 0.21917 
128400 0.0238131 0.124098 0.0945478 0 0 0.242498 0.218649 
128600 0.0237412 0.124053 0.094068 0 0 0.241914 0.218128 
128800 0.0236693 0.124008 0.0935881 0 0 0.24133 0.217607 
129000 0.0236046 0.123975 0.0931709 0 0 0.240807 0.21715 
129200 0.0235399 0.123941 0.0927537 0 0 0.240285 0.216694 
129400 0.0234752 0.123908 0.0923364 0 0 0.239762 0.216238 
129600 0.0234105 0.123875 0.0919192 0 0 0.23924 0.215782 
129800 0.0233458 0.123842 0.091502 0 0 0.238717 0.215326 
130000 0.0232811 0.123809 0.0910847 0 0 0.238194 0.214869 
130200 0.0232164 0.123776 0.0906675 0 0 0.237672 0.214413 
130400 0.0231517 0.123742 0.0902503 0 0 0.237149 0.213957 
130600 0.023087 0.123709 0.0898331 0 0 0.236627 0.213501 
130800 0.0230223 0.123676 0.0894158 0 0 0.236104 0.213045 
131000 0.0229576 0.123643 0.0889986 0 0 0.235582 0.212588 
131200 0.0228929 0.12361 0.0885814 0 0 0.235059 0.212132 
131400 0.0228282 0.123576 0.0881641 0 0 0.234536 0.211676 
131600 0.0227635 0.123533 0.0877561 0 0 0.234027 0.211227 
131800 0.0226988 0.12349 0.0873481 0 0 0.233519 0.210779 
132000 0.0226341 0.123447 0.08694 0 0 0.23301 0.21033 
132200 0.0225694 0.123404 0.086532 0 0 0.232501 0.209882 
132400 0.0225047 0.123361 0.0861239 0 0 0.231992 0.209433 
132600 0.02244 0.123318 0.0857159 0 0 0.231483 0.208984 
132800 0.0223753 0.123275 0.0853079 0 0 0.230974 0.208536 
133000 0.0223106 0.123231 0.0848998 0 0 0.230465 0.208087 
133200 0.0222459 0.123188 0.0844918 0 0 0.229956 0.207639 
133400 0.0221812 0.123145 0.0840837 0 0 0.229447 0.20719 
133600 0.0221165 0.123102 0.0836757 0 0 0.228938 0.206741 
133800 0.0220518 0.123059 0.0832677 0 0 0.228429 0.206293 
134000 0.0219907 0.123017 0.0828855 0 0 0.227947 0.205873 
134200 0.0219332 0.122977 0.0825293 0 0 0.227491 0.205481 
134400 0.0218757 0.122937 0.082173 0 0 0.227036 0.20509 
134600 0.0218182 0.122898 0.0818168 0 0 0.226581 0.204699 
134800 0.0217607 0.122858 0.0814605 0 0 0.226125 0.204307 
135000 0.0217032 0.122818 0.0811043 0 0 0.22567 0.203916 
135200 0.0216456 0.122778 0.080748 0 0 0.225215 0.203525 
135400 0.0215881 0.122738 0.0803918 0 0 0.22476 0.203133 
135600 0.0215306 0.122698 0.0800355 0 0 0.224304 0.202742 
135800 0.0214731 0.122658 0.0796793 0 0 0.223849 0.20235 
136000 0.0214156 0.122618 0.079323 0 0 0.223394 0.201959 
136200 0.0213581 0.122578 0.0789668 0 0 0.222938 0.201568 
136400 0.0213006 0.122538 0.0786106 0 0 0.222483 0.201176 
136600 0.0212431 0.122498 0.0782543 0 0 0.222028 0.200785 
136800 0.021185 0.122465 0.0779051 0 0 0.22158 0.200395 
137000 0.0211269 0.122432 0.0775559 0 0 0.221132 0.200005 
137200 0.0210689 0.122399 0.0772067 0 0 0.220684 0.199615 
137400 0.0210108 0.122365 0.0768574 0 0 0.220236 0.199225 
137600 0.0209528 0.122332 0.0765082 0 0 0.219788 0.198835 
137800 0.0208947 0.122299 0.076159 0 0 0.21934 0.198446 
138000 0.0208366 0.122266 0.0758098 0 0 0.218892 0.198056 
138200 0.0207786 0.122233 0.0754606 0 0 0.218444 0.197666 
138400 0.0207205 0.1222 0.0751114 0 0 0.217997 0.197276 
138600 0.0206624 0.122166 0.0747622 0 0 0.217549 0.196886 
138800 0.0206044 0.122133 0.074413 0 0 0.217101 0.196496 
139000 0.0205463 0.1221 0.0740638 0 0 0.216653 0.196106 
139200 0.0204882 0.122067 0.0737145 0 0 0.216205 0.195717 
139400 0.0204339 0.122027 0.073399 0 0 0.215797 0.195365 
139600 0.0203796 0.121987 0.0730835 0 0 0.21539 0.195014 
139800 0.0203253 0.121947 0.072768 0 0 0.214983 0.194662 
140000 0.020271 0.121907 0.0724525 0 0 0.214575 0.194311 
140200 0.0202167 0.121867 0.072137 0 0 0.214168 0.193959 
140400 0.0201623 0.121827 0.0718215 0 0 0.213761 0.193608 
140600 0.020108 0.121787 0.071506 0 0 0.213353 0.193256 
140800 0.0200537 0.121747 0.0711905 0 0 0.212946 0.192905 
141000 0.0199994 0.121707 0.0708749 0 0 0.212539 0.192554 
141200 0.0199451 0.121667 0.0705594 0 0 0.212131 0.192202 
141400 0.0198908 0.121627 0.0702439 0 0 0.211724 0.191851 
141600 0.0198365 0.121588 0.0699284 0 0 0.211316 0.191499 
141800 0.0197821 0.121548 0.0696129 0 0 0.210909 0.191148 
142000 0.0197299 0.121508 0.0693115 0 0 0.210521 0.19081 
142200 0.0196799 0.12147 0.0690242 0 0 0.210151 0.190487 
142400 0.0196298 0.121431 0.0687369 0 0 0.209781 0.190163 
142600 0.0195798 0.121393 0.0684496 0 0 0.209411 0.18984 
142800 0.0195297 0.121354 0.0681623 0 0 0.209042 0.189516 
143000 0.0194796 0.121316 0.067875 0 0 0.208672 0.189193 
143200 0.0194296 0.121277 0.0675877 0 0 0.208302 0.188869 
143400 0.0193795 0.121239 0.0673004 0 0 0.207933 0.188546 
143600 0.0193294 0.1212 0.0670131 0 0 0.207563 0.188222 
143800 0.0192794 0.121162 0.0667258 0 0 0.207193 0.187899 
144000 0.0192293 0.121123 0.0664385 0 0 0.206823 0.187575 
144200 0.0191792 0.121085 0.0661512 0 0 0.206454 0.187252 
144400 0.0191292 0.121046 0.0658639 0 0 0.206084 0.186928 
144600 0.0190791 0.121008 0.0655766 0 0 0.205714 0.186605 
144800 0.0190298 0.120969 0.0652978 0 0 0.205348 0.186289 
145000 0.0189813 0.120931 0.0650274 0 0 0.204986 0.185981 
145200 0.0189328 0.120892 0.0647571 0 0 0.204624 0.185673 
145400 0.0188842 0.120854 0.0644867 0 0 0.204262 0.185365 
145600 0.0188357 0.120815 0.0642164 0 0 0.2039 0.185057 
145800 0.0187872 0.120777 0.063946 0 0 0.203538 0.184748 
146000 0.0187387 0.120738 0.0636757 0 0 0.203176 0.18444 
146200 0.0186901 0.1207 0.0634053 0 0 0.202814 0.184132 
146400 0.0186416 0.120661 0.063135 0 0 0.202452 0.183824 
146600 0.0185931 0.120623 0.0628646 0 0 0.20209 0.183516 
146800 0.0185446 0.120584 0.0625943 0 0 0.201728 0.183208 
147000 0.018496 0.120546 0.0623239 0 0 0.201366 0.1829 
147200 0.0184475 0.120507 0.0620536 0 0 0.201004 0.182592 
147400 0.018399 0.120469 0.0617832 0 0 0.200642 0.182284 
147600 0.0183523 0.120432 0.0615264 0 0 0.200302 0.181992 
147800 0.0183074 0.120398 0.0612831 0 0 0.199983 0.181716 
148000 0.0182626 0.120363 0.0610399 0 0 0.199663 0.18144 
148200 0.0182177 0.120329 0.0607966 0 0 0.199344 0.181164 
148400 0.0181729 0.120294 0.0605533 0 0 0.199025 0.180887 
148600 0.018128 0.12026 0.0603101 0 0 0.198706 0.180611 
148800 0.0180831 0.120225 0.0600668 0 0 0.198387 0.180335 
149000 0.0180383 0.120191 0.0598235 0 0 0.198067 0.180059 
149200 0.0179934 0.120156 0.0595802 0 0 0.197748 0.179783 
149400 0.0179486 0.120121 0.059337 0 0 0.197429 0.179507 
149600 0.0179037 0.120087 0.0590937 0 0 0.19711 0.179231 
149800 0.0178588 0.120052 0.0588504 0 0 0.196791 0.178955 
150000 0.017814 0.120018 0.0586072 0 0 0.196471 0.178679 
150200 0.0177655 0.119964 0.0583484 0 0 0.196094 0.178356 
150400 0.0177169 0.11991 0.0580896 0 0 0.195717 0.178032 
150600 0.0176745 0.119874 0.057866 0 0 0.195415 0.177773 
150800 0.0176321 0.119838 0.0576424 0 0 0.195113 0.177514 
151000 0.0175897 0.119802 0.0574188 0 0 0.194811 0.177256 
151200 0.0175473 0.119766 0.0571953 0 0 0.194509 0.176997 
151400 0.0175049 0.11973 0.0569717 0 0 0.194207 0.176738 
151600 0.0174625 0.119694 0.0567481 0 0 0.193905 0.176479 
151800 0.01742 0.119659 0.0565245 0 0 0.193603 0.17622 
152000 0.0173776 0.119623 0.056301 0 0 0.193301 0.175962 
152200 0.0173352 0.119587 0.0560774 0 0 0.192999 0.175703 
152400 0.0172928 0.119551 0.0558538 0 0 0.192697 0.175444 
152600 0.0172504 0.119515 0.0556302 0 0 0.192395 0.175185 
152800 0.017208 0.119479 0.0554067 0 0 0.192093 0.174926 
153000 0.0171656 0.119443 0.0551831 0 0 0.191792 0.174668 
153200 0.0171231 0.119407 0.0549595 0 0 0.19149 0.174409 
153400 0.0170807 0.119371 0.054736 0 0 0.191188 0.17415 
153600 0.0170405 0.119335 0.0545253 0 0 0.1909 0.173898 
153800 0.0170002 0.119299 0.0543147 0 0 0.190613 0.173647 
154000 0.01696 0.119263 0.0541041 0 0 0.190325 0.173395 
154200 0.0169197 0.119227 0.0538934 0 0 0.190037 0.173144 
154400 0.0168794 0.119191 0.0536828 0 0 0.18975 0.172892 
154600 0.0168392 0.119155 0.0534722 0 0 0.189462 0.17264 
154800 0.0167989 0.119119 0.0532615 0 0 0.189175 0.172389 
155000 0.0167587 0.119083 0.0530509 0 0 0.188887 0.172137 
155200 0.0167184 0.119047 0.0528403 0 0 0.1886 0.171886 
155400 0.0166781 0.119012 0.0526296 0 0 0.188312 0.171634 
155600 0.0166379 0.118976 0.052419 0 0 0.188025 0.171382 
155800 0.0165976 0.11894 0.0522084 0 0 0.187737 0.171131 
156000 0.0165574 0.118904 0.0519977 0 0 0.187449 0.170879 
156200 0.0165171 0.118868 0.0517871 0 0 0.187162 0.170628 
156400 0.0164769 0.118832 0.0515765 0 0 0.186874 0.170376 
156600 0.0164373 0.118796 0.051378 0 0 0.186601 0.170146 
156800 0.0163978 0.11876 0.0511796 0 0 0.186328 0.169916 
157000 0.0163582 0.118724 0.0509812 0 0 0.186055 0.169686 
157200 0.0163187 0.118688 0.0507828 0 0 0.185782 0.169456 
157400 0.0162792 0.118652 0.0505844 0 0 0.185508 0.169226 
157600 0.0162396 0.118616 0.050386 0 0 0.185235 0.168996 
157800 0.0162001 0.11858 0.0501876 0 0 0.184962 0.168766 
158000 0.0161605 0.118544 0.0499892 0 0 0.184689 0.168536 
158200 0.016121 0.118508 0.0497907 0 0 0.184416 0.168306 
158400 0.0160815 0.118472 0.0495923 0 0 0.184143 0.168075 
158600 0.0160419 0.118436 0.0493939 0 0 0.183869 0.167845 
158800 0.0160024 0.1184 0.0491955 0 0 0.183596 0.167615 
159000 0.0159629 0.118365 0.0489971 0 0 0.183323 0.167385 
159200 0.0159233 0.118329 0.0487987 0 0 0.18305 0.167155 
159400 0.0158838 0.118293 0.0486003 0 0 0.182777 0.166925 
159600 0.0158469 0.118258 0.0484194 0 0 0.182526 0.16671 
159800 0.01581 0.118223 0.0482385 0 0 0.182276 0.166494 
160000 0.0157732 0.118188 0.0480576 0 0 0.182025 0.166278 
160200 0.0157363 0.118154 0.0478767 0 0 0.181775 0.166063 
160400 0.0156994 0.118119 0.0476959 0 0 0.181524 0.165847 
160600 0.0156625 0.118084 0.047515 0 0 0.181274 0.165631 
160800 0.0156257 0.118049 0.0473341 0 0 0.181024 0.165416 
161000 0.0155888 0.118014 0.0471532 0 0 0.180773 0.1652 
161200 0.0155519 0.11798 0.0469723 0 0 0.180523 0.164984 
161400 0.0155151 0.117945 0.0467915 0 0 0.180272 0.164769 
161600 0.0154782 0.11791 0.0466106 0 0 0.180022 0.164553 
161800 0.0154413 0.117875 0.0464297 0 0 0.179771 0.164337 
162000 0.0154044 0.11784 0.0462488 0 0 0.179521 0.164122 
162200 0.0153676 0.117806 0.0460679 0 0 0.17927 0.163906 
162400 0.0153307 0.117771 0.0458871 0 0 0.17902 0.16369 
162600 0.0152951 0.117737 0.0457141 0 0 0.178777 0.163481 
162800 0.0152607 0.117703 0.0455489 0 0 0.178541 0.163279 
163000 0.0152263 0.117669 0.0453838 0 0 0.178305 0.163077 
163200 0.015192 0.117636 0.0452187 0 0 0.178069 0.162875 
163400 0.0151576 0.117602 0.0450536 0 0 0.177833 0.162673 
163600 0.0151232 0.117568 0.0448885 0 0 0.177597 0.16247 
163800 0.0150888 0.117534 0.0447233 0 0 0.177361 0.162268 
164000 0.0150545 0.117501 0.0445582 0 0 0.177126 0.162066 
164200 0.0150201 0.117467 0.0443931 0 0 0.17689 0.161864 
164400 0.0149857 0.117433 0.044228 0 0 0.176654 0.161662 
164600 0.0149514 0.1174 0.0440629 0 0 0.176418 0.161459 
164800 0.014917 0.117366 0.0438977 0 0 0.176182 0.161257 
165000 0.0148826 0.117332 0.0437326 0 0 0.175946 0.161055 
165200 0.0148482 0.117299 0.0435675 0 0 0.17571 0.160853 
165400 0.0148139 0.117265 0.0434024 0 0 0.175474 0.160651 
165600 0.0147795 0.117231 0.0432373 0 0 0.175239 0.160449 
165800 0.0147463 0.117195 0.0430796 0 0 0.175009 0.160253 
166000 0.0147143 0.117155 0.0429292 0 0 0.174787 0.160063 
166200 0.0146823 0.117116 0.0427789 0 0 0.174565 0.159874 
166400 0.0146502 0.117077 0.0426286 0 0 0.174343 0.159684 
166600 0.0146182 0.117038 0.0424783 0 0 0.174121 0.159495 
166800 0.0145862 0.116999 0.042328 0 0 0.173898 0.159305 
167000 0.0145542 0.116959 0.0421777 0 0 0.173676 0.159116 
167200 0.0145221 0.11692 0.0420274 0 0 0.173454 0.158926 
167400 0.0144901 0.116881 0.0418771 0 0 0.173232 0.158736 
167600 0.0144581 0.116842 0.0417267 0 0 0.17301 0.158547 
167800 0.0144261 0.116803 0.0415764 0 0 0.172787 0.158357 
168000 0.0143941 0.116763 0.0414261 0 0 0.172565 0.158168 
168200 0.014362 0.116724 0.0412758 0 0 0.172343 0.157978 
168400 0.01433 0.116685 0.0411255 0 0 0.172121 0.157789 
168600 0.014298 0.116646 0.0409752 0 0 0.171899 0.157599 
168800 0.014266 0.116607 0.0408249 0 0 0.171676 0.15741 
169000 0.0142339 0.116567 0.0406746 0 0 0.171454 0.15722 
169200 0.0142026 0.116535 0.0405327 0 0 0.171252 0.157044 
169400 0.0141712 0.116502 0.0403909 0 0 0.171049 0.156867 
169600 0.0141398 0.116469 0.0402491 0 0 0.170846 0.156691 
169800 0.0141085 0.116437 0.0401073 0 0 0.170644 0.156514 
170000 0.0140771 0.116404 0.0399655 0 0 0.170441 0.156338 
170200 0.0140457 0.116371 0.0398237 0 0 0.170239 0.156162 
170400 0.0140144 0.116339 0.0396818 0 0 0.170036 0.155985 
170600 0.013983 0.116306 0.03954 0 0 0.169833 0.155809 
170800 0.0139516 0.116273 0.0393982 0 0 0.169631 0.155632 
171000 0.0139202 0.116241 0.0392564 0 0 0.169428 0.155456 
171200 0.0138889 0.116208 0.0391146 0 0 0.169226 0.155279 
171400 0.0138575 0.116175 0.0389728 0 0 0.169023 0.155103 
171600 0.0138261 0.116143 0.0388309 0 0 0.168821 0.154926 
171800 0.0137948 0.11611 0.0386891 0 0 0.168618 0.15475 
172000 0.0137634 0.116077 0.0385473 0 0 0.168415 0.154573 
172200 0.013732 0.116044 0.0384055 0 0 0.168213 0.154397 
172400 0.0137016 0.116009 0.0382679 0 0 0.16801 0.154227 
172600 0.0136722 0.115969 0.0381346 0 0 0.167808 0.154064 
172800 0.0136428 0.11593 0.0380013 0 0 0.167605 0.1539 
173000 0.0136134 0.115891 0.037868 0 0 0.167402 0.153737 
173200 0.013584 0.115852 0.0377346 0 0 0.1672 0.153574 
173400 0.0135546 0.115812 0.0376013 0 0 0.166997 0.15341 
173600 0.0135252 0.115773 0.037468 0 0 0.166795 0.153247 
173800 0.0134958 0.115734 0.0373347 0 0 0.166592 0.153083 
174000 0.0134664 0.115695 0.0372014 0 0 0.166389 0.15292 
174200 0.013437 0.115656 0.037068 0 0 0.166187 0.152757 
174400 0.0134075 0.115616 0.0369347 0 0 0.165984 0.152593 
174600 0.0133781 0.115577 0.0368014 0 0 0.165782 0.15243 
174800 0.0133487 0.115538 0.0366681 0 0 0.165579 0.152267 
175000 0.0133193 0.115499 0.0365347 0 0 0.165376 0.152103 
175200 0.0132899 0.11546 0.0364014 0 0 0.165174 0.15194 
175400 0.0132605 0.11542 0.0362681 0 0 0.164971 0.151776 
175600 0.0132311 0.115381 0.0361348 0 0 0.164769 0.151613 
175800 0.0132034 0.11535 0.0360159 0 0 0.16459 0.151459 
176000 0.0131756 0.11532 0.0358969 0 0 0.164411 0.151305 
176200 0.0131479 0.115289 0.035778 0 0 0.164233 0.151151 
176400 0.0131202 0.115258 0.0356591 0 0 0.164054 0.150997 
176600 0.0130924 0.115227 0.0355402 0 0 0.163875 0.150843 
176800 0.0130647 0.115196 0.0354212 0 0 0.163696 0.150689 
177000 0.013037 0.115165 0.0353023 0 0 0.163518 0.150535 
177200 0.0130093 0.115135 0.0351834 0 0 0.163339 0.150381 
177400 0.0129815 0.115104 0.0350645 0 0 0.16316 0.150227 
177600 0.0129538 0.115073 0.0349455 0 0 0.162982 0.150073 
177800 0.0129261 0.115042 0.0348266 0 0 0.162803 0.149918 
178000 0.0128984 0.115011 0.0347077 0 0 0.162624 0.149764 
178200 0.0128706 0.114981 0.0345888 0 0 0.162446 0.14961 
178400 0.0128429 0.11495 0.0344699 0 0 0.162267 0.149456 
178600 0.0128152 0.114919 0.0343509 0 0 0.162088 0.149302 
178800 0.0127874 0.114888 0.034232 0 0 0.161909 0.149148 
179000 0.0127597 0.114857 0.0341131 0 0 0.161731 0.148994 
179200 0.0127329 0.114824 0.0339978 0 0 0.161555 0.148843 
179400 0.012707 0.114787 0.0338863 0 0 0.161383 0.148695 
179600 0.0126811 0.11475 0.0337748 0 0 0.16121 0.148547 
179800 0.0126553 0.114713 0.0336633 0 0 0.161038 0.1484 
180000 0.0126294 0.114676 0.0335517 0 0 0.160865 0.148252 
180200 0.0126035 0.114639 0.0334402 0 0 0.160693 0.148104 
180400 0.0125776 0.114602 0.0333287 0 0 0.16052 0.147956 
180600 0.0125517 0.114565 0.0332171 0 0 0.160347 0.147808 
180800 0.0125259 0.114528 0.0331056 0 0 0.160175 0.14766 
181000 0.0125 0.114491 0.0329941 0 0 0.160002 0.147512 
181200 0.0124741 0.114454 0.0328826 0 0 0.15983 0.147364 
181400 0.0124482 0.114417 0.032771 0 0 0.159657 0.147216 
181600 0.0124223 0.11438 0.0326595 0 0 0.159485 0.147069 
181800 0.0123965 0.114343 0.032548 0 0 0.159312 0.146921 
182000 0.0123706 0.114306 0.0324364 0 0 0.15914 0.146773 
182200 0.0123447 0.114269 0.0323249 0 0 0.158967 0.146625 
182400 0.0123188 0.114232 0.0322134 0 0 0.158795 0.146477 
182600 0.0122929 0.114195 0.0321018 0 0 0.158622 0.146329 
182800 0.0122671 0.114164 0.0319965 0 0 0.158456 0.146194 
183000 0.0122412 0.114133 0.0318911 0 0 0.158289 0.146058 
183200 0.0122153 0.114103 0.0317857 0 0 0.158123 0.145922 
183400 0.0121894 0.114072 0.0316804 0 0 0.157957 0.145787 
183600 0.0121635 0.114041 0.031575 0 0 0.15779 0.145651 
183800 0.0121377 0.11401 0.0314696 0 0 0.157624 0.145516 
184000 0.0121118 0.113979 0.0313643 0 0 0.157458 0.14538 
184200 0.0120859 0.113949 0.0312589 0 0 0.157291 0.145245 
184400 0.01206 0.113918 0.0311535 0 0 0.157125 0.145109 
184600 0.0120341 0.113887 0.0310482 0 0 0.156958 0.144974 
184800 0.0120083 0.113856 0.0309428 0 0 0.156792 0.144838 
185000 0.0119824 0.113825 0.0308374 0 0 0.156626 0.144702 
185200 0.0119565 0.113794 0.0307321 0 0 0.156459 0.144567 
185400 0.0119306 0.113764 0.0306267 0 0 0.156293 0.144431 
185600 0.0119047 0.113733 0.0305213 0 0 0.156127 0.144296 
185800 0.0118789 0.113702 0.030416 0 0 0.15596 0.14416 
186000 0.011853 0.113671 0.0303106 0 0 0.155794 0.144025 
186200 0.0118287 0.113638 0.0302113 0 0 0.155638 0.143893 
186400 0.0118059 0.113603 0.030118 0 0 0.155492 0.143765 
186600 0.0117832 0.113568 0.0300247 0 0 0.155346 0.143636 
186800 0.0117605 0.113533 0.0299315 0 0 0.155201 0.143508 
187000 0.0117378 0.113498 0.0298382 0 0 0.155055 0.14338 
187200 0.011715 0.113463 0.029745 0 0 0.154909 0.143252 
187400 0.0116923 0.113429 0.0296517 0 0 0.154763 0.143123 
187600 0.0116696 0.113394 0.0295584 0 0 0.154618 0.142995 
187800 0.0116468 0.113359 0.0294652 0 0 0.154472 0.142867 
188000 0.0116241 0.113324 0.0293719 0 0 0.154326 0.142739 
188200 0.0116014 0.113289 0.0292787 0 0 0.154181 0.14261 
188400 0.0115786 0.113254 0.0291854 0 0 0.154035 0.142482 
188600 0.0115559 0.113219 0.0290921 0 0 0.153889 0.142354 
188800 0.0115332 0.113184 0.0289989 0 0 0.153743 0.142226 
189000 0.0115104 0.113149 0.0289056 0 0 0.153598 0.142097 
189200 0.0114877 0.113114 0.0288124 0 0 0.153452 0.141969 
189400 0.011465 0.113079 0.0287191 0 0 0.153306 0.141841 
189600 0.0114422 0.113044 0.0286258 0 0 0.153161 0.141713 
189800 0.0114195 0.113009 0.0285326 0 0 0.153015 0.141585 
190000 0.0113968 0.11298 0.028444 0 0 0.152869 0.141462 
190200 0.011374 0.112951 0.0283554 0 0 0.152723 0.14134 
190400 0.0113513 0.112921 0.0282668 0 0 0.152578 0.141217 
190600 0.0113286 0.112892 0.0281782 0 0 0.152432 0.141095 
190800 0.0113058 0.112863 0.0280896 0 0 0.152286 0.140973 
191000 0.0112831 0.112834 0.028001 0 0 0.15214 0.14085 
191200 0.0112604 0.112805 0.0279124 0 0 0.151995 0.140728 
191400 0.0112376 0.112776 0.0278238 0 0 0.151849 0.140605 
191600 0.0112149 0.112747 0.0277352 0 0 0.151703 0.140483 
191800 0.0111922 0.112717 0.0276466 0 0 0.151558 0.14036 
192000 0.0111694 0.112688 0.027558 0 0 0.151412 0.140238 
192200 0.0111467 0.112659 0.0274694 0 0 0.151266 0.140116 
192400 0.011124 0.11263 0.0273808 0 0 0.15112 0.139993 
192600 0.0111012 0.112601 0.0272922 0 0 0.150975 0.139871 
192800 0.0110785 0.112572 0.0272036 0 0 0.150829 0.139748 
193000 0.0110558 0.112543 0.027115 0 0 0.150683 0.139626 
193200 0.011033 0.112513 0.0270264 0 0 0.150538 0.139504 
193400 0.0110103 0.112484 0.0269378 0 0 0.150392 0.139381 
193600 0.0109886 0.112453 0.0268532 0 0 0.150254 0.139263 
193800 0.0109678 0.112419 0.0267726 0 0 0.150123 0.13915 
194000 0.010947 0.112385 0.026692 0 0 0.149993 0.139036 
194200 0.0109262 0.11235 0.0266114 0 0 0.149862 0.138923 
194400 0.0109055 0.112316 0.0265309 0 0 0.149732 0.138809 
194600 0.0108847 0.112282 0.0264503 0 0 0.149601 0.138696 
194800 0.0108639 0.112248 0.0263697 0 0 0.149471 0.138582 
195000 0.0108432 0.112214 0.0262891 0 0 0.14934 0.138469 
195200 0.0108224 0.11218 0.0262085 0 0 0.149209 0.138355 
195400 0.0108016 0.112146 0.0261279 0 0 0.149079 0.138242 
195600 0.0107808 0.112112 0.0260473 0 0 0.148948 0.138128 
195800 0.0107601 0.112078 0.0259667 0 0 0.148818 0.138015 
196000 0.0107393 0.112044 0.0258861 0 0 0.148687 0.137901 
196200 0.0107185 0.11201 0.0258055 0 0 0.148557 0.137788 
196400 0.0106978 0.111976 0.0257249 0 0 0.148426 0.137674 
196600 0.010677 0.111942 0.0256444 0 0 0.148296 0.137561 
196800 0.0106562 0.111908 0.0255638 0 0 0.148165 0.137447 
197000 0.0106354 0.111874 0.0254832 0 0 0.148035 0.137334 
197200 0.0106147 0.11184 0.0254026 0 0 0.147904 0.13722 
197400 0.0105941 0.111807 0.0253239 0 0 0.147771 0.137111 
197600 0.0105739 0.111775 0.0252473 0 0 0.147635 0.137008 
197800 0.0105536 0.111743 0.0251706 0 0 0.147499 0.136904 
198000 0.0105333 0.111711 0.0250939 0 0 0.147364 0.1368 
198200 0.010513 0.111679 0.0250172 0 0 0.147228 0.136696 
198400 0.0104927 0.111647 0.0249405 0 0 0.147092 0.136592 
198600 0.0104724 0.111615 0.0248639 0 0 0.146956 0.136488 
198800 0.0104521 0.111583 0.0247872 0 0 0.14682 0.136385 
199000 0.0104318 0.111551 0.0247105 0 0 0.146685 0.136281 
199200 0.0104115 0.111519 0.0246338 0 0 0.146549 0.136177 
199400 0.0103913 0.111487 0.0245571 0 0 0.146413 0.136073 
199600 0.010371 0.111455 0.0244805 0 0 0.146277 0.135969 
199800 0.0103507 0.111423 0.0244038 0 0 0.146141 0.135865 
200000 0.0103304 0.111391 0.0243271 0 0 0.146006 0.135762 
