1000 5.33873 0.00618553 1886.84 0 0 1891.82 1886.84 
1200 5.21971 0.00824696 1225 0 0 1230.39 1225 
1400 5.10018 0.0103909 5629.41 0 0 5634.39 5629.41 
1600 4.97059 0.012514 4673.54 0 0 4678.52 4673.54 
1800 4.84146 0.0146042 3505.2 0 0 3510.18 3505.2 
2000 4.71255 0.016654 2706.27 0 0 2711.25 2706.27 
2200 4.58506 0.0186469 2119.54 0 0 2124.52 2119.54 
2400 4.46031 0.0205752 1696.26 0 0 1700.99 1696.26 
2600 4.33806 0.0224444 1381.91 0 0 1386.06 1381.91 
2800 4.21919 0.0242619 1142.58 0 0 1146.73 1142.58 
3000 4.10378 0.026026 957.107 0 0 961.254 957.107 
3200 3.99209 0.0277441 806.496 0 0 810.56 806.579 
3400 3.88309 0.0294182 686.795 0 0 690.693 686.819 
3600 3.7781 0.0310563 590.049 0 0 593.865 590.07 
3800 3.67647 0.0326519 511.285 0 0 515.015 511.365 
4000 3.57712 0.0342203 446.124 0 0 449.774 446.124 
4200 3.48094 0.0357599 391.185 0 0 394.735 391.268 
4400 3.38786 0.0372741 344.99 0 0 348.39 344.99 
4600 3.29672 0.0387646 305.805 0 0 309.131 305.888 
4800 3.2083 0.0402321 272.603 0 0 275.837 272.611 
5000 3.12262 0.0416764 244.087 0 0 247.239 244.17 
5200 3.03936 0.0430995 219.317 0 0 222.386 219.336 
5400 2.95761 0.0445028 197.706 0 0 200.76 197.774 
5600 2.87894 0.0458727 178.967 0 0 181.87 179.05 
5800 2.80162 0.0472317 162.575 0 0 165.478 162.658 
6000 2.72701 0.0485686 148.128 0 0 150.865 148.211 
6200 2.65482 0.0498789 135.312 0 0 138.024 135.37 
6400 2.58397 0.0511676 123.91 0 0 126.485 123.91 
6600 2.51549 0.0524359 113.8 0 0 116.371 113.883 
6800 2.44892 0.0536874 104.713 0 0 107.201 104.796 
7000 2.38444 0.0549198 96.6727 0 0 99.113 96.7557 
7200 2.3224 0.0561291 89.4056 0 0 91.7279 89.4085 
7400 2.26187 0.0573157 82.871 0 0 85.1822 82.9428 
7600 2.20345 0.058491 76.9554 0 0 79.2115 77.0135 
7800 2.14695 0.0596417 71.6268 0 0 73.8344 71.6931 
8000 2.0917 0.0607771 66.7486 0 0 68.905 66.8067 
8200 2.03917 0.0618898 62.3161 0 0 64.4166 62.3824 
8400 1.98746 0.0629943 58.2262 0 0 60.275 58.2843 
8600 1.93739 0.064075 54.5189 0 0 56.519 54.5852 
8800 1.88976 0.0651425 51.1196 0 0 53.077 51.186 
9000 1.84355 0.066191 47.9996 0 0 49.9136 48.066 
9200 1.79879 0.0672158 45.1356 0 0 47.0062 45.202 
9400 1.75593 0.068226 42.4916 0 0 44.3162 42.5646 
9600 1.71433 0.0692206 40.051 0 0 41.8304 40.1183 
9800 1.67445 0.0701932 37.7933 0 0 39.5365 37.8676 
10000 1.63554 0.0711527 35.7132 0 0 37.4217 35.7878 
10200 1.59905 0.0720733 33.8139 0 0 35.4892 33.8885 
10400 1.56173 0.0730377 31.9411 0 0 33.5738 32.0078 
10600 1.52855 0.0739145 30.3139 0 0 31.9229 30.3885 
10800 1.49538 0.0747913 28.7815 0 0 30.351 28.8562 
11000 1.4622 0.0756756 27.3242 0 0 28.8617 27.4063 
11200 1.43034 0.0765637 192.255 0 0 193.747 192.337 
11400 1.40007 0.0774107 183.81 0 0 185.303 183.893 
11600 1.3709 0.0782331 175.984 0 0 177.477 176.067 
11800 1.34171 0.0790657 168.402 0 0 169.85 168.485 
12000 1.31388 0.0798785 161.315 0 0 162.69 161.398 
12200 1.28749 0.0806696 154.68 0 0 156.028 154.763 
12400 1.26112 0.0814738 148.174 0 0 149.574 148.257 
12600 1.23658 0.082217 142.402 0 0 143.735 142.484 
12800 1.21173 0.0829631 136.661 0 0 137.988 136.744 
13000 1.18801 0.0837443 131.271 0 0 132.552 131.354 
13200 1.16519 0.0844981 126.206 0 0 127.45 126.289 
13400 1.14295 0.0851998 121.396 0 0 122.64 121.479 
13600 1.12126 0.0859016 116.802 0 0 118.047 116.885 
13800 1.10077 0.0865813 112.562 0 0 113.754 112.645 
14000 1.0805 0.0872571 108.446 0 0 109.607 108.529 
14200 1.06042 0.0879293 104.44 0 0 105.601 104.523 
14400 1.04147 0.0885809 100.708 0 0 101.869 100.791 
14600 1.02295 0.0892326 97.1532 0 0 98.2699 97.2361 
14800 1.005 0.0898712 93.7201 0 0 94.7983 93.8031 
15000 0.987794 0.0904856 90.4026 0 0 91.4808 90.4856 
15200 0.971206 0.0910833 87.3225 0 0 88.4007 87.4054 
15400 0.954867 0.0916716 84.3058 0 0 85.3716 84.3912 
15600 0.938833 0.0922798 81.4472 0 0 82.4853 81.5382 
15800 0.923798 0.0928185 78.7931 0 0 79.8095 78.8844 
16000 0.908815 0.093375 76.1969 0 0 77.1962 76.2903 
16200 0.893833 0.0939636 73.6713 0 0 74.6599 73.7701 
16400 0.879305 0.0945067 71.2503 0 0 72.2236 71.3453 
16600 0.865271 0.0950321 68.9231 0 0 69.8822 69.0159 
16800 0.852202 0.0955347 66.7718 0 0 67.7208 66.8695 
17000 0.839329 0.0960374 64.689 0 0 65.628 64.7885 
17200 0.826562 0.09654 62.6432 0 0 63.5721 62.7427 
17400 0.813996 0.0970427 60.6979 0 0 61.6118 60.7975 
17600 0.80178 0.0975353 58.8231 0 0 59.7221 58.9209 
17800 0.790216 0.0980092 57.079 0 0 57.9638 57.1721 
18000 0.778794 0.0984547 55.3833 0 0 56.2596 55.4773 
18200 0.767467 0.0988813 53.7198 0 0 54.5913 53.8186 
18400 0.756382 0.0993481 52.1288 0 0 52.9916 52.2323 
18600 0.745417 0.099815 50.5667 0 0 51.4197 50.6741 
18800 0.735151 0.100218 49.1501 0 0 49.9895 49.253 
19000 0.724951 0.100633 47.7513 0 0 48.5785 47.8508 
19200 0.714954 0.101081 46.4064 0 0 47.2246 46.5059 
19400 0.705028 0.101512 45.0883 0 0 45.8957 45.1879 
19600 0.69521 0.101915 43.8106 0 0 44.6046 43.9102 
19800 0.685789 0.102303 42.597 0 0 43.382 42.6966 
20000 0.676693 0.102677 41.4359 0 0 42.2155 41.5354 
20200 0.667793 0.103073 40.3322 0 0 41.101 40.4317 
20400 0.658903 0.103456 39.2391 0 0 40.0036 39.3386 
20600 0.650266 0.103832 38.1988 0 0 38.9565 38.3011 
20800 0.641765 0.104206 37.187 0 0 37.9363 37.2934 
21000 0.63353 0.104547 36.2254 0 0 36.9639 36.3306 
21200 0.625439 0.10487 35.2908 0 0 36.0172 35.3919 
21400 0.617558 0.105213 34.3956 0 0 35.1148 34.4975 
21600 0.609817 0.105568 33.5268 0 0 34.242 33.6326 
21800 0.602155 0.105924 32.6816 0 0 33.3909 32.7894 
22000 0.594572 0.106279 31.8601 0 0 32.5615 31.9679 
22200 0.587137 0.106616 31.0617 0 0 31.7553 31.1695 
22400 0.579923 0.106925 30.2979 0 0 30.9838 30.4057 
22600 0.572779 0.107232 29.5488 0 0 30.227 29.6566 
22800 0.565842 0.107533 28.8438 0 0 29.5145 28.9516 
23000 0.558922 0.107834 28.1411 0 0 28.8044 28.2491 
23200 0.552324 0.108129 27.4813 0 0 28.1409 27.593 
23400 0.545726 0.108424 26.8215 0 0 27.4774 26.9368 
23600 0.539329 0.108714 26.2049 0 0 26.8543 26.3181 
23800 0.532982 0.109002 25.5991 0 0 26.2413 25.7087 
24000 0.526774 0.109288 25.012 0 0 25.6489 25.1216 
24200 0.520704 0.10957 24.4438 0 0 25.0772 24.5569 
24400 0.514673 0.109852 23.882 0 0 24.5113 23.9982 
24600 0.508867 0.110128 23.3568 0 0 23.9792 23.4729 
24800 0.503062 0.110405 22.8315 0 0 23.447 22.9476 
25000 0.497334 0.110681 22.327 0 0 22.9355 22.4405 
25200 0.491632 0.110957 21.8293 0 0 22.431 21.9394 
25400 0.486056 0.111218 21.3468 0 0 21.9428 21.4558 
25600 0.480715 0.111451 20.8923 0 0 21.485 21.0046 
25800 0.475373 0.111683 20.4378 0 0 21.0272 20.5534 
26000 0.470117 0.111915 20.003 0 0 20.5891 20.1191 
26200 0.464875 0.112147 19.5718 0 0 20.1545 19.6879 
26400 0.459738 0.112388 19.1541 0 0 19.7324 19.2702 
26600 0.454793 0.112643 18.7617 0 0 19.3337 18.8778 
26800 0.449849 0.112898 18.3694 0 0 18.9349 18.4855 
27000 0.445 0.113129 17.9914 0 0 18.553 18.1075 
27200 0.440183 0.113353 17.6181 0 0 18.1765 17.7343 
27400 0.435407 0.113575 17.2502 0 0 17.8045 17.3659 
27600 0.430861 0.11379 16.9123 0 0 17.4574 17.0249 
27800 0.426315 0.114005 16.5744 0 0 17.1103 16.6839 
28000 0.421824 0.114206 16.2434 0 0 16.7729 16.3513 
28200 0.4174 0.11439 15.9209 0 0 16.4473 16.0287 
28400 0.412977 0.114574 15.5984 0 0 16.1216 15.7062 
28600 0.408716 0.114776 15.2956 0 0 15.8159 15.4056 
28800 0.40451 0.114983 14.9994 0 0 15.5167 15.1124 
29000 0.400304 0.115191 14.7032 0 0 15.2175 14.8191 
29200 0.396279 0.115367 14.4257 0 0 14.9372 14.5418 
29400 0.392263 0.115542 14.1493 0 0 14.6578 14.2654 
29600 0.388253 0.115719 13.8744 0 0 14.3799 13.9905 
29800 0.384304 0.115916 13.6137 0 0 14.1153 13.7298 
30000 0.380354 0.116113 13.353 0 0 13.8507 13.4692 
30200 0.376441 0.116322 13.1025 0 0 13.5912 13.2187 
30400 0.37273 0.11649 12.8636 0 0 13.3494 12.9797 
30600 0.369019 0.116659 12.6246 0 0 13.1076 12.7407 
30800 0.365351 0.116827 12.3901 0 0 12.8703 12.5062 
31000 0.361785 0.116993 12.1662 0 0 12.6436 12.2823 
31200 0.358218 0.117158 11.9423 0 0 12.417 12.0584 
31400 0.354703 0.117323 11.7245 0 0 12.1965 11.8406 
31600 0.351305 0.117483 11.5212 0 0 11.9905 11.6373 
31800 0.347907 0.117644 11.3178 0 0 11.7844 11.434 
32000 0.344531 0.117799 11.1161 0 0 11.58 11.2328 
32200 0.34124 0.117933 10.9208 0 0 11.3821 11.0401 
32400 0.337949 0.118067 10.7255 0 0 11.1841 10.8475 
32600 0.334674 0.118202 10.5321 0 0 10.9878 10.6563 
32800 0.331538 0.118358 10.3559 0 0 10.8063 10.4774 
33000 0.328402 0.118513 10.1796 0 0 10.6249 10.2986 
33200 0.325265 0.118669 10.0034 0 0 10.4435 10.1198 
33400 0.322242 0.118799 9.83647 0 0 10.2737 9.95258 
33600 0.31923 0.118927 9.67059 0 0 10.1053 9.78671 
33800 0.316219 0.119055 9.50472 0 0 9.93689 9.62083 
34000 0.313303 0.119181 9.34537 0 0 9.77502 9.46312 
34200 0.310438 0.119307 9.18955 0 0 9.61668 9.30981 
34400 0.307572 0.119432 9.03373 0 0 9.45835 9.1565 
34600 0.304754 0.119557 8.88292 0 0 9.30505 9.00648 
34800 0.302022 0.119679 8.74144 0 0 9.16113 8.86255 
35000 0.29929 0.119801 8.59996 0 0 9.01721 8.71863 
35200 0.296558 0.119923 8.45848 0 0 8.87329 8.57471 
35400 0.293895 0.120044 8.32302 0 0 8.73632 8.44029 
35600 0.291236 0.120166 8.18788 0 0 8.59971 8.30637 
35800 0.288577 0.120288 8.05274 0 0 8.46311 8.17245 
36000 0.286019 0.120408 7.92472 0 0 8.33276 8.04498 
36200 0.283542 0.120524 7.80253 0 0 8.20754 7.92279 
36400 0.281066 0.120641 7.68034 0 0 8.08231 7.8006 
36600 0.278589 0.120758 7.55816 0 0 7.95709 7.67842 
36800 0.276183 0.120851 7.44228 0 0 7.83911 7.56277 
37000 0.273777 0.120945 7.3264 0 0 7.72112 7.44712 
37200 0.27137 0.121038 7.21052 0 0 7.60314 7.33148 
37400 0.269014 0.121141 7.09883 0 0 7.48927 7.21992 
37600 0.266719 0.121254 6.99226 0 0 7.38043 7.11335 
37800 0.264424 0.121368 6.88569 0 0 7.27159 7.00678 
38000 0.262129 0.121482 6.77912 0 0 7.16275 6.90021 
38200 0.259936 0.121575 6.67924 0 0 7.06065 6.80051 
38400 0.257769 0.121664 6.58105 0 0 6.96024 6.70253 
38600 0.255601 0.121752 6.48285 0 0 6.85983 6.60456 
38800 0.253437 0.121841 6.3849 0 0 6.75969 6.50683 
39000 0.251336 0.121929 6.29179 0 0 6.66481 6.41394 
39200 0.249235 0.122018 6.19868 0 0 6.56993 6.32105 
39400 0.247134 0.122106 6.10557 0 0 6.47505 6.22816 
39600 0.245068 0.12219 6.01464 0 0 6.38224 6.13728 
39800 0.243085 0.122262 5.92882 0 0 6.29425 6.0511 
40000 0.241101 0.122334 5.843 0 0 6.20626 5.96491 
40200 0.239183 0.122386 5.76006 0 0 6.12177 5.88249 
40400 0.237277 0.12245 5.67871 0 0 6.03874 5.80146 
40600 0.235387 0.122534 5.59977 0 0 5.9579 5.72251 
40800 0.233497 0.122618 5.52082 0 0 5.87706 5.64357 
41000 0.231607 0.122702 5.44187 0 0 5.79622 5.56462 
41200 0.229747 0.122777 5.36514 0 0 5.71771 5.48788 
41400 0.227922 0.122839 5.29111 0 0 5.64203 5.41386 
41600 0.226098 0.122901 5.21709 0 0 5.56634 5.33984 
41800 0.224273 0.122963 5.14307 0 0 5.49066 5.26582 
42000 0.222505 0.123025 5.07168 0 0 5.41754 5.19443 
42200 0.220806 0.123085 5.00351 0 0 5.34755 5.12626 
42400 0.219106 0.123146 4.93534 0 0 5.27756 5.05809 
42600 0.217407 0.123207 4.86717 0 0 5.20757 4.98992 
42800 0.215722 0.123267 4.80054 0 0 5.1392 4.92336 
43000 0.214063 0.123327 4.73679 0 0 5.07385 4.85981 
43200 0.212405 0.123387 4.67304 0 0 5.0085 4.79626 
43400 0.210746 0.123447 4.60928 0 0 4.94315 4.7327 
43600 0.20911 0.123507 4.54663 0 0 4.87891 4.67021 
43800 0.207567 0.123564 4.48838 0 0 4.81911 4.61196 
44000 0.206024 0.123622 4.43013 0 0 4.75932 4.55371 
44200 0.204481 0.12368 4.37188 0 0 4.69953 4.49546 
44400 0.202938 0.123738 4.31363 0 0 4.63974 4.43721 
44600 0.201447 0.123796 4.25816 0 0 4.58289 4.38174 
44800 0.199962 0.123854 4.203 0 0 4.52638 4.32658 
45000 0.198477 0.123912 4.14783 0 0 4.46987 4.27141 
45200 0.196992 0.123969 4.09267 0 0 4.41335 4.21625 
45400 0.195548 0.124015 4.0403 0 0 4.35966 4.16399 
45600 0.194131 0.124052 3.98979 0 0 4.30785 4.11367 
45800 0.192715 0.124089 3.93928 0 0 4.25603 4.06335 
46000 0.191298 0.124127 3.88878 0 0 4.20422 4.01302 
46200 0.189892 0.124164 3.83879 0 0 4.15291 3.9632 
46400 0.188547 0.124201 3.7918 0 0 4.10444 3.9162 
46600 0.187202 0.124238 3.7448 0 0 4.05596 3.8692 
46800 0.185856 0.124275 3.6978 0 0 4.00749 3.82221 
47000 0.184511 0.124311 3.6508 0 0 3.95902 3.77521 
47200 0.183219 0.124348 3.60599 0 0 3.91299 3.7304 
47400 0.181957 0.124384 3.56236 0 0 3.86827 3.68676 
47600 0.180695 0.12442 3.51872 0 0 3.82356 3.64313 
47800 0.179433 0.124456 3.47509 0 0 3.77884 3.5995 
48000 0.178173 0.124492 3.43162 0 0 3.73428 3.55603 
48200 0.176956 0.124527 3.39121 0 0 3.69264 3.51562 
48400 0.175738 0.124563 3.3508 0 0 3.65099 3.47521 
48600 0.17452 0.124598 3.31039 0 0 3.60935 3.4348 
48800 0.173303 0.124633 3.26998 0 0 3.5677 3.39439 
49000 0.172112 0.124668 3.23059 0 0 3.52714 3.35506 
49200 0.170972 0.124703 3.19309 0 0 3.48861 3.31773 
49400 0.169831 0.124737 3.1556 0 0 3.45008 3.28041 
49600 0.168691 0.124772 3.1181 0 0 3.41155 3.24309 
49800 0.167551 0.124806 3.08061 0 0 3.37302 3.20577 
50000 0.166374 0.124822 3.04383 0 0 3.33494 3.16824 
50200 0.165275 0.124841 3.00911 0 0 3.29907 3.13352 
50400 0.164175 0.124861 2.97439 0 0 3.26319 3.0988 
50600 0.163076 0.12488 2.93968 0 0 3.22732 3.06408 
50800 0.161976 0.124899 2.90496 0 0 3.19144 3.02937 
51000 0.160927 0.124928 2.87202 0 0 3.15746 2.99654 
51200 0.159898 0.124961 2.83984 0 0 3.12428 2.96453 
51400 0.15887 0.124994 2.80766 0 0 3.09111 2.93251 
51600 0.157841 0.125028 2.77548 0 0 3.05793 2.9005 
51800 0.156813 0.125061 2.7433 0 0 3.02476 2.86848 
52000 0.155803 0.125082 2.7126 0 0 2.99307 2.83784 
52200 0.154801 0.125099 2.68255 0 0 2.96203 2.80779 
52400 0.153799 0.125115 2.65249 0 0 2.93099 2.77773 
52600 0.152798 0.125132 2.62244 0 0 2.89995 2.74768 
52800 0.151796 0.125148 2.59238 0 0 2.86891 2.71762 
53000 0.150844 0.125164 2.56393 0 0 2.83949 2.68917 
53200 0.149919 0.12518 2.53634 0 0 2.81094 2.66157 
53400 0.148994 0.125196 2.50874 0 0 2.78239 2.63398 
53600 0.148069 0.125212 2.48115 0 0 2.75384 2.60639 
53800 0.147144 0.125228 2.45356 0 0 2.72529 2.5788 
54000 0.146229 0.125244 2.42672 0 0 2.69758 2.55196 
54200 0.145329 0.12526 2.40082 0 0 2.67088 2.52605 
54400 0.144429 0.125275 2.37491 0 0 2.64418 2.50014 
54600 0.143528 0.125291 2.349 0 0 2.61748 2.47424 
54800 0.142628 0.125307 2.32309 0 0 2.59078 2.44833 
55000 0.141737 0.12532 2.29756 0 0 2.56446 2.4228 
55200 0.140884 0.12532 2.27353 0 0 2.53966 2.39877 
55400 0.140031 0.12532 2.2495 0 0 2.51486 2.37474 
55600 0.139179 0.12532 2.22547 0 0 2.49005 2.35071 
55800 0.138326 0.12532 2.20144 0 0 2.46525 2.32668 
56000 0.137474 0.12532 2.17741 0 0 2.44044 2.30265 
56200 0.136666 0.125332 2.1551 0 0 2.41737 2.28033 
56400 0.135867 0.125347 2.13308 0 0 2.3946 2.25832 
56600 0.135068 0.125363 2.11106 0 0 2.37183 2.2363 
56800 0.134269 0.125378 2.08905 0 0 2.34906 2.21428 
57000 0.133469 0.125393 2.06703 0 0 2.32629 2.19227 
57200 0.13268 0.125403 2.04557 0 0 2.30402 2.1708 
57400 0.13191 0.125403 2.02513 0 0 2.2827 2.15036 
57600 0.13114 0.125403 2.00469 0 0 2.26137 2.12993 
57800 0.13037 0.125403 1.98425 0 0 2.24004 2.10949 
58000 0.1296 0.125403 1.96381 0 0 2.21872 2.08905 
58200 0.12883 0.125403 1.94337 0 0 2.19739 2.06861 
58400 0.128091 0.125403 1.92397 0 0 2.17732 2.04931 
58600 0.127364 0.125403 1.90491 0 0 2.15768 2.0304 
58800 0.126636 0.125403 1.88585 0 0 2.13804 2.01148 
59000 0.125909 0.125403 1.86679 0 0 2.11839 1.99257 
59200 0.125181 0.125403 1.84772 0 0 2.09875 1.97365 
59400 0.124455 0.125403 1.82872 0 0 2.07915 1.95477 
59600 0.123748 0.125403 1.81077 0 0 2.06039 1.93655 
59800 0.123041 0.125403 1.79282 0 0 2.04163 1.91833 
60000 0.122334 0.125403 1.77488 0 0 2.02286 1.90011 
60200 0.12164 0.125403 1.75769 0 0 2.00507 1.88292 
60400 0.120946 0.125403 1.7405 0 0 1.98727 1.86573 
60600 0.120261 0.125403 1.72353 0 0 1.96964 1.84876 
60800 0.1196 0.125403 1.70722 0 0 1.95249 1.83246 
61000 0.11894 0.125403 1.69091 0 0 1.93534 1.81615 
61200 0.118279 0.125403 1.67461 0 0 1.91819 1.79984 
61400 0.117618 0.125403 1.6583 0 0 1.90104 1.78354 
61600 0.116958 0.125403 1.64199 0 0 1.88389 1.76723 
61800 0.116312 0.125398 1.62607 0 0 1.86727 1.75135 
62000 0.115695 0.125384 1.61085 0 0 1.85165 1.73627 
62200 0.115078 0.12537 1.59563 0 0 1.83602 1.72119 
62400 0.114462 0.125357 1.58042 0 0 1.82039 1.70611 
62600 0.113845 0.125343 1.5652 0 0 1.80476 1.69103 
62800 0.113228 0.125329 1.54998 0 0 1.78913 1.67595 
63000 0.112618 0.12532 1.53512 0 0 1.77378 1.66119 
63200 0.112025 0.12532 1.5211 0 0 1.75909 1.64717 
63400 0.111431 0.12532 1.50707 0 0 1.74439 1.63314 
63600 0.110838 0.12532 1.49305 0 0 1.72969 1.61912 
63800 0.110244 0.12532 1.47902 0 0 1.71499 1.60509 
64000 0.109651 0.12532 1.465 0 0 1.70029 1.59106 
64200 0.109061 0.125318 1.45113 0 0 1.68574 1.57717 
64400 0.10849 0.125304 1.43812 0 0 1.67207 1.56403 
64600 0.10792 0.125291 1.42512 0 0 1.65841 1.5509 
64800 0.107349 0.125278 1.41211 0 0 1.64474 1.53776 
65000 0.106779 0.125265 1.39911 0 0 1.63107 1.52462 
65200 0.106208 0.125251 1.3861 0 0 1.6174 1.51149 
65400 0.105637 0.125238 1.3731 0 0 1.60373 1.49835 
65600 0.105102 0.125225 1.36095 0 0 1.59105 1.48619 
65800 0.104571 0.125212 1.3489 0 0 1.57848 1.47414 
66000 0.104039 0.125199 1.33685 0 0 1.56591 1.46208 
66200 0.103508 0.125186 1.3248 0 0 1.55334 1.45003 
66400 0.102977 0.125173 1.31274 0 0 1.54077 1.43798 
66600 0.102446 0.12516 1.30069 0 0 1.5282 1.42593 
66800 0.10192 0.125147 1.28916 0 0 1.51615 1.41439 
67000 0.101401 0.125135 1.27814 0 0 1.50463 1.40338 
67200 0.100882 0.125122 1.26712 0 0 1.49311 1.39236 
67400 0.100363 0.125109 1.25611 0 0 1.48159 1.38134 
67600 0.0998436 0.125097 1.24509 0 0 1.47006 1.37033 
67800 0.0993245 0.125084 1.23408 0 0 1.45854 1.35931 
68000 0.0988053 0.125071 1.22306 0 0 1.44702 1.3483 
68200 0.0983291 0.125059 1.21267 0 0 1.43613 1.33791 
68400 0.0978552 0.125046 1.20232 0 0 1.42528 1.32756 
68600 0.0973813 0.125034 1.19197 0 0 1.41443 1.31721 
68800 0.0969073 0.125022 1.18162 0 0 1.40358 1.30686 
69000 0.0964334 0.125009 1.17127 0 0 1.39273 1.2965 
69200 0.0959595 0.124997 1.16092 0 0 1.38188 1.28615 
69400 0.0954877 0.124984 1.15079 0 0 1.37126 1.27599 
69600 0.0950207 0.124972 1.14121 0 0 1.36119 1.26629 
69800 0.0945538 0.12496 1.13163 0 0 1.35111 1.25658 
70000 0.0940869 0.124947 1.12204 0 0 1.34104 1.24687 
70200 0.09362 0.124935 1.11246 0 0 1.33096 1.23717 
70400 0.0931531 0.124923 1.10288 0 0 1.32089 1.22746 
70600 0.0926862 0.12491 1.09329 0 0 1.31081 1.21775 
70800 0.0922315 0.124892 1.08409 0 0 1.30112 1.20849 
71000 0.0917867 0.124868 1.07519 0 0 1.29174 1.1996 
71200 0.091342 0.124844 1.0663 0 0 1.28237 1.1907 
71400 0.0908972 0.12482 1.0574 0 0 1.27299 1.18181 
71600 0.0904525 0.124796 1.04851 0 0 1.26362 1.17291 
71800 0.0900078 0.124771 1.03961 0 0 1.25424 1.16402 
72000 0.089563 0.124747 1.03072 0 0 1.24487 1.15512 
72200 0.0891397 0.124731 1.02225 0 0 1.236 1.14666 
72400 0.088728 0.12472 1.01402 0 0 1.22741 1.13842 
72600 0.0883162 0.124708 1.00578 0 0 1.21883 1.13019 
72800 0.0879045 0.124696 0.997546 0 0 1.21024 1.12195 
73000 0.0874927 0.124684 0.989311 0 0 1.20165 1.11372 
73200 0.087081 0.124673 0.981076 0 0 1.19306 1.10548 
73400 0.0866692 0.124661 0.972841 0 0 1.18447 1.09725 
73600 0.0862695 0.124642 0.964986 0 0 1.1762 1.08939 
73800 0.0858779 0.124619 0.957383 0 0 1.16814 1.08179 
74000 0.0854862 0.124596 0.94978 0 0 1.16007 1.07419 
74200 0.0850946 0.124573 0.942178 0 0 1.15201 1.06659 
74400 0.0847029 0.12455 0.934575 0 0 1.14395 1.05898 
74600 0.0843113 0.124527 0.926972 0 0 1.13588 1.05138 
74800 0.0839196 0.124504 0.91937 0 0 1.12782 1.04378 
75000 0.0835324 0.124481 0.911991 0 0 1.11998 1.0364 
75200 0.0831518 0.124458 0.904947 0 0 1.11249 1.02935 
75400 0.0827712 0.124436 0.897902 0 0 1.10499 1.02231 
75600 0.0823906 0.124413 0.890858 0 0 1.09749 1.01527 
75800 0.08201 0.12439 0.883814 0 0 1.08999 1.00822 
76000 0.0816294 0.124368 0.87677 0 0 1.08249 1.00118 
76200 0.0812487 0.124345 0.869726 0 0 1.07499 0.994133 
76400 0.0808707 0.124322 0.862737 0 0 1.06756 0.987141 
76600 0.0805157 0.1243 0.856246 0 0 1.0607 0.980617 
76800 0.0801608 0.124278 0.849755 0 0 1.05385 0.974092 
77000 0.0798058 0.124256 0.843264 0 0 1.04699 0.967568 
77200 0.0794508 0.124234 0.836772 0 0 1.04013 0.961043 
77400 0.0790958 0.124212 0.830281 0 0 1.03328 0.954519 
77600 0.0787409 0.124189 0.82379 0 0 1.02642 0.947994 
77800 0.0783859 0.124167 0.817298 0 0 1.01956 0.94147 
78000 0.0780396 0.124145 0.811068 0 0 1.01296 0.935193 
78200 0.0776991 0.124124 0.805011 0 0 1.00652 0.929082 
78400 0.0773586 0.124102 0.798954 0 0 1.00008 0.922971 
78600 0.0770181 0.12408 0.792898 0 0 0.993643 0.91686 
78800 0.0766777 0.124058 0.786841 0 0 0.987204 0.910749 
79000 0.0763372 0.124036 0.780784 0 0 0.980766 0.904637 
79200 0.0759967 0.124014 0.774728 0 0 0.974327 0.898526 
79400 0.0756562 0.123993 0.768671 0 0 0.967889 0.892415 
79600 0.07533 0.123965 0.762948 0 0 0.962083 0.886886 
79800 0.0750038 0.123937 0.757226 0 0 0.956277 0.881356 
80000 0.0746775 0.12391 0.751503 0 0 0.950472 0.875827 
80200 0.0743563 0.123892 0.745968 0 0 0.944535 0.87024 
80400 0.074035 0.123875 0.740433 0 0 0.938598 0.864652 
80600 0.0737137 0.123857 0.734898 0 0 0.932662 0.859065 
80800 0.0733924 0.12384 0.729363 0 0 0.926725 0.853478 
81000 0.0730753 0.123819 0.723923 0 0 0.92089 0.847983 
81200 0.0727707 0.123788 0.718769 0 0 0.915361 0.842767 
81400 0.0724661 0.123756 0.713616 0 0 0.909832 0.83755 
81600 0.0721614 0.123725 0.708462 0 0 0.904303 0.832334 
81800 0.0718568 0.123694 0.703308 0 0 0.898773 0.827118 
82000 0.0715522 0.123662 0.698155 0 0 0.893244 0.821902 
82200 0.0712475 0.123631 0.693001 0 0 0.887715 0.816685 
82400 0.0709429 0.1236 0.687848 0 0 0.882186 0.811469 
82600 0.0706422 0.123572 0.682797 0 0 0.87677 0.806365 
82800 0.0703506 0.123551 0.677985 0 0 0.871618 0.801523 
83000 0.0700591 0.12353 0.673174 0 0 0.866467 0.796681 
83200 0.0697675 0.12351 0.668362 0 0 0.861316 0.791838 
83400 0.0694759 0.123489 0.663551 0 0 0.856164 0.786996 
83600 0.0691843 0.123469 0.658739 0 0 0.851013 0.782153 
83800 0.0688928 0.123448 0.653928 0 0 0.845861 0.777311 
84000 0.0686012 0.123427 0.649116 0 0 0.84071 0.772469 
84200 0.0683137 0.123404 0.6444 0 0 0.835675 0.767724 
84400 0.0680382 0.123374 0.639966 0 0 0.83099 0.76327 
84600 0.0677628 0.123344 0.635533 0 0 0.826306 0.758817 
84800 0.0674873 0.123314 0.631099 0 0 0.821621 0.754363 
85000 0.0672118 0.123284 0.626666 0 0 0.816936 0.749909 
85200 0.0669364 0.123254 0.622232 0 0 0.812251 0.745456 
85400 0.0666609 0.123224 0.617799 0 0 0.807567 0.741002 
85600 0.0663855 0.123193 0.613366 0 0 0.802882 0.736549 
85800 0.06611 0.123163 0.608932 0 0 0.798197 0.732095 
86000 0.0658458 0.123133 0.6048 0 0 0.793767 0.727934 
86200 0.0655816 0.123104 0.600668 0 0 0.789337 0.723772 
86400 0.0653174 0.123074 0.596536 0 0 0.784907 0.71961 
86600 0.0650532 0.123044 0.592404 0 0 0.780477 0.715448 
86800 0.064789 0.123014 0.588272 0 0 0.776047 0.711286 
87000 0.0645248 0.122984 0.58414 0 0 0.771617 0.707125 
87200 0.0642605 0.122955 0.580008 0 0 0.767187 0.702963 
87400 0.0639963 0.122925 0.575876 0 0 0.762757 0.698801 
87600 0.0637418 0.122895 0.571952 0 0 0.758552 0.694847 
87800 0.0634925 0.122866 0.56814 0 0 0.754468 0.691006 
88000 0.0632432 0.122837 0.564327 0 0 0.750384 0.687165 
88200 0.0629939 0.122808 0.560515 0 0 0.746301 0.683323 
88400 0.0627446 0.122779 0.556703 0 0 0.742217 0.679482 
88600 0.0624953 0.12275 0.552891 0 0 0.738133 0.675641 
88800 0.062246 0.122721 0.549078 0 0 0.734049 0.671799 
89000 0.0619967 0.122692 0.545266 0 0 0.729965 0.667958 
89200 0.0617487 0.122663 0.541484 0 0 0.725911 0.664147 
89400 0.0615117 0.122634 0.537977 0 0 0.722129 0.660612 
89600 0.0612747 0.122606 0.53447 0 0 0.718347 0.657076 
89800 0.0610378 0.122577 0.530963 0 0 0.714566 0.653541 
90000 0.0608008 0.122549 0.527456 0 0 0.710784 0.650005 
90200 0.0605638 0.122521 0.523949 0 0 0.707002 0.64647 
90400 0.0603269 0.122492 0.520442 0 0 0.70322 0.642934 
90600 0.0600899 0.122464 0.516935 0 0 0.699438 0.639398 
90800 0.0598529 0.122435 0.513428 0 0 0.695656 0.635863 
91000 0.0596203 0.122407 0.510006 0 0 0.691968 0.632413 
91200 0.0593957 0.122379 0.506745 0 0 0.688455 0.629124 
91400 0.0591711 0.122351 0.503483 0 0 0.684941 0.625834 
91600 0.0589465 0.122323 0.500222 0 0 0.681428 0.622545 
91800 0.058722 0.122295 0.49696 0 0 0.677915 0.619255 
92000 0.0584974 0.122267 0.493698 0 0 0.674402 0.615966 
92200 0.0582728 0.122239 0.490437 0 0 0.670888 0.612676 
92400 0.0580482 0.122211 0.487175 0 0 0.667375 0.609386 
92600 0.0578236 0.122183 0.483914 0 0 0.663862 0.606097 
92800 0.0576036 0.122151 0.480759 0 0 0.660457 0.60291 
93000 0.0573891 0.122115 0.477734 0 0 0.657186 0.599849 
93200 0.0571747 0.122078 0.47471 0 0 0.653914 0.596788 
93400 0.0569602 0.122041 0.471686 0 0 0.650642 0.593727 
93600 0.0567458 0.122005 0.468662 0 0 0.647371 0.590667 
93800 0.0565314 0.121968 0.465637 0 0 0.644099 0.587606 
94000 0.0563169 0.121931 0.462613 0 0 0.640827 0.584545 
94200 0.0561025 0.121895 0.459589 0 0 0.637555 0.581484 
94400 0.055888 0.121858 0.456565 0 0 0.634284 0.578423 
94600 0.0556783 0.121825 0.453631 0 0 0.631112 0.575457 
94800 0.0554756 0.121799 0.450834 0 0 0.62809 0.572632 
95000 0.055273 0.121772 0.448036 0 0 0.625069 0.569808 
95200 0.0550704 0.121745 0.445239 0 0 0.622047 0.566983 
95400 0.0548677 0.121718 0.442441 0 0 0.619025 0.564159 
95600 0.0546651 0.121691 0.439644 0 0 0.616004 0.561335 
95800 0.0544625 0.121664 0.436846 0 0 0.612982 0.55851 
96000 0.0542598 0.121637 0.434049 0 0 0.609961 0.555686 
96200 0.0540572 0.12161 0.431251 0 0 0.606939 0.552861 
96400 0.0538558 0.121582 0.428484 0 0 0.603948 0.550068 
96600 0.0536617 0.121547 0.42589 0 0 0.601134 0.547447 
96800 0.0534676 0.121511 0.423296 0 0 0.598319 0.544827 
97000 0.0532735 0.121476 0.420702 0 0 0.595505 0.542206 
97200 0.0530794 0.121441 0.418108 0 0 0.59269 0.539586 
97400 0.0528853 0.121406 0.415514 0 0 0.589875 0.536965 
97600 0.0526912 0.12137 0.41292 0 0 0.587061 0.534345 
97800 0.052497 0.121335 0.410326 0 0 0.584246 0.531724 
98000 0.0523029 0.1213 0.407732 0 0 0.581432 0.529104 
98200 0.0521088 0.121264 0.405138 0 0 0.578617 0.526483 
98400 0.0519224 0.121234 0.402691 0 0 0.575944 0.524001 
98600 0.0517385 0.121206 0.400293 0 0 0.573318 0.521565 
98800 0.0515546 0.121177 0.397895 0 0 0.570693 0.519129 
99000 0.0513707 0.121149 0.395497 0 0 0.568067 0.516693 
99200 0.0511868 0.121121 0.393099 0 0 0.565442 0.514257 
99400 0.051003 0.121092 0.3907 0 0 0.562816 0.511821 
99600 0.0508191 0.121064 0.388302 0 0 0.560191 0.509385 
99800 0.0506352 0.121035 0.385904 0 0 0.557565 0.506949 
100000 0.0504513 0.121007 0.383506 0 0 0.554939 0.504513 
100200 0.050302 0.121007 0.381516 0 0 0.552783 0.502522 
100400 0.0501222 0.120972 0.379237 0 0 0.550286 0.5002 
100600 0.0499423 0.120937 0.376958 0 0 0.547789 0.497878 
100800 0.0497625 0.120902 0.37468 0 0 0.545292 0.495556 
101000 0.0495826 0.120867 0.372401 0 0 0.542796 0.493233 
101200 0.0494028 0.120832 0.370123 0 0 0.540299 0.490911 
101400 0.0492229 0.120797 0.367844 0 0 0.537802 0.488589 
101600 0.0490431 0.120762 0.365565 0 0 0.535305 0.486267 
101800 0.0488632 0.120727 0.363287 0 0 0.532808 0.483944 
102000 0.0486834 0.120693 0.361008 0 0 0.530311 0.481622 
102200 0.0485105 0.120658 0.358844 0 0 0.527943 0.479424 
102400 0.0483447 0.120625 0.356796 0 0 0.525704 0.477351 
102600 0.0481788 0.120592 0.354747 0 0 0.523464 0.475277 
102800 0.0480129 0.120559 0.352699 0 0 0.521225 0.473204 
103000 0.047847 0.120526 0.35065 0 0 0.518986 0.47113 
103200 0.0476812 0.120493 0.348602 0 0 0.516746 0.469057 
103400 0.0475153 0.120459 0.346553 0 0 0.514507 0.466983 
103600 0.0473494 0.120426 0.344504 0 0 0.512268 0.46491 
103800 0.0471835 0.120393 0.342456 0 0 0.510028 0.462837 
104000 0.0470176 0.12036 0.340407 0 0 0.507789 0.460763 
104200 0.0468585 0.120328 0.338463 0 0 0.505658 0.45879 
104400 0.046706 0.120296 0.336622 0 0 0.503636 0.456918 
104600 0.0465536 0.120264 0.334782 0 0 0.501614 0.455046 
104800 0.0464011 0.120233 0.332942 0 0 0.499592 0.453174 
105000 0.0462487 0.120201 0.331101 0 0 0.49757 0.451302 
105200 0.0460963 0.12017 0.329261 0 0 0.495548 0.44943 
105400 0.0459438 0.120138 0.32742 0 0 0.493526 0.447558 
105600 0.0457914 0.120106 0.32558 0 0 0.491504 0.445686 
105800 0.0456389 0.120075 0.323739 0 0 0.489481 0.443814 
106000 0.0454865 0.120043 0.321899 0 0 0.487459 0.441942 
106200 0.045334 0.120012 0.320058 0 0 0.485437 0.44007 
106400 0.0451789 0.119978 0.318242 0 0 0.483422 0.438212 
106600 0.0450238 0.119945 0.316426 0 0 0.481406 0.436354 
106800 0.0448687 0.119912 0.314609 0 0 0.479391 0.434497 
107000 0.0447136 0.119879 0.312793 0 0 0.477376 0.432639 
107200 0.0445585 0.119846 0.310977 0 0 0.47536 0.430781 
107400 0.0444034 0.119812 0.30916 0 0 0.473345 0.428923 
107600 0.0442483 0.119779 0.307344 0 0 0.471329 0.427065 
107800 0.0440932 0.119746 0.305528 0 0 0.469314 0.425207 
108000 0.0439382 0.119713 0.303711 0 0 0.467299 0.42335 
108200 0.0437831 0.11968 0.301895 0 0 0.465283 0.421492 
108400 0.0436466 0.119642 0.300327 0 0 0.463557 0.419901 
108600 0.0435101 0.119604 0.298758 0 0 0.46183 0.41831 
108800 0.0433737 0.119567 0.29719 0 0 0.460103 0.416719 
109000 0.0432372 0.119529 0.295622 0 0 0.458377 0.415128 
109200 0.0431007 0.119491 0.294054 0 0 0.45665 0.413537 
109400 0.0429642 0.119454 0.292485 0 0 0.454923 0.411946 
109600 0.0428278 0.119416 0.290917 0 0 0.453197 0.410356 
109800 0.0426913 0.119378 0.289349 0 0 0.45147 0.408765 
110000 0.0425548 0.119341 0.28778 0 0 0.449744 0.407174 
110200 0.0424184 0.119303 0.286212 0 0 0.448017 0.405583 
110400 0.0422819 0.119265 0.284644 0 0 0.44629 0.403992 
110600 0.0421437 0.119234 0.283104 0 0 0.444568 0.402412 
110800 0.0420054 0.119202 0.281563 0 0 0.442847 0.400832 
111000 0.0418672 0.11917 0.280023 0 0 0.441124 0.399253 
111200 0.041729 0.119139 0.278483 0 0 0.439402 0.397673 
111400 0.0415907 0.119107 0.276942 0 0 0.437681 0.396093 
111600 0.0414525 0.119076 0.275402 0 0 0.435959 0.394513 
111800 0.0413143 0.119044 0.273862 0 0 0.434237 0.392933 
112000 0.041176 0.119012 0.272322 0 0 0.432515 0.391354 
112200 0.0410378 0.118981 0.270781 0 0 0.430793 0.389774 
112400 0.0408996 0.118949 0.269241 0 0 0.429071 0.388194 
112600 0.0407668 0.118915 0.267777 0 0 0.427437 0.386692 
112800 0.0406393 0.118877 0.26639 0 0 0.425891 0.385267 
113000 0.0405119 0.118839 0.265003 0 0 0.424346 0.383842 
113200 0.0403845 0.118801 0.263615 0 0 0.4228 0.382417 
113400 0.0402571 0.118764 0.262228 0 0 0.421254 0.380992 
113600 0.0401296 0.118726 0.260841 0 0 0.419709 0.379567 
113800 0.0400022 0.118688 0.259453 0 0 0.418163 0.378142 
114000 0.0398748 0.118651 0.258066 0 0 0.416617 0.376717 
114200 0.0397474 0.118613 0.256679 0 0 0.415072 0.375292 
114400 0.0396199 0.118575 0.255291 0 0 0.413526 0.373866 
114600 0.0394925 0.118538 0.253904 0 0 0.41198 0.372442 
114800 0.0393697 0.118504 0.252583 0 0 0.410504 0.371087 
115000 0.0392514 0.118475 0.251328 0 0 0.409098 0.369803 
115200 0.0391331 0.118447 0.250073 0 0 0.407692 0.36852 
115400 0.0390148 0.118418 0.248818 0 0 0.406285 0.367236 
115600 0.0388966 0.118389 0.247563 0 0 0.404879 0.365952 
115800 0.0387783 0.11836 0.246308 0 0 0.403473 0.364668 
116000 0.03866 0.118331 0.245053 0 0 0.402066 0.363385 
116200 0.0385417 0.118302 0.243799 0 0 0.40066 0.362101 
116400 0.0384235 0.118273 0.242544 0 0 0.399254 0.360817 
116600 0.0383052 0.118245 0.241289 0 0 0.397847 0.359533 
116800 0.0381869 0.118216 0.240034 0 0 0.396441 0.35825 
117000 0.0380686 0.118187 0.238779 0 0 0.395035 0.356966 
117200 0.0379487 0.118149 0.237542 0 0 0.39364 0.355692 
117400 0.0378289 0.118112 0.236306 0 0 0.392245 0.354417 
117600 0.037709 0.118074 0.235069 0 0 0.39085 0.353143 
117800 0.0375891 0.118036 0.233833 0 0 0.389455 0.351869 
118000 0.0374692 0.117998 0.232596 0 0 0.38806 0.350595 
118200 0.0373493 0.117961 0.23136 0 0 0.386665 0.349321 
118400 0.0372294 0.117923 0.230123 0 0 0.385271 0.348046 
118600 0.0371096 0.117885 0.228887 0 0 0.383876 0.346772 
118800 0.0369897 0.117848 0.22765 0 0 0.382481 0.345498 
119000 0.0368698 0.11781 0.226414 0 0 0.381086 0.344224 
119200 0.0367499 0.117772 0.225177 0 0 0.379691 0.342949 
119400 0.0366435 0.117738 0.224113 0 0 0.378488 0.34185 
119600 0.036537 0.117703 0.223048 0 0 0.377286 0.340751 
119800 0.0364306 0.117669 0.221984 0 0 0.376083 0.339653 
120000 0.0363242 0.117634 0.22092 0 0 0.374881 0.338554 
120200 0.0362177 0.117599 0.219855 0 0 0.373678 0.337455 
120400 0.0361113 0.117565 0.218791 0 0 0.372475 0.336356 
120600 0.0360048 0.11753 0.217727 0 0 0.371273 0.335257 
120800 0.0358984 0.117496 0.216662 0 0 0.37007 0.334158 
121000 0.035792 0.117461 0.215598 0 0 0.368868 0.333059 
121200 0.0356855 0.117427 0.214533 0 0 0.367665 0.33196 
121400 0.0355791 0.117392 0.213469 0 0 0.366462 0.330861 
121600 0.0354727 0.117358 0.212405 0 0 0.36526 0.329762 
121800 0.0353704 0.117323 0.211396 0 0 0.364112 0.328719 
122000 0.0352681 0.117288 0.210387 0 0 0.362965 0.327675 
122200 0.0351658 0.117254 0.209377 0 0 0.361818 0.326631 
122400 0.0350635 0.117219 0.208368 0 0 0.360671 0.325588 
122600 0.0349612 0.117185 0.207359 0 0 0.359523 0.324544 
122800 0.0348589 0.11715 0.20635 0 0 0.358376 0.3235 
123000 0.0347566 0.117116 0.205341 0 0 0.357229 0.322457 
123200 0.0346543 0.117081 0.204332 0 0 0.356081 0.321413 
123400 0.034552 0.117047 0.203323 0 0 0.354934 0.32037 
123600 0.0344498 0.117012 0.202314 0 0 0.353787 0.319326 
123800 0.0343475 0.116977 0.201305 0 0 0.352639 0.318282 
124000 0.0342452 0.116943 0.200296 0 0 0.351492 0.317239 
124200 0.0341456 0.116908 0.199342 0 0 0.350407 0.316257 
124400 0.0340461 0.116874 0.198388 0 0 0.349322 0.315276 
124600 0.0339466 0.116839 0.197434 0 0 0.348237 0.314294 
124800 0.0338471 0.116805 0.196481 0 0 0.347152 0.313313 
125000 0.0337475 0.11677 0.195527 0 0 0.346066 0.312331 
125200 0.033648 0.116735 0.194573 0 0 0.344981 0.31135 
125400 0.0335485 0.116701 0.193619 0 0 0.343896 0.310368 
125600 0.033449 0.116666 0.192665 0 0 0.342811 0.309387 
125800 0.0333494 0.116632 0.191712 0 0 0.341726 0.308406 
126000 0.0332499 0.116597 0.190758 0 0 0.340641 0.307424 
126200 0.0331504 0.116563 0.189804 0 0 0.339556 0.306443 
126400 0.0330509 0.116528 0.18885 0 0 0.338471 0.305461 
126600 0.0329548 0.116494 0.187959 0 0 0.337441 0.304528 
126800 0.0328587 0.116459 0.187067 0 0 0.336411 0.303595 
127000 0.0327627 0.116424 0.186175 0 0 0.335381 0.302662 
127200 0.0326666 0.11639 0.185284 0 0 0.334352 0.301729 
127400 0.0325705 0.116355 0.184392 0 0 0.333322 0.300796 
127600 0.0324744 0.116321 0.183501 0 0 0.332292 0.299863 
127800 0.0323784 0.116286 0.182609 0 0 0.331262 0.29893 
128000 0.0322823 0.116252 0.181718 0 0 0.330232 0.297997 
128200 0.0321862 0.116217 0.180826 0 0 0.329202 0.297064 
128400 0.0320902 0.116183 0.179934 0 0 0.328173 0.296131 
128600 0.0319941 0.116148 0.179043 0 0 0.327143 0.295198 
128800 0.031898 0.116113 0.178151 0 0 0.326113 0.294265 
129000 0.0318119 0.116082 0.177366 0 0 0.32522 0.293448 
129200 0.0317258 0.11605 0.176582 0 0 0.324327 0.292631 
129400 0.0316396 0.116018 0.175797 0 0 0.323433 0.291815 
129600 0.0315535 0.115986 0.175012 0 0 0.32254 0.290998 
129800 0.0314674 0.115954 0.174228 0 0 0.321647 0.290182 
130000 0.0313813 0.115922 0.173443 0 0 0.320754 0.289365 
130200 0.0312951 0.11589 0.172658 0 0 0.319861 0.288548 
130400 0.031209 0.115858 0.171873 0 0 0.318967 0.287732 
130600 0.0311229 0.115826 0.171089 0 0 0.318074 0.286915 
130800 0.0310367 0.115794 0.170304 0 0 0.317181 0.286098 
131000 0.0309506 0.115763 0.169519 0 0 0.316288 0.285282 
131200 0.0308645 0.115731 0.168735 0 0 0.315395 0.284465 
131400 0.0307784 0.115699 0.16795 0 0 0.314502 0.283649 
131600 0.0306921 0.115666 0.167187 0 0 0.313612 0.282852 
131800 0.0306058 0.115632 0.166424 0 0 0.312723 0.282056 
132000 0.0305196 0.115599 0.165661 0 0 0.311834 0.28126 
132200 0.0304333 0.115566 0.164898 0 0 0.310945 0.280464 
132400 0.0303471 0.115533 0.164135 0 0 0.310056 0.279668 
132600 0.0302608 0.1155 0.163372 0 0 0.309167 0.278871 
132800 0.0301746 0.115467 0.162609 0 0 0.308278 0.278075 
133000 0.0300883 0.115433 0.161846 0 0 0.307389 0.277279 
133200 0.0300021 0.1154 0.161083 0 0 0.3065 0.276483 
133400 0.0299158 0.115367 0.16032 0 0 0.305611 0.275687 
133600 0.0298295 0.115334 0.159556 0 0 0.304722 0.27489 
133800 0.0297433 0.115301 0.158793 0 0 0.303832 0.274094 
134000 0.0296618 0.115266 0.158077 0 0 0.302998 0.273346 
134200 0.029585 0.115229 0.157407 0 0 0.302218 0.272645 
134400 0.0295082 0.115192 0.156738 0 0 0.301437 0.271945 
134600 0.0294314 0.115155 0.156068 0 0 0.300657 0.271245 
134800 0.0293546 0.115118 0.155399 0 0 0.299877 0.270544 
135000 0.0292778 0.115081 0.154729 0 0 0.299097 0.269844 
135200 0.029201 0.115044 0.154059 0 0 0.298316 0.269144 
135400 0.0291242 0.115008 0.15339 0 0 0.297536 0.268443 
135600 0.0290474 0.114971 0.15272 0 0 0.296756 0.267743 
135800 0.0289706 0.114934 0.15205 0 0 0.295976 0.267043 
136000 0.0288938 0.114897 0.151381 0 0 0.295195 0.266342 
136200 0.028817 0.11486 0.150711 0 0 0.294415 0.265642 
136400 0.0287402 0.114823 0.150041 0 0 0.293635 0.264941 
136600 0.0286634 0.114786 0.149372 0 0 0.292855 0.264241 
136800 0.0285856 0.114755 0.148721 0 0 0.292089 0.263552 
137000 0.0285078 0.114723 0.14807 0 0 0.291324 0.262863 
137200 0.0284299 0.114691 0.147419 0 0 0.290558 0.262174 
137400 0.0283521 0.114659 0.146769 0 0 0.289792 0.261485 
137600 0.0282743 0.114627 0.146118 0 0 0.289027 0.260796 
137800 0.0281964 0.114595 0.145467 0 0 0.288261 0.260107 
138000 0.0281186 0.114563 0.144816 0 0 0.287496 0.259418 
138200 0.0280408 0.114531 0.144166 0 0 0.28673 0.258729 
138400 0.0279629 0.114499 0.143515 0 0 0.285964 0.25804 
138600 0.0278851 0.114467 0.142864 0 0 0.285199 0.257351 
138800 0.0278073 0.114436 0.142213 0 0 0.284433 0.256662 
139000 0.0277294 0.114404 0.141563 0 0 0.283668 0.255973 
139200 0.0276516 0.114372 0.140912 0 0 0.282902 0.255284 
139400 0.0275797 0.114335 0.140316 0 0 0.282202 0.254657 
139600 0.0275078 0.114298 0.13972 0 0 0.281501 0.25403 
139800 0.027436 0.114261 0.139124 0 0 0.280801 0.253404 
140000 0.0273641 0.114224 0.138528 0 0 0.280101 0.252777 
140200 0.0272922 0.114187 0.137932 0 0 0.2794 0.252151 
140400 0.0272203 0.114151 0.137336 0 0 0.2787 0.251524 
140600 0.0271484 0.114114 0.13674 0 0 0.278 0.250897 
140800 0.0270766 0.114077 0.136145 0 0 0.277299 0.250271 
141000 0.0270047 0.11404 0.135549 0 0 0.276599 0.249644 
141200 0.0269328 0.114003 0.134953 0 0 0.275898 0.249017 
141400 0.0268609 0.113966 0.134357 0 0 0.275198 0.248391 
141600 0.026789 0.113929 0.133761 0 0 0.274498 0.247764 
141800 0.0267172 0.113893 0.133165 0 0 0.273797 0.247137 
142000 0.0266474 0.113859 0.132597 0 0 0.273127 0.246537 
142200 0.0265799 0.11383 0.132058 0 0 0.272487 0.245962 
142400 0.0265124 0.1138 0.131519 0 0 0.271848 0.245387 
142600 0.0264448 0.11377 0.13098 0 0 0.271208 0.244813 
142800 0.0263773 0.113741 0.130441 0 0 0.270568 0.244238 
143000 0.0263098 0.113711 0.129902 0 0 0.269928 0.243664 
143200 0.0262422 0.113682 0.129363 0 0 0.269288 0.243089 
143400 0.0261747 0.113652 0.128824 0 0 0.268649 0.242514 
143600 0.0261072 0.113622 0.128285 0 0 0.268009 0.24194 
143800 0.0260396 0.113593 0.127746 0 0 0.267369 0.241365 
144000 0.0259721 0.113563 0.127206 0 0 0.266729 0.24079 
144200 0.0259046 0.113533 0.126667 0 0 0.266089 0.240216 
144400 0.025837 0.113504 0.126128 0 0 0.26545 0.239641 
144600 0.0257695 0.113474 0.125589 0 0 0.26481 0.239066 
144800 0.0257031 0.113442 0.125065 0 0 0.264188 0.238507 
145000 0.025638 0.113406 0.124555 0 0 0.263583 0.237962 
145200 0.0255728 0.113371 0.124046 0 0 0.262979 0.237416 
145400 0.0255076 0.113335 0.123536 0 0 0.262375 0.236871 
145600 0.0254425 0.113299 0.123027 0 0 0.261771 0.236326 
145800 0.0253773 0.113264 0.122517 0 0 0.261166 0.235781 
146000 0.0253121 0.113228 0.122008 0 0 0.260562 0.235236 
146200 0.025247 0.113193 0.121499 0 0 0.259958 0.234691 
146400 0.0251818 0.113157 0.120989 0 0 0.259354 0.234146 
146600 0.0251166 0.113122 0.12048 0 0 0.258749 0.233601 
146800 0.0250515 0.113086 0.11997 0 0 0.258145 0.233056 
147000 0.0249863 0.113051 0.119461 0 0 0.257541 0.232511 
147200 0.0249211 0.113015 0.118951 0 0 0.256937 0.231966 
147400 0.024856 0.11298 0.118442 0 0 0.256332 0.231421 
147600 0.0247935 0.112945 0.117958 0 0 0.255751 0.230903 
147800 0.0247338 0.112912 0.1175 0 0 0.255194 0.230412 
148000 0.0246741 0.112879 0.117042 0 0 0.254637 0.229921 
148200 0.0246144 0.112846 0.116585 0 0 0.254079 0.22943 
148400 0.0245547 0.112813 0.116127 0 0 0.253522 0.228939 
148600 0.024495 0.112779 0.115669 0 0 0.252965 0.228448 
148800 0.0244352 0.112746 0.115211 0 0 0.252407 0.227957 
149000 0.0243755 0.112713 0.114753 0 0 0.25185 0.227466 
149200 0.0243158 0.11268 0.114295 0 0 0.251293 0.226975 
149400 0.0242561 0.112647 0.113838 0 0 0.250735 0.226484 
149600 0.0241964 0.112613 0.11338 0 0 0.250178 0.225993 
149800 0.0241367 0.11258 0.112922 0 0 0.249621 0.225502 
150000 0.024077 0.112547 0.112464 0 0 0.249063 0.225011 
150200 0.0240106 0.112506 0.111967 0 0 0.248483 0.224472 
150400 0.0239443 0.112464 0.111469 0 0 0.247902 0.223933 
150600 0.0238879 0.112431 0.111049 0 0 0.247394 0.22348 
150800 0.0238315 0.112398 0.110628 0 0 0.246885 0.223026 
151000 0.0237751 0.112365 0.110208 0 0 0.246376 0.222573 
151200 0.0237187 0.112331 0.109788 0 0 0.245867 0.22212 
151400 0.0236623 0.112298 0.109368 0 0 0.245359 0.221666 
151600 0.0236059 0.112265 0.108948 0 0 0.24485 0.221213 
151800 0.0235495 0.112232 0.108527 0 0 0.244341 0.220759 
152000 0.0234931 0.112199 0.108107 0 0 0.243833 0.220306 
152200 0.0234367 0.112166 0.107687 0 0 0.243324 0.219853 
152400 0.0233803 0.112132 0.107267 0 0 0.242815 0.219399 
152600 0.0233239 0.112099 0.106846 0 0 0.242307 0.218946 
152800 0.0232675 0.112066 0.106426 0 0 0.241798 0.218492 
153000 0.0232111 0.112033 0.106006 0 0 0.241289 0.218039 
153200 0.0231547 0.112 0.105586 0 0 0.240781 0.217586 
153400 0.0230983 0.111967 0.105166 0 0 0.240272 0.217132 
153600 0.0230435 0.111933 0.104768 0 0 0.239785 0.216701 
153800 0.0229888 0.1119 0.104369 0 0 0.239299 0.21627 
154000 0.0229341 0.111867 0.103971 0 0 0.238812 0.215838 
154200 0.0228793 0.111834 0.103573 0 0 0.238326 0.215407 
154400 0.0228246 0.111801 0.103175 0 0 0.237839 0.214976 
154600 0.0227698 0.111767 0.102777 0 0 0.237352 0.214544 
154800 0.0227151 0.111734 0.102379 0 0 0.236866 0.214113 
155000 0.0226604 0.111701 0.101981 0 0 0.236379 0.213682 
155200 0.0226056 0.111668 0.101583 0 0 0.235893 0.213251 
155400 0.0225509 0.111635 0.101185 0 0 0.235406 0.212819 
155600 0.0224962 0.111602 0.100786 0 0 0.23492 0.212388 
155800 0.0224414 0.111568 0.100388 0 0 0.234433 0.211957 
156000 0.0223867 0.111535 0.0999903 0 0 0.233946 0.211526 
156200 0.0223319 0.111502 0.0995922 0 0 0.23346 0.211094 
156400 0.0222772 0.111469 0.0991941 0 0 0.232973 0.210663 
156600 0.0222241 0.111436 0.0988181 0 0 0.232509 0.210254 
156800 0.022171 0.111403 0.0984421 0 0 0.232044 0.209845 
157000 0.022118 0.111369 0.0980661 0 0 0.23158 0.209436 
157200 0.0220649 0.111336 0.0976901 0 0 0.231116 0.209026 
157400 0.0220118 0.111303 0.0973141 0 0 0.230651 0.208617 
157600 0.0219587 0.11127 0.0969381 0 0 0.230187 0.208208 
157800 0.0219056 0.111237 0.0965622 0 0 0.229722 0.207799 
158000 0.0218526 0.111204 0.0961862 0 0 0.229258 0.20739 
158200 0.0217995 0.11117 0.0958102 0 0 0.228793 0.206981 
158400 0.0217464 0.111137 0.0954342 0 0 0.228329 0.206571 
158600 0.0216933 0.111104 0.0950582 0 0 0.227864 0.206162 
158800 0.0216402 0.111071 0.0946822 0 0 0.2274 0.205753 
159000 0.0215871 0.111038 0.0943062 0 0 0.226935 0.205344 
159200 0.0215341 0.111004 0.0939303 0 0 0.226471 0.204935 
159400 0.021481 0.110971 0.0935543 0 0 0.226007 0.204526 
159600 0.0214318 0.110939 0.0932118 0 0 0.225584 0.204151 
159800 0.0213825 0.110907 0.0928694 0 0 0.225161 0.203776 
160000 0.0213333 0.110875 0.0925269 0 0 0.224738 0.203402 
160200 0.0212841 0.110843 0.0921845 0 0 0.224316 0.203027 
160400 0.0212348 0.110811 0.091842 0 0 0.223893 0.202653 
160600 0.0211856 0.110779 0.0914995 0 0 0.22347 0.202278 
160800 0.0211364 0.110747 0.0911571 0 0 0.223048 0.201904 
161000 0.0210872 0.110714 0.0908146 0 0 0.222625 0.201529 
161200 0.0210379 0.110682 0.0904722 0 0 0.222202 0.201155 
161400 0.0209887 0.11065 0.0901297 0 0 0.221779 0.20078 
161600 0.0209395 0.110618 0.0897873 0 0 0.221357 0.200405 
161800 0.0208903 0.110586 0.0894448 0 0 0.220934 0.200031 
162000 0.020841 0.110554 0.0891024 0 0 0.220511 0.199656 
162200 0.0207918 0.110522 0.0887599 0 0 0.220088 0.199282 
162400 0.0207426 0.11049 0.0884175 0 0 0.219666 0.198907 
162600 0.0206949 0.110458 0.0880907 0 0 0.219257 0.198549 
162800 0.0206488 0.110427 0.0877797 0 0 0.218864 0.198207 
163000 0.0206026 0.110396 0.0874687 0 0 0.21847 0.197865 
163200 0.0205565 0.110365 0.0871577 0 0 0.218076 0.197522 
163400 0.0205104 0.110334 0.0868466 0 0 0.217682 0.19718 
163600 0.0204642 0.110303 0.0865356 0 0 0.217288 0.196838 
163800 0.0204181 0.110271 0.0862246 0 0 0.216894 0.196496 
164000 0.0203719 0.11024 0.0859136 0 0 0.2165 0.196154 
164200 0.0203258 0.110209 0.0856026 0 0 0.216106 0.195812 
164400 0.0202797 0.110178 0.0852915 0 0 0.215712 0.19547 
164600 0.0202335 0.110147 0.0849805 0 0 0.215318 0.195128 
164800 0.0201874 0.110116 0.0846695 0 0 0.214924 0.194786 
165000 0.0201413 0.110085 0.0843585 0 0 0.21453 0.194443 
165200 0.0200951 0.110054 0.0840475 0 0 0.214136 0.194101 
165400 0.020049 0.110023 0.0837365 0 0 0.213742 0.193759 
165600 0.0200029 0.109992 0.0834254 0 0 0.213348 0.193417 
165800 0.0199582 0.109961 0.0831259 0 0 0.212973 0.193088 
166000 0.019915 0.109931 0.0828379 0 0 0.212616 0.192771 
166200 0.0198717 0.109901 0.0825499 0 0 0.212259 0.192454 
166400 0.0198285 0.10987 0.0822619 0 0 0.211902 0.192138 
166600 0.0197853 0.10984 0.0819738 0 0 0.211545 0.191821 
166800 0.0197421 0.10981 0.0816858 0 0 0.211188 0.191504 
167000 0.0196988 0.10978 0.0813978 0 0 0.210831 0.191188 
167200 0.0196556 0.10975 0.0811098 0 0 0.210474 0.190871 
167400 0.0196124 0.10972 0.0808217 0 0 0.210118 0.190554 
167600 0.0195691 0.10969 0.0805337 0 0 0.209761 0.190238 
167800 0.0195259 0.109659 0.0802457 0 0 0.209404 0.189921 
168000 0.0194827 0.109629 0.0799577 0 0 0.209047 0.189604 
168200 0.0194395 0.109599 0.0796697 0 0 0.20869 0.189288 
168400 0.0193962 0.109569 0.0793816 0 0 0.208333 0.188971 
168600 0.019353 0.109539 0.0790936 0 0 0.207976 0.188654 
168800 0.0193098 0.109509 0.0788056 0 0 0.207619 0.188338 
169000 0.0192665 0.109478 0.0785176 0 0 0.207263 0.188021 
169200 0.0192243 0.109448 0.0782477 0 0 0.206921 0.187719 
169400 0.0191821 0.109418 0.0779777 0 0 0.206579 0.187418 
169600 0.0191399 0.109388 0.0777078 0 0 0.206237 0.187116 
169800 0.0190976 0.109358 0.0774379 0 0 0.205895 0.186814 
170000 0.0190554 0.109328 0.0771679 0 0 0.205553 0.186513 
170200 0.0190132 0.109297 0.076898 0 0 0.205212 0.186211 
170400 0.018971 0.109267 0.0766281 0 0 0.20487 0.18591 
170600 0.0189288 0.109237 0.0763582 0 0 0.204528 0.185608 
170800 0.0188865 0.109207 0.0760882 0 0 0.204186 0.185307 
171000 0.0188443 0.109177 0.0758183 0 0 0.203844 0.185005 
171200 0.0188021 0.109147 0.0755484 0 0 0.203503 0.184703 
171400 0.0187599 0.109116 0.0752785 0 0 0.203161 0.184402 
171600 0.0187176 0.109086 0.0750085 0 0 0.202819 0.1841 
171800 0.0186754 0.109056 0.0747386 0 0 0.202477 0.183799 
172000 0.0186332 0.109026 0.0744687 0 0 0.202135 0.183497 
172200 0.018591 0.108996 0.0741988 0 0 0.201794 0.183195 
172400 0.0185498 0.108963 0.0739369 0 0 0.201459 0.182901 
172600 0.0185095 0.108928 0.073683 0 0 0.201133 0.182615 
172800 0.0184693 0.108893 0.0734292 0 0 0.200806 0.182328 
173000 0.0184291 0.108858 0.0731754 0 0 0.200479 0.182042 
173200 0.0183889 0.108822 0.0729215 0 0 0.200152 0.181755 
173400 0.0183487 0.108787 0.0726677 0 0 0.199826 0.181469 
173600 0.0183085 0.108752 0.0724138 0 0 0.199499 0.181182 
173800 0.0182683 0.108717 0.07216 0 0 0.199172 0.180896 
174000 0.0182281 0.108682 0.0719061 0 0 0.198846 0.180609 
174200 0.0181878 0.108647 0.0716523 0 0 0.198519 0.180323 
174400 0.0181476 0.108611 0.0713985 0 0 0.198192 0.180036 
174600 0.0181074 0.108576 0.0711446 0 0 0.197865 0.17975 
174800 0.0180672 0.108541 0.0708908 0 0 0.197539 0.179463 
175000 0.018027 0.108506 0.0706369 0 0 0.197212 0.179177 
175200 0.0179868 0.108471 0.0703831 0 0 0.196885 0.17889 
175400 0.0179466 0.108435 0.0701293 0 0 0.196558 0.178604 
175600 0.0179064 0.1084 0.0698754 0 0 0.196232 0.178317 
175800 0.0178694 0.108372 0.0696494 0 0 0.195938 0.178061 
176000 0.0178324 0.108343 0.0694233 0 0 0.195644 0.177805 
176200 0.0177955 0.108315 0.0691972 0 0 0.19535 0.177549 
176400 0.0177585 0.108286 0.0689712 0 0 0.195056 0.177293 
176600 0.0177215 0.108258 0.0687451 0 0 0.194763 0.177037 
176800 0.0176846 0.10823 0.068519 0 0 0.194469 0.176782 
177000 0.0176476 0.108201 0.068293 0 0 0.194175 0.176526 
177200 0.0176106 0.108173 0.0680669 0 0 0.193881 0.17627 
177400 0.0175737 0.108144 0.0678408 0 0 0.193587 0.176014 
177600 0.0175367 0.108116 0.0676148 0 0 0.193293 0.175758 
177800 0.0174997 0.108087 0.0673887 0 0 0.193 0.175502 
178000 0.0174628 0.108059 0.0671626 0 0 0.192706 0.175246 
178200 0.0174258 0.108031 0.0669366 0 0 0.192412 0.17499 
178400 0.0173888 0.108002 0.0667105 0 0 0.192118 0.174734 
178600 0.0173519 0.107974 0.0664844 0 0 0.191824 0.174478 
178800 0.0173149 0.107945 0.0662584 0 0 0.19153 0.174222 
179000 0.0172779 0.107917 0.0660323 0 0 0.191236 0.173966 
179200 0.0172419 0.107886 0.0658129 0 0 0.19095 0.173715 
179400 0.0172068 0.107853 0.0656001 0 0 0.19067 0.173469 
179600 0.0171718 0.10782 0.0653873 0 0 0.190391 0.173222 
179800 0.0171367 0.107786 0.0651745 0 0 0.190111 0.172976 
180000 0.0171016 0.107753 0.0649617 0 0 0.189831 0.172729 
180200 0.0170665 0.10772 0.0647489 0 0 0.189552 0.172483 
180400 0.0170315 0.107687 0.0645361 0 0 0.189272 0.172237 
180600 0.0169964 0.107654 0.0643233 0 0 0.188992 0.17199 
180800 0.0169613 0.107621 0.0641105 0 0 0.188713 0.171744 
181000 0.0169263 0.107587 0.0638977 0 0 0.188433 0.171497 
181200 0.0168912 0.107554 0.0636849 0 0 0.188154 0.171251 
181400 0.0168561 0.107521 0.0634721 0 0 0.187874 0.171004 
181600 0.016821 0.107488 0.0632593 0 0 0.187594 0.170758 
181800 0.016786 0.107455 0.0630465 0 0 0.187315 0.170511 
182000 0.0167509 0.107422 0.0628337 0 0 0.187035 0.170265 
182200 0.0167158 0.107388 0.0626209 0 0 0.186755 0.170019 
182400 0.0166808 0.107355 0.0624081 0 0 0.186476 0.169772 
182600 0.0166457 0.107322 0.0621953 0 0 0.186196 0.169526 
182800 0.0166111 0.107294 0.0619944 0 0 0.185931 0.169293 
183000 0.0165765 0.107265 0.0617935 0 0 0.185665 0.169061 
183200 0.0165419 0.107237 0.0615925 0 0 0.1854 0.168829 
183400 0.0165073 0.107208 0.0613916 0 0 0.185135 0.168597 
183600 0.0164727 0.10718 0.0611906 0 0 0.184869 0.168365 
183800 0.0164381 0.107151 0.0609897 0 0 0.184604 0.168132 
184000 0.0164035 0.107123 0.0607887 0 0 0.184338 0.1679 
184200 0.0163689 0.107095 0.0605878 0 0 0.184073 0.167668 
184400 0.0163343 0.107066 0.0603868 0 0 0.183808 0.167436 
184600 0.0162997 0.107038 0.0601859 0 0 0.183542 0.167203 
184800 0.0162651 0.107009 0.0599849 0 0 0.183277 0.166971 
185000 0.0162305 0.106981 0.059784 0 0 0.183011 0.166739 
185200 0.0161959 0.106952 0.059583 0 0 0.182746 0.166507 
185400 0.0161613 0.106924 0.0593821 0 0 0.182481 0.166274 
185600 0.0161267 0.106895 0.0591811 0 0 0.182215 0.166042 
185800 0.0160921 0.106867 0.0589802 0 0 0.18195 0.16581 
186000 0.0160575 0.106839 0.0587792 0 0 0.181684 0.165578 
186200 0.0160248 0.106809 0.0585893 0 0 0.181431 0.165359 
186400 0.0159938 0.106777 0.0584104 0 0 0.181189 0.165152 
186600 0.0159629 0.106746 0.0582316 0 0 0.180946 0.164946 
186800 0.015932 0.106715 0.0580527 0 0 0.180704 0.16474 
187000 0.015901 0.106683 0.0578738 0 0 0.180462 0.164534 
187200 0.0158701 0.106652 0.0576949 0 0 0.18022 0.164327 
187400 0.0158392 0.10662 0.0575161 0 0 0.179978 0.164121 
187600 0.0158082 0.106589 0.0573372 0 0 0.179736 0.163915 
187800 0.0157773 0.106558 0.0571583 0 0 0.179494 0.163709 
188000 0.0157464 0.106526 0.0569794 0 0 0.179252 0.163503 
188200 0.0157154 0.106495 0.0568005 0 0 0.17901 0.163296 
188400 0.0156845 0.106463 0.0566217 0 0 0.178768 0.16309 
188600 0.0156536 0.106432 0.0564428 0 0 0.178526 0.162884 
188800 0.0156226 0.106401 0.0562639 0 0 0.178283 0.162678 
189000 0.0155917 0.106369 0.056085 0 0 0.178041 0.162471 
189200 0.0155608 0.106338 0.0559062 0 0 0.177799 0.162265 
189400 0.0155298 0.106307 0.0557273 0 0 0.177557 0.162059 
189600 0.0154989 0.106275 0.0555484 0 0 0.177315 0.161853 
189800 0.015468 0.106244 0.0553695 0 0 0.177073 0.161647 
190000 0.0154375 0.106212 0.055201 0 0 0.176844 0.161445 
190200 0.015407 0.106181 0.0550324 0 0 0.176616 0.161243 
190400 0.0153765 0.10615 0.0548638 0 0 0.176387 0.161041 
190600 0.015346 0.106118 0.0546953 0 0 0.176158 0.16084 
190800 0.0153155 0.106087 0.0545267 0 0 0.17593 0.160638 
191000 0.0152851 0.106056 0.0543581 0 0 0.175701 0.160436 
191200 0.0152546 0.106024 0.0541896 0 0 0.175473 0.160234 
191400 0.0152241 0.105993 0.054021 0 0 0.175244 0.160033 
191600 0.0151936 0.105961 0.0538524 0 0 0.175015 0.159831 
191800 0.0151631 0.10593 0.0536839 0 0 0.174787 0.159629 
192000 0.0151326 0.105899 0.0535153 0 0 0.174558 0.159427 
192200 0.0151021 0.105867 0.0533467 0 0 0.174329 0.159226 
192400 0.0150717 0.105836 0.0531782 0 0 0.174101 0.159024 
192600 0.0150412 0.105804 0.0530096 0 0 0.173872 0.158822 
192800 0.0150107 0.105773 0.052841 0 0 0.173643 0.15862 
193000 0.0149802 0.105742 0.0526725 0 0 0.173415 0.158419 
193200 0.0149497 0.10571 0.0525039 0 0 0.173186 0.158217 
193400 0.0149192 0.105679 0.0523353 0 0 0.172957 0.158015 
193600 0.01489 0.10565 0.0521736 0 0 0.172738 0.157823 
193800 0.0148621 0.105624 0.0520186 0 0 0.172529 0.157639 
194000 0.0148341 0.105598 0.0518636 0 0 0.172319 0.157456 
194200 0.0148062 0.105572 0.0517087 0 0 0.17211 0.157273 
194400 0.0147783 0.105545 0.0515537 0 0 0.1719 0.157089 
194600 0.0147503 0.105519 0.0513988 0 0 0.171691 0.156906 
194800 0.0147224 0.105493 0.0512438 0 0 0.171481 0.156723 
195000 0.0146945 0.105467 0.0510888 0 0 0.171272 0.156539 
195200 0.0146665 0.105441 0.0509339 0 0 0.171062 0.156356 
195400 0.0146386 0.105414 0.0507789 0 0 0.170853 0.156173 
195600 0.0146107 0.105388 0.0506239 0 0 0.170643 0.155989 
195800 0.0145827 0.105362 0.050469 0 0 0.170434 0.155806 
196000 0.0145548 0.105336 0.050314 0 0 0.170224 0.155623 
196200 0.0145268 0.10531 0.050159 0 0 0.170015 0.155439 
196400 0.0144989 0.105283 0.0500041 0 0 0.169805 0.155256 
196600 0.014471 0.105257 0.0498491 0 0 0.169595 0.155073 
196800 0.014443 0.105231 0.0496942 0 0 0.169386 0.154889 
197000 0.0144151 0.105205 0.0495392 0 0 0.169176 0.154706 
197200 0.0143872 0.105179 0.0493842 0 0 0.168967 0.154523 
197400 0.0143594 0.10515 0.0492333 0 0 0.168758 0.154345 
197600 0.0143317 0.10512 0.0490865 0 0 0.168549 0.154173 
197800 0.0143041 0.105089 0.0489397 0 0 0.16834 0.154001 
198000 0.0142764 0.105058 0.0487928 0 0 0.168131 0.153829 
198200 0.0142488 0.105027 0.048646 0 0 0.167922 0.153657 
198400 0.0142211 0.104997 0.0484992 0 0 0.167713 0.153485 
198600 0.0141935 0.104966 0.0483523 0 0 0.167504 0.153313 
198800 0.0141658 0.104935 0.0482055 0 0 0.167296 0.153141 
199000 0.0141382 0.104905 0.0480587 0 0 0.167087 0.152969 
199200 0.0141105 0.104874 0.0479119 0 0 0.166878 0.152797 
199400 0.0140829 0.104843 0.047765 0 0 0.166669 0.152625 
199600 0.0140553 0.104812 0.0476182 0 0 0.16646 0.152453 
199800 0.0140276 0.104782 0.0474714 0 0 0.166251 0.152281 
200000 0.014 0.104751 0.0473245 0 0 0.166042 0.152109 
