1000 3.69898 0.00800317 2623.26 0 0 2626.59 2623.26 
1200 3.61959 0.0108462 5991.22 0 0 5995.08 5991.22 
1400 3.53724 0.0138985 4084.54 0 0 4088.41 4084.55 
1600 3.45063 0.0170368 2927.48 0 0 2930.98 2927.48 
1800 3.35942 0.020206 2176.57 0 0 2180.43 2176.57 
2000 3.26591 0.0233961 1666.97 0 0 1670.15 1666.97 
2200 3.17305 0.0265673 1297.11 0 0 1299.84 1297.11 
2400 3.0807 0.0297069 1031.23 0 0 1034.4 1031.23 
2600 2.9896 0.0328015 835.001 0 0 837.871 835.026 
2800 2.89946 0.0358428 686.43 0 0 689.591 686.45 
3000 2.81154 0.038823 571.976 0 0 574.846 571.994 
3200 2.72496 0.04173 480.163 0 0 482.952 480.227 
3400 2.64123 0.0445644 407.437 0 0 410.11 407.47 
3600 2.55895 0.0473244 348.802 0 0 351.407 348.847 
3800 2.47991 0.0499801 301.271 0 0 303.756 301.305 
4000 2.40245 0.0525768 262.007 0 0 264.477 262.04 
4200 2.3277 0.0550802 229.132 0 0 231.522 229.21 
4400 2.25517 0.0575024 201.543 0 0 203.875 201.632 
4600 2.18462 0.0598403 178.25 0 0 180.513 178.283 
4800 2.11698 0.062099 158.502 0 0 160.697 158.591 
5000 2.05141 0.0642744 141.602 0 0 143.741 141.636 
5200 1.98804 0.0663713 126.979 0 0 129.05 127.071 
5400 1.92692 0.0683943 114.285 0 0 116.288 114.376 
5600 1.86803 0.070335 103.276 0 0 105.22 103.319 
5800 1.8115 0.0722189 93.6785 0 0 95.5624 93.7209 
6000 1.75669 0.0740364 85.1851 0 0 87.0067 85.2839 
6200 1.70444 0.0757839 77.7322 0 0 79.4926 77.7768 
6400 1.65371 0.0774814 71.0133 0 0 72.7665 71.1098 
6600 1.60524 0.0791089 65.1331 0 0 66.8261 65.2335 
6800 1.55848 0.0806979 59.865 0 0 61.5068 59.9455 
7000 1.51381 0.0822254 55.1847 0 0 56.7837 55.271 
7200 1.47059 0.0837076 50.948 0 0 52.4993 51.0296 
7400 1.42919 0.0851462 47.1805 0 0 48.6939 47.2651 
7600 1.38903 0.0865465 43.7472 0 0 45.2236 43.8344 
7800 1.35074 0.0878849 40.6664 0 0 42.1079 40.7549 
8000 1.31367 0.0892068 37.8483 0 0 39.2521 37.9368 
8200 1.27797 0.0904765 35.3008 0 0 36.6697 35.3907 
8400 1.24381 0.091722 32.9501 0 0 34.2868 33.04 
8600 1.21077 0.0929253 30.8244 0 0 32.1267 30.9156 
8800 1.17902 0.0940987 28.8742 0 0 30.1498 28.9681 
9000 1.14897 0.0952343 27.0886 0 0 28.333 27.1838 
9200 1.11968 0.0963347 25.4454 0 0 26.6618 25.5428 
9400 1.09196 0.0974121 23.9358 0 0 25.1247 24.0338 
9600 1.06515 0.0984663 22.5397 0 0 23.7029 22.6381 
9800 1.03955 0.0994812 146.985 0 0 148.127 147.043 
10000 1.01516 0.100474 139.864 0 0 141.004 139.973 
10200 0.991874 0.101426 133.327 0 0 134.409 133.436 
10400 0.968141 0.102412 126.784 0 0 127.809 126.839 
10600 0.947114 0.103303 121.04 0 0 122.064 121.096 
10800 0.926141 0.104187 115.512 0 0 116.534 115.622 
11000 0.905725 0.105065 110.189 0 0 111.208 110.3 
11200 0.885375 0.105948 105.115 0 0 106.086 105.227 
11400 0.866283 0.106782 100.436 0 0 101.398 100.548 
11600 0.848054 0.107587 96.0837 0 0 97.0438 96.1962 
11800 0.830177 0.108395 91.854 0 0 92.7827 91.9668 
12000 0.812927 0.109176 87.8937 0 0 88.796 88.0068 
12200 0.796291 0.109934 84.1889 0 0 85.0755 84.2879 
12400 0.780042 0.110698 80.5714 0 0 81.4162 80.6368 
12600 0.764942 0.111402 77.3189 0 0 78.1624 77.4283 
12800 0.749716 0.112127 74.0705 0 0 74.9539 74.1846 
13000 0.734934 0.112834 71.0384 0 0 71.9035 71.1526 
13200 0.720801 0.113517 68.2076 0 0 69.0473 68.322 
13400 0.707228 0.11418 65.5293 0 0 66.3615 65.644 
13600 0.69369 0.114827 62.9606 0 0 63.7495 63.0755 
13800 0.681286 0.11546 60.5781 0 0 61.3597 60.6933 
14000 0.668896 0.116079 58.2702 0 0 59.0508 58.3856 
14200 0.656507 0.116681 56.0362 0 0 56.8135 56.1519 
14400 0.645191 0.117264 53.9858 0 0 54.7465 54.1016 
14600 0.63389 0.117876 52.0073 0 0 52.7573 52.1233 
14800 0.622766 0.11847 50.1024 0 0 50.8435 50.2186 
15000 0.611959 0.119013 48.2899 0 0 49.022 48.4062 
15200 0.601584 0.11958 46.6019 0 0 47.3263 46.7238 
15400 0.591567 0.120108 44.9632 0 0 45.6761 45.0837 
15600 0.581793 0.120605 43.4028 0 0 44.1002 43.5198 
15800 0.572504 0.121121 41.9585 0 0 42.6511 42.0789 
16000 0.56332 0.121633 40.5491 0 0 41.2361 40.6718 
16200 0.554253 0.12214 39.1829 0 0 39.862 39.3057 
16400 0.545358 0.122623 37.8778 0 0 38.546 38.0007 
16600 0.536718 0.123089 36.6251 0 0 37.2833 36.7482 
16800 0.5286 0.123523 35.47 0 0 36.1209 35.5932 
17000 0.520584 0.123984 34.3521 0 0 34.9958 34.4755 
17200 0.512623 0.12446 33.2543 0 0 33.8907 33.3779 
17400 0.504846 0.124894 32.2106 0 0 32.8397 32.3344 
17600 0.497275 0.125321 31.2056 0 0 31.8275 31.3295 
17800 0.490085 0.125737 30.2724 0 0 30.8875 30.3964 
18000 0.482998 0.126143 29.3679 0 0 29.9761 29.4919 
18200 0.47598 0.126543 28.4824 0 0 29.0838 28.6066 
18400 0.469076 0.126948 27.6321 0 0 28.2294 27.7591 
18600 0.462243 0.127349 26.7969 0 0 27.3901 26.9268 
18800 0.455873 0.127698 26.0405 0 0 26.6273 26.1706 
19000 0.449535 0.128053 25.2939 0 0 25.8743 25.4241 
19200 0.443291 0.128431 24.5767 0 0 25.1506 24.7069 
19400 0.437101 0.128793 23.8738 0 0 24.4414 24.003 
19600 0.430991 0.129133 23.1927 0 0 23.7538 23.319 
19800 0.425095 0.129479 22.5455 0 0 23.0996 22.6724 
20000 0.419374 0.129828 21.9259 0 0 22.4725 22.0566 
20200 0.413783 0.130174 21.3372 0 0 21.88 21.468 
20400 0.408206 0.130496 20.7537 0 0 21.2905 20.8846 
20600 0.4028 0.130807 20.1979 0 0 20.7304 20.3288 
20800 0.397485 0.131114 19.6569 0 0 20.1862 19.7879 
21000 0.392316 0.131415 19.1438 0 0 19.6682 19.2749 
21200 0.387227 0.131713 18.6458 0 0 19.1644 18.7769 
21400 0.382276 0.132007 18.1676 0 0 18.6821 18.2988 
21600 0.377418 0.132298 17.7026 0 0 18.2142 17.8339 
21800 0.372606 0.132588 17.2509 0 0 17.7582 17.3823 
22000 0.367839 0.132878 16.8124 0 0 17.314 16.9438 
22200 0.36315 0.133163 16.3862 0 0 16.8823 16.5177 
22400 0.358579 0.133441 15.9785 0 0 16.4692 16.1102 
22600 0.354062 0.133709 15.5783 0 0 16.0642 15.71 
22800 0.349707 0.133949 15.2001 0 0 15.6832 15.332 
23000 0.345361 0.134189 14.8234 0 0 15.3035 14.9553 
23200 0.341182 0.134453 14.4734 0 0 14.9484 14.6054 
23400 0.337003 0.134716 14.1234 0 0 14.5932 14.2555 
23600 0.332964 0.134951 13.7931 0 0 14.2596 13.9271 
23800 0.328961 0.13518 13.4676 0 0 13.9314 13.6041 
24000 0.325052 0.135405 13.1539 0 0 13.615 13.2916 
24200 0.321239 0.135628 12.8519 0 0 13.3104 12.9897 
24400 0.317445 0.13585 12.5533 0 0 13.0088 12.6911 
24600 0.313763 0.136063 12.2738 0 0 12.7244 12.4117 
24800 0.310081 0.136276 11.9943 0 0 12.44 12.1322 
25000 0.306472 0.136488 11.7252 0 0 12.1677 11.8632 
25200 0.302887 0.1367 11.4596 0 0 11.8996 11.5976 
25400 0.29938 0.136907 11.2023 0 0 11.639 11.3404 
25600 0.296016 0.137105 10.9607 0 0 11.3928 11.0988 
25800 0.292652 0.137303 10.719 0 0 11.1465 10.8572 
26000 0.289349 0.1375 10.4887 0 0 10.9134 10.625 
26200 0.286057 0.137697 10.2603 0 0 10.6825 10.3945 
26400 0.282825 0.137884 10.0388 0 0 10.4578 10.1723 
26600 0.279708 0.138054 9.82989 0 0 10.2445 9.96553 
26800 0.27659 0.138223 9.62101 0 0 10.0311 9.7588 
27000 0.273543 0.138403 9.42013 0 0 9.82733 9.55852 
27200 0.270521 0.138587 9.22193 0 0 9.62681 9.36038 
27400 0.267522 0.138766 9.02637 0 0 9.42894 9.16488 
27600 0.264657 0.138924 8.84579 0 0 9.24605 8.98432 
27800 0.261793 0.139081 8.6652 0 0 9.06317 8.80376 
28000 0.258969 0.139235 8.48833 0 0 8.88493 8.6269 
28200 0.256196 0.139387 8.31598 0 0 8.71235 8.45458 
28400 0.253423 0.139538 8.14363 0 0 8.53978 8.28226 
28600 0.250755 0.139689 7.98331 0 0 8.37634 8.12345 
28800 0.24812 0.13984 7.82702 0 0 8.21595 7.96914 
29000 0.245486 0.13999 7.67072 0 0 8.05556 7.81483 
29200 0.24296 0.140129 7.52443 0 0 7.90886 7.66866 
29400 0.240439 0.140267 7.37866 0 0 7.76288 7.52292 
29600 0.237924 0.140404 7.23375 0 0 7.61724 7.37778 
29800 0.235453 0.140534 7.09658 0 0 7.47463 7.23802 
30000 0.232983 0.140663 6.95942 0 0 7.33202 7.09827 
30200 0.230535 0.140764 6.82779 0 0 7.19973 6.96713 
30400 0.228225 0.140897 6.70014 0 0 7.07003 6.84136 
30600 0.225916 0.14103 6.5725 0 0 6.94033 6.71559 
30800 0.22363 0.141155 6.44825 0 0 6.81404 6.59212 
31000 0.221396 0.141263 6.33194 0 0 6.69573 6.474 
31200 0.219163 0.141371 6.21564 0 0 6.57742 6.35589 
31400 0.216964 0.141484 6.10207 0 0 6.46133 6.24106 
31600 0.214847 0.141605 5.99489 0 0 6.35043 6.13389 
31800 0.21273 0.141727 5.88771 0 0 6.23954 6.02673 
32000 0.210627 0.141845 5.78149 0 0 6.13007 5.92064 
32200 0.208586 0.141949 5.67915 0 0 6.02632 5.81884 
32400 0.206544 0.142053 5.57681 0 0 5.92257 5.71705 
32600 0.204511 0.142157 5.47536 0 0 5.81974 5.61614 
32800 0.202554 0.142252 5.38193 0 0 5.72512 5.52323 
33000 0.200598 0.142348 5.28851 0 0 5.6305 5.43033 
33200 0.198642 0.142444 5.19508 0 0 5.53588 5.33743 
33400 0.196777 0.142524 5.1074 0 0 5.44657 5.24981 
33600 0.194923 0.142602 5.02035 0 0 5.35784 5.16277 
33800 0.193069 0.14268 4.93331 0 0 5.26912 5.07573 
34000 0.191257 0.142765 4.85007 0 0 5.18411 4.99261 
34200 0.189469 0.142853 4.76888 0 0 5.10111 4.91159 
34400 0.18768 0.142942 4.68769 0 0 5.01811 4.83058 
34600 0.185928 0.143024 4.60882 0 0 4.9375 4.75182 
34800 0.184245 0.143093 4.53426 0 0 4.86134 4.67726 
35000 0.182562 0.143163 4.45969 0 0 4.78517 4.60271 
35200 0.180879 0.143233 4.38513 0 0 4.70901 4.52815 
35400 0.17923 0.143299 4.31428 0 0 4.63672 4.45746 
35600 0.177583 0.143365 4.24363 0 0 4.56464 4.38697 
35800 0.175936 0.14343 4.17298 0 0 4.49256 4.31648 
36000 0.174356 0.143503 4.10603 0 0 4.42413 4.2496 
36200 0.172831 0.143581 4.04212 0 0 4.35868 4.18569 
36400 0.171306 0.143659 3.9782 0 0 4.29323 4.12177 
36600 0.169781 0.143737 3.91428 0 0 4.22779 4.05785 
36800 0.16829 0.143784 3.85379 0 0 4.16578 3.99736 
37000 0.1668 0.143832 3.79331 0 0 4.10377 3.93687 
37200 0.165309 0.143879 3.73282 0 0 4.04177 3.87639 
37400 0.163851 0.14393 3.67445 0 0 3.98203 3.81808 
37600 0.162435 0.143987 3.61866 0 0 3.92506 3.76244 
37800 0.161019 0.144044 3.56286 0 0 3.86809 3.70679 
38000 0.159602 0.144101 3.50707 0 0 3.81112 3.65115 
38200 0.158254 0.144154 3.45483 0 0 3.75762 3.59906 
38400 0.156923 0.144206 3.40349 0 0 3.70498 3.54785 
38600 0.155592 0.144258 3.35214 0 0 3.65234 3.49664 
38800 0.154264 0.14431 3.30093 0 0 3.59984 3.44557 
39000 0.15298 0.14435 3.25239 0 0 3.55001 3.39702 
39200 0.151696 0.14439 3.20385 0 0 3.50018 3.34848 
39400 0.150413 0.14443 3.15531 0 0 3.45034 3.29993 
39600 0.149146 0.14447 3.1079 0 0 3.40164 3.25252 
39800 0.147919 0.144508 3.06316 0 0 3.3556 3.20777 
40000 0.146691 0.144547 3.01842 0 0 3.30955 3.16302 
40200 0.14549 0.14457 2.9752 0 0 3.26518 3.11979 
40400 0.144307 0.144597 2.93279 0 0 3.22161 3.07738 
40600 0.14315 0.144632 2.89161 0 0 3.17921 3.0362 
40800 0.141994 0.144666 2.85044 0 0 3.13682 2.99501 
41000 0.140837 0.144701 2.80926 0 0 3.09442 2.95382 
41200 0.139701 0.144733 2.76925 0 0 3.05332 2.91387 
41400 0.13859 0.144764 2.73067 0 0 3.01381 2.87541 
41600 0.137479 0.144795 2.69209 0 0 2.9743 2.83696 
41800 0.136367 0.144826 2.65351 0 0 2.93478 2.7985 
42000 0.135288 0.144856 2.61632 0 0 2.89656 2.76132 
42200 0.134246 0.144886 2.58084 0 0 2.8599 2.72569 
42400 0.133205 0.144916 2.54536 0 0 2.82324 2.69006 
42600 0.132163 0.144946 2.50988 0 0 2.78659 2.65443 
42800 0.131132 0.14497 2.47515 0 0 2.75083 2.61965 
43000 0.130119 0.144983 2.44183 0 0 2.71675 2.58645 
43200 0.129107 0.144996 2.40851 0 0 2.68267 2.55325 
43400 0.128094 0.145009 2.37519 0 0 2.64859 2.52006 
43600 0.127097 0.145025 2.34249 0 0 2.61506 2.48745 
43800 0.12616 0.14505 2.31226 0 0 2.58371 2.45721 
44000 0.125224 0.145075 2.28204 0 0 2.55237 2.42697 
44200 0.124287 0.1451 2.25181 0 0 2.52103 2.39673 
44400 0.123351 0.145125 2.22158 0 0 2.48969 2.36649 
44600 0.12244 0.145135 2.19275 0 0 2.45997 2.33776 
44800 0.121531 0.145144 2.16407 0 0 2.43043 2.30919 
45000 0.120622 0.145153 2.13539 0 0 2.40088 2.28062 
45200 0.119714 0.145162 2.10671 0 0 2.37134 2.25205 
45400 0.118833 0.145171 2.07951 0 0 2.3433 2.22488 
45600 0.11797 0.145179 2.05329 0 0 2.31625 2.19864 
45800 0.117107 0.145187 2.02706 0 0 2.2892 2.17241 
46000 0.116243 0.145195 2.00084 0 0 2.26215 2.14617 
46200 0.115388 0.145204 1.97489 0 0 2.23536 2.1202 
46400 0.114573 0.145212 1.95043 0 0 2.21009 2.09573 
46600 0.113759 0.145221 1.92598 0 0 2.18482 2.07126 
46800 0.112945 0.14523 1.90153 0 0 2.15955 2.04678 
47000 0.11213 0.145239 1.87707 0 0 2.13427 2.02231 
47200 0.111336 0.145237 1.85382 0 0 2.11022 1.99905 
47400 0.110554 0.14523 1.83123 0 0 2.08682 1.97643 
47600 0.109771 0.145223 1.80863 0 0 2.06342 1.95382 
47800 0.108988 0.145216 1.78603 0 0 2.04002 1.9312 
48000 0.108207 0.14521 1.76351 0 0 2.01671 1.90867 
48200 0.107467 0.145215 1.74257 0 0 1.99511 1.88771 
48400 0.106726 0.14522 1.72163 0 0 1.97351 1.86675 
48600 0.105986 0.145225 1.70069 0 0 1.9519 1.84579 
48800 0.105245 0.14523 1.67975 0 0 1.9303 1.82483 
49000 0.104519 0.14523 1.65937 0 0 1.90922 1.80443 
49200 0.103818 0.145224 1.64002 0 0 1.8891 1.78506 
49400 0.103118 0.145217 1.62067 0 0 1.86898 1.76569 
49600 0.102417 0.145211 1.60132 0 0 1.84887 1.74632 
49800 0.101717 0.145204 1.58197 0 0 1.82875 1.72695 
50000 0.10104 0.145184 1.56276 0 0 1.80915 1.70772 
50200 0.10037 0.145177 1.54476 0 0 1.79043 1.6897 
50400 0.0997003 0.14517 1.52676 0 0 1.77172 1.67168 
50600 0.0990305 0.145163 1.50876 0 0 1.753 1.65366 
50800 0.0983606 0.145155 1.49076 0 0 1.73428 1.63564 
51000 0.0977223 0.145147 1.47375 0 0 1.71662 1.61861 
51200 0.0970975 0.145137 1.45716 0 0 1.69941 1.602 
51400 0.0964727 0.145128 1.44058 0 0 1.6822 1.5854 
51600 0.0958479 0.145118 1.424 0 0 1.66499 1.56879 
51800 0.0952231 0.145109 1.40741 0 0 1.64779 1.55219 
52000 0.0946114 0.145098 1.39156 0 0 1.63131 1.53639 
52200 0.0940054 0.145085 1.37601 0 0 1.61516 1.52093 
52400 0.0933993 0.145073 1.36047 0 0 1.599 1.50547 
52600 0.0927932 0.145061 1.34493 0 0 1.58284 1.49002 
52800 0.0921872 0.145049 1.32938 0 0 1.56668 1.47456 
53000 0.0916006 0.145032 1.31468 0 0 1.55138 1.45988 
53200 0.0910245 0.145012 1.30044 0 0 1.53653 1.44562 
53400 0.0904484 0.144993 1.2862 0 0 1.52169 1.43135 
53600 0.0898722 0.144973 1.27195 0 0 1.50685 1.41709 
53800 0.0892961 0.144953 1.25771 0 0 1.492 1.40283 
54000 0.0887372 0.144936 1.24386 0 0 1.47756 1.38895 
54200 0.0881993 0.144921 1.23049 0 0 1.46359 1.37556 
54400 0.0876613 0.144907 1.21712 0 0 1.44963 1.36216 
54600 0.0871234 0.144892 1.20375 0 0 1.43567 1.34877 
54800 0.0865855 0.144878 1.19038 0 0 1.42171 1.33538 
55000 0.0860499 0.144862 1.1772 0 0 1.40796 1.32218 
55200 0.0855233 0.14484 1.1648 0 0 1.39509 1.30976 
55400 0.0849968 0.144818 1.15241 0 0 1.38221 1.29734 
55600 0.0844703 0.144797 1.14001 0 0 1.36934 1.28492 
55800 0.0839437 0.144775 1.12761 0 0 1.35647 1.2725 
56000 0.0834172 0.144753 1.11522 0 0 1.34359 1.26008 
56200 0.0829298 0.14473 1.10371 0 0 1.33153 1.24855 
56400 0.0824494 0.144706 1.09235 0 0 1.31962 1.23717 
56600 0.081969 0.144682 1.081 0 0 1.3077 1.22579 
56800 0.0814885 0.144658 1.06964 0 0 1.29578 1.21441 
57000 0.0810081 0.144634 1.05829 0 0 1.28386 1.20303 
57200 0.080531 0.14461 1.04721 0 0 1.27226 1.19193 
57400 0.0800601 0.144586 1.03665 0 0 1.26125 1.18135 
57600 0.0795893 0.144562 1.02609 0 0 1.25023 1.17077 
57800 0.0791184 0.144538 1.01553 0 0 1.23921 1.16019 
58000 0.0786475 0.144514 1.00497 0 0 1.2282 1.1496 
58200 0.0781767 0.14449 0.994415 0 0 1.21718 1.13902 
58400 0.0777274 0.144467 0.984432 0 0 1.20675 1.12902 
58600 0.0772853 0.144444 0.97464 0 0 1.19651 1.1192 
58800 0.0768433 0.144421 0.964848 0 0 1.18627 1.10938 
59000 0.0764012 0.144397 0.955057 0 0 1.17603 1.09957 
59200 0.0759592 0.144374 0.945265 0 0 1.16579 1.08975 
59400 0.0755176 0.144351 0.935501 0 0 1.15557 1.07996 
59600 0.0750856 0.144325 0.926261 0 0 1.14573 1.07069 
59800 0.0746535 0.144298 0.917021 0 0 1.13589 1.06142 
60000 0.0742215 0.144272 0.907781 0 0 1.12605 1.05216 
60200 0.0738073 0.144248 0.89894 0 0 1.11675 1.04329 
60400 0.0733931 0.144223 0.890099 0 0 1.10745 1.03443 
60600 0.072981 0.144197 0.881361 0 0 1.09826 1.02567 
60800 0.0725749 0.144163 0.872932 0 0 1.0894 1.01721 
61000 0.0721688 0.144129 0.864503 0 0 1.08054 1.00876 
61200 0.0717627 0.144095 0.856075 0 0 1.07168 1.0003 
61400 0.0713566 0.144061 0.847646 0 0 1.06282 0.99185 
61600 0.0709505 0.144027 0.839218 0 0 1.05397 0.983396 
61800 0.0705547 0.143995 0.831022 0 0 1.04534 0.975144 
62000 0.070178 0.143969 0.82326 0 0 1.03716 0.967266 
62200 0.0698013 0.143942 0.815497 0 0 1.02898 0.959389 
62400 0.0694246 0.143916 0.807734 0 0 1.0208 0.951512 
62600 0.0690479 0.143889 0.799971 0 0 1.01261 0.943635 
62800 0.0686712 0.143863 0.792209 0 0 1.00443 0.935757 
63000 0.0682994 0.143834 0.784592 0 0 0.996424 0.928079 
63200 0.0679388 0.143801 0.777316 0 0 0.988823 0.920865 
63400 0.0675783 0.143768 0.770039 0 0 0.981222 0.913651 
63600 0.0672178 0.143734 0.762763 0 0 0.973621 0.906437 
63800 0.0668572 0.143701 0.755486 0 0 0.96602 0.899223 
64000 0.0664967 0.143668 0.74821 0 0 0.958419 0.892009 
64200 0.0661384 0.143634 0.741017 0 0 0.950889 0.884866 
64400 0.0657931 0.1436 0.7343 0 0 0.943765 0.878122 
64600 0.0654479 0.143565 0.727582 0 0 0.936641 0.871379 
64800 0.0651026 0.143531 0.720864 0 0 0.929518 0.864636 
65000 0.0647574 0.143496 0.714147 0 0 0.922394 0.857892 
65200 0.0644121 0.143462 0.707429 0 0 0.91527 0.851149 
65400 0.0640668 0.143427 0.700711 0 0 0.908146 0.844406 
65600 0.0637375 0.143399 0.694523 0 0 0.901561 0.838115 
65800 0.06341 0.143371 0.688394 0 0 0.895037 0.831874 
66000 0.0630825 0.143344 0.682265 0 0 0.888513 0.825634 
66200 0.062755 0.143316 0.676136 0 0 0.881988 0.819393 
66400 0.0624275 0.143288 0.670007 0 0 0.875464 0.813153 
66600 0.0621 0.143261 0.663878 0 0 0.868939 0.806912 
66800 0.061781 0.143226 0.657946 0 0 0.862658 0.800912 
67000 0.0614704 0.143185 0.652212 0 0 0.856621 0.795151 
67200 0.0611598 0.143144 0.646477 0 0 0.850583 0.78939 
67400 0.0608492 0.143102 0.640742 0 0 0.844545 0.783629 
67600 0.0605386 0.143061 0.635008 0 0 0.838507 0.777869 
67800 0.060228 0.143019 0.629273 0 0 0.83247 0.772108 
68000 0.0599175 0.142978 0.623538 0 0 0.826432 0.766347 
68200 0.0596198 0.142943 0.618201 0 0 0.820796 0.760984 
68400 0.0593228 0.142908 0.612885 0 0 0.815181 0.755643 
68600 0.0590258 0.142873 0.607569 0 0 0.809566 0.750301 
68800 0.0587289 0.142838 0.602253 0 0 0.803951 0.744959 
69000 0.0584319 0.142804 0.596937 0 0 0.798335 0.739617 
69200 0.0581349 0.142769 0.591621 0 0 0.79272 0.734275 
69400 0.0578424 0.142734 0.586426 0 0 0.787204 0.729055 
69600 0.0575605 0.1427 0.581516 0 0 0.781918 0.724117 
69800 0.0572785 0.142666 0.576606 0 0 0.776632 0.719178 
70000 0.0569965 0.142631 0.571696 0 0 0.771345 0.71424 
70200 0.0567145 0.142597 0.566786 0 0 0.766059 0.709302 
70400 0.0564325 0.142562 0.561876 0 0 0.760773 0.704364 
70600 0.0561506 0.142528 0.556966 0 0 0.755487 0.699426 
70800 0.0558763 0.142489 0.552225 0 0 0.750441 0.694637 
71000 0.0556084 0.142445 0.547623 0 0 0.745592 0.689969 
71200 0.0553405 0.142401 0.54302 0 0 0.740742 0.685302 
71400 0.0550726 0.142357 0.538418 0 0 0.735893 0.680634 
71600 0.0548047 0.142313 0.533815 0 0 0.731043 0.675966 
71800 0.0545368 0.14227 0.529213 0 0 0.726193 0.671299 
72000 0.0542689 0.142226 0.52461 0 0 0.721344 0.666631 
72200 0.0540102 0.142188 0.52026 0 0 0.716715 0.662281 
72400 0.0537564 0.142153 0.516045 0 0 0.712204 0.658101 
72600 0.0535026 0.142118 0.51183 0 0 0.707693 0.653921 
72800 0.0532488 0.142084 0.507616 0 0 0.703182 0.649742 
73000 0.052995 0.142049 0.503401 0 0 0.698671 0.645562 
73200 0.0527412 0.142014 0.499186 0 0 0.69416 0.641382 
73400 0.0524874 0.141979 0.494971 0 0 0.68965 0.637203 
73600 0.0522418 0.14194 0.490952 0 0 0.685332 0.63315 
73800 0.0520017 0.141898 0.487063 0 0 0.681144 0.629181 
74000 0.0517616 0.141856 0.483174 0 0 0.676956 0.625212 
74200 0.0515215 0.141814 0.479286 0 0 0.672767 0.621244 
74400 0.0512814 0.141772 0.475397 0 0 0.668579 0.617275 
74600 0.0510413 0.14173 0.471508 0 0 0.664391 0.613306 
74800 0.0508012 0.141688 0.467619 0 0 0.660202 0.609338 
75000 0.0505652 0.141646 0.463836 0 0 0.656128 0.60549 
75200 0.0503351 0.141605 0.460212 0 0 0.652226 0.601824 
75400 0.0501051 0.141563 0.456589 0 0 0.648324 0.598157 
75600 0.0498751 0.141522 0.452965 0 0 0.644422 0.594491 
75800 0.0496451 0.141481 0.449341 0 0 0.64052 0.590825 
76000 0.0494151 0.141439 0.445717 0 0 0.636618 0.587159 
76200 0.049185 0.141398 0.442094 0 0 0.632717 0.583492 
76400 0.0489564 0.141357 0.438499 0 0 0.628846 0.579856 
76600 0.0487396 0.141316 0.435171 0 0 0.625254 0.576486 
76800 0.0485229 0.141276 0.431843 0 0 0.621663 0.573117 
77000 0.0483061 0.141236 0.428515 0 0 0.618071 0.569748 
77200 0.0480894 0.141195 0.425187 0 0 0.61448 0.566378 
77400 0.0478726 0.141155 0.421858 0 0 0.610889 0.563009 
77600 0.0476559 0.141114 0.41853 0 0 0.607297 0.559639 
77800 0.0474391 0.141074 0.415202 0 0 0.603706 0.55627 
78000 0.0472278 0.141033 0.412009 0 0 0.60026 0.553036 
78200 0.0470201 0.140991 0.408907 0 0 0.596911 0.549893 
78400 0.0468123 0.14095 0.405804 0 0 0.593562 0.54675 
78600 0.0466046 0.140908 0.402701 0 0 0.590213 0.543607 
78800 0.0463968 0.140867 0.399599 0 0 0.586864 0.540463 
79000 0.0461891 0.140825 0.396496 0 0 0.583515 0.53732 
79200 0.0459813 0.140784 0.393394 0 0 0.580166 0.534177 
79400 0.0457736 0.140742 0.390291 0 0 0.576817 0.531034 
79600 0.0455747 0.140697 0.387365 0 0 0.573645 0.528064 
79800 0.0453757 0.140652 0.384438 0 0 0.570473 0.525094 
80000 0.0451768 0.140607 0.381512 0 0 0.567301 0.522124 
80200 0.044982 0.140569 0.378675 0 0 0.564226 0.519248 
80400 0.0447871 0.140531 0.375839 0 0 0.561151 0.516372 
80600 0.0445923 0.140493 0.373003 0 0 0.558075 0.513496 
80800 0.0443975 0.140455 0.370166 0 0 0.555 0.510621 
81000 0.0442048 0.140414 0.367381 0 0 0.551977 0.507794 
81200 0.0440184 0.140367 0.364749 0 0 0.549109 0.505115 
81400 0.0438321 0.14032 0.362116 0 0 0.546242 0.502437 
81600 0.0436458 0.140273 0.359484 0 0 0.543374 0.499758 
81800 0.0434595 0.140226 0.356851 0 0 0.540507 0.497079 
82000 0.0432732 0.140179 0.354219 0 0 0.537639 0.494401 
82200 0.0430869 0.140132 0.351587 0 0 0.534772 0.491722 
82400 0.0429006 0.140085 0.348954 0 0 0.531904 0.489043 
82600 0.0427167 0.14004 0.346373 0 0 0.529093 0.486417 
82800 0.0425387 0.139999 0.34391 0 0 0.526413 0.483913 
83000 0.0423607 0.139958 0.341448 0 0 0.523733 0.481409 
83200 0.0421827 0.139917 0.338985 0 0 0.521053 0.478905 
83400 0.0420047 0.139876 0.336523 0 0 0.518373 0.476401 
83600 0.0418267 0.139834 0.334061 0 0 0.515693 0.473897 
83800 0.0416487 0.139793 0.331598 0 0 0.513012 0.471393 
84000 0.0414707 0.139752 0.329136 0 0 0.510332 0.468889 
84200 0.0412952 0.13971 0.326723 0 0 0.507706 0.466434 
84400 0.0411272 0.139665 0.324462 0 0 0.505238 0.464127 
84600 0.0409592 0.139619 0.3222 0 0 0.502771 0.46182 
84800 0.0407911 0.139574 0.319938 0 0 0.500304 0.459513 
85000 0.0406231 0.139529 0.317676 0 0 0.497837 0.457206 
85200 0.0404551 0.139484 0.315414 0 0 0.495369 0.454899 
85400 0.0402871 0.139438 0.313152 0 0 0.492902 0.452591 
85600 0.0401191 0.139393 0.31089 0 0 0.490435 0.450284 
85800 0.0399511 0.139348 0.308628 0 0 0.487968 0.447977 
86000 0.0397903 0.139301 0.306525 0 0 0.485648 0.445821 
86200 0.0396296 0.139255 0.304422 0 0 0.483329 0.443664 
86400 0.0394689 0.139209 0.30232 0 0 0.48101 0.441508 
86600 0.0393081 0.139162 0.300217 0 0 0.478691 0.439352 
86800 0.0391474 0.139116 0.298114 0 0 0.476372 0.437195 
87000 0.0389866 0.13907 0.296012 0 0 0.474052 0.435039 
87200 0.0388259 0.139023 0.293909 0 0 0.471733 0.432883 
87400 0.0386652 0.138977 0.291806 0 0 0.469414 0.430727 
87600 0.03851 0.138931 0.289807 0 0 0.467213 0.428683 
87800 0.0383579 0.138886 0.287864 0 0 0.465076 0.4267 
88000 0.0382057 0.138841 0.28592 0 0 0.462939 0.424718 
88200 0.0380536 0.138796 0.283977 0 0 0.460802 0.422735 
88400 0.0379014 0.138751 0.282033 0 0 0.458665 0.420752 
88600 0.0377493 0.138705 0.28009 0 0 0.456529 0.418769 
88800 0.0375971 0.13866 0.278146 0 0 0.454392 0.416787 
89000 0.037445 0.138615 0.276203 0 0 0.452255 0.414804 
89200 0.0372936 0.13857 0.274274 0 0 0.450133 0.412836 
89400 0.0371498 0.138524 0.272483 0 0 0.448153 0.410999 
89600 0.037006 0.138478 0.270691 0 0 0.446173 0.409162 
89800 0.0368622 0.138432 0.268899 0 0 0.444193 0.407325 
90000 0.0367184 0.138387 0.267107 0 0 0.442213 0.405488 
90200 0.0365746 0.138341 0.265315 0 0 0.440233 0.403652 
90400 0.0364308 0.138295 0.263523 0 0 0.438253 0.401815 
90600 0.036287 0.13825 0.261731 0 0 0.436273 0.399978 
90800 0.0361432 0.138204 0.259939 0 0 0.434293 0.398141 
91000 0.0360017 0.138159 0.258193 0 0 0.43236 0.39635 
91200 0.0358643 0.138115 0.256531 0 0 0.430514 0.394644 
91400 0.035727 0.138071 0.254868 0 0 0.428667 0.392938 
91600 0.0355896 0.138028 0.253206 0 0 0.426821 0.391233 
91800 0.0354523 0.137984 0.251544 0 0 0.424974 0.389527 
92000 0.0353149 0.13794 0.249881 0 0 0.423128 0.387821 
92200 0.0351776 0.137897 0.248219 0 0 0.421282 0.386115 
92400 0.0350402 0.137853 0.246557 0 0 0.419435 0.384409 
92600 0.0349029 0.137809 0.244894 0 0 0.417589 0.382703 
92800 0.0347687 0.137763 0.243289 0 0 0.415803 0.381051 
93000 0.0346383 0.137712 0.241751 0 0 0.41409 0.379464 
93200 0.0345079 0.137662 0.240214 0 0 0.412377 0.377877 
93400 0.0343776 0.137612 0.238677 0 0 0.410664 0.37629 
93600 0.0342472 0.137561 0.23714 0 0 0.408951 0.374703 
93800 0.0341168 0.137511 0.235603 0 0 0.407238 0.373116 
94000 0.0339864 0.137461 0.234066 0 0 0.405525 0.371529 
94200 0.0338561 0.13741 0.232529 0 0 0.403812 0.369942 
94400 0.0337257 0.13736 0.230991 0 0 0.402099 0.368355 
94600 0.0335979 0.137312 0.229499 0 0 0.400434 0.366816 
94800 0.0334741 0.137269 0.228072 0 0 0.398841 0.365346 
95000 0.0333503 0.137225 0.226646 0 0 0.397249 0.363877 
95200 0.0332265 0.137182 0.22522 0 0 0.395656 0.362408 
95400 0.0331026 0.137139 0.223794 0 0 0.394063 0.360938 
95600 0.0329788 0.137095 0.222368 0 0 0.392471 0.359469 
95800 0.032855 0.137052 0.220941 0 0 0.390878 0.358 
96000 0.0327312 0.137008 0.219515 0 0 0.389285 0.35653 
96200 0.0326073 0.136965 0.218089 0 0 0.387692 0.355061 
96400 0.0324844 0.13692 0.216679 0 0 0.386116 0.353607 
96600 0.0323667 0.136872 0.215364 0 0 0.384632 0.352243 
96800 0.0322489 0.136823 0.214049 0 0 0.383147 0.350879 
97000 0.0321312 0.136774 0.212733 0 0 0.381663 0.349515 
97200 0.0320134 0.136726 0.211418 0 0 0.380179 0.34815 
97400 0.0318956 0.136677 0.210102 0 0 0.378695 0.346786 
97600 0.0317779 0.136628 0.208787 0 0 0.37721 0.345422 
97800 0.0316601 0.13658 0.207472 0 0 0.375726 0.344057 
98000 0.0315423 0.136531 0.206156 0 0 0.374242 0.342693 
98200 0.0314246 0.136482 0.204841 0 0 0.372758 0.341329 
98400 0.0313109 0.136437 0.203594 0 0 0.37135 0.340037 
98600 0.0311985 0.136393 0.20237 0 0 0.369967 0.338769 
98800 0.0310862 0.136349 0.201147 0 0 0.368584 0.337501 
99000 0.0309738 0.136305 0.199923 0 0 0.367202 0.336233 
99200 0.0308615 0.13626 0.198699 0 0 0.365819 0.334965 
99400 0.0307491 0.136216 0.197475 0 0 0.364436 0.333697 
99600 0.0306367 0.136172 0.196252 0 0 0.363053 0.33243 
99800 0.0305244 0.136128 0.195028 0 0 0.361671 0.331162 
100000 0.030412 0.136084 0.193804 0 0 0.360288 0.329894 
100200 0.0303172 0.136067 0.192811 0 0 0.359146 0.32882 
100400 0.030208 0.136018 0.191649 0 0 0.357829 0.327614 
100600 0.0300989 0.135968 0.190487 0 0 0.356511 0.326409 
100800 0.0299898 0.135919 0.189325 0 0 0.355194 0.325203 
101000 0.0298806 0.135869 0.188163 0 0 0.353877 0.323997 
101200 0.0297715 0.135819 0.187001 0 0 0.35256 0.322792 
101400 0.0296624 0.13577 0.185839 0 0 0.351243 0.321586 
101600 0.0295532 0.13572 0.184677 0 0 0.349926 0.320381 
101800 0.0294441 0.135671 0.183515 0 0 0.348608 0.319175 
102000 0.029335 0.135621 0.182353 0 0 0.347291 0.31797 
102200 0.0292302 0.135573 0.18125 0 0 0.34604 0.316822 
102400 0.0291296 0.135526 0.180207 0 0 0.344854 0.315733 
102600 0.0290291 0.135478 0.179164 0 0 0.343669 0.314643 
102800 0.0289286 0.135431 0.178121 0 0 0.342483 0.313554 
103000 0.0288281 0.135384 0.177078 0 0 0.341298 0.312465 
103200 0.0287276 0.135336 0.176035 0 0 0.340113 0.311375 
103400 0.0286271 0.135289 0.174992 0 0 0.338927 0.310286 
103600 0.0285266 0.135242 0.173949 0 0 0.337742 0.309196 
103800 0.028426 0.135194 0.172905 0 0 0.336556 0.308107 
104000 0.0283255 0.135147 0.171862 0 0 0.335371 0.307018 
104200 0.0282288 0.135101 0.170876 0 0 0.334242 0.305985 
104400 0.0281358 0.135056 0.169945 0 0 0.333171 0.305009 
104600 0.0280428 0.135011 0.169015 0 0 0.332099 0.304033 
104800 0.0279499 0.134966 0.168084 0 0 0.331028 0.303057 
105000 0.0278569 0.134921 0.167154 0 0 0.329956 0.302081 
105200 0.0277639 0.134877 0.166224 0 0 0.328885 0.301106 
105400 0.027671 0.134832 0.165293 0 0 0.327813 0.30013 
105600 0.027578 0.134787 0.164363 0 0 0.326742 0.299154 
105800 0.027485 0.134742 0.163433 0 0 0.32567 0.298178 
106000 0.027392 0.134697 0.162502 0 0 0.324598 0.297202 
106200 0.0272991 0.134652 0.161572 0 0 0.323527 0.296226 
106400 0.027205 0.134605 0.160645 0 0 0.322458 0.295252 
106600 0.027111 0.134557 0.159718 0 0 0.321389 0.294278 
106800 0.0270169 0.13451 0.15879 0 0 0.32032 0.293303 
107000 0.0269229 0.134463 0.157863 0 0 0.319251 0.292329 
107200 0.0268288 0.134416 0.156936 0 0 0.318182 0.291355 
107400 0.0267348 0.134368 0.156009 0 0 0.317113 0.290381 
107600 0.0266408 0.134321 0.155082 0 0 0.316044 0.289407 
107800 0.0265467 0.134274 0.154155 0 0 0.314975 0.288433 
108000 0.0264527 0.134226 0.153228 0 0 0.313906 0.287458 
108200 0.0263586 0.134179 0.1523 0 0 0.312837 0.286484 
108400 0.0262754 0.134136 0.151508 0 0 0.311915 0.285649 
108600 0.0261921 0.134093 0.150715 0 0 0.310993 0.284813 
108800 0.0261089 0.13405 0.149922 0 0 0.310071 0.283977 
109000 0.0260256 0.134008 0.14913 0 0 0.309149 0.283142 
109200 0.0259424 0.133965 0.148337 0 0 0.308227 0.282306 
109400 0.0258592 0.133922 0.147544 0 0 0.307305 0.28147 
109600 0.0257759 0.133879 0.146752 0 0 0.306383 0.280635 
109800 0.0256927 0.133836 0.145959 0 0 0.305461 0.279799 
110000 0.0256094 0.133793 0.145166 0 0 0.304539 0.278964 
110200 0.0255262 0.13375 0.144374 0 0 0.303617 0.278128 
110400 0.0254429 0.133708 0.143581 0 0 0.302695 0.277292 
110600 0.0253591 0.133663 0.142798 0 0 0.301781 0.276459 
110800 0.0252753 0.133618 0.142015 0 0 0.300868 0.275625 
111000 0.0251915 0.133572 0.141232 0 0 0.299954 0.274791 
111200 0.0251077 0.133527 0.140449 0 0 0.29904 0.273957 
111400 0.0250239 0.133482 0.139665 0 0 0.298127 0.273124 
111600 0.0249401 0.133437 0.138882 0 0 0.297213 0.27229 
111800 0.0248563 0.133392 0.138099 0 0 0.296299 0.271456 
112000 0.0247725 0.133347 0.137316 0 0 0.295386 0.270622 
112200 0.0246887 0.133302 0.136533 0 0 0.294472 0.269788 
112400 0.0246049 0.133257 0.13575 0 0 0.293558 0.268955 
112600 0.0245241 0.13321 0.135005 0 0 0.292688 0.268162 
112800 0.0244464 0.133161 0.134297 0 0 0.291861 0.267411 
113000 0.0243686 0.133112 0.13359 0 0 0.291034 0.26666 
113200 0.0242909 0.133062 0.132883 0 0 0.290206 0.265909 
113400 0.0242131 0.133013 0.132175 0 0 0.289379 0.265158 
113600 0.0241354 0.132964 0.131468 0 0 0.288552 0.264407 
113800 0.0240576 0.132915 0.130761 0 0 0.287725 0.263656 
114000 0.0239799 0.132865 0.130054 0 0 0.286897 0.262905 
114200 0.0239021 0.132816 0.129346 0 0 0.28607 0.262154 
114400 0.0238244 0.132767 0.128639 0 0 0.285243 0.261403 
114600 0.0237467 0.132718 0.127932 0 0 0.284416 0.260652 
114800 0.0236719 0.132672 0.127259 0 0 0.283625 0.259936 
115000 0.0236 0.132629 0.126621 0 0 0.282872 0.259256 
115200 0.0235281 0.132587 0.125982 0 0 0.282119 0.258575 
115400 0.0234563 0.132545 0.125344 0 0 0.281366 0.257895 
115600 0.0233845 0.132502 0.124706 0 0 0.280613 0.257215 
115800 0.0233126 0.13246 0.124068 0 0 0.27986 0.256535 
116000 0.0232407 0.132418 0.12343 0 0 0.279107 0.255854 
116200 0.0231689 0.132375 0.122792 0 0 0.278353 0.255174 
116400 0.023097 0.132333 0.122154 0 0 0.2776 0.254494 
116600 0.0230252 0.132291 0.121515 0 0 0.276847 0.253814 
116800 0.0229533 0.132248 0.120877 0 0 0.276094 0.253133 
117000 0.0228815 0.132206 0.120239 0 0 0.275341 0.252453 
117200 0.0228091 0.132157 0.119617 0 0 0.274595 0.251782 
117400 0.0227368 0.132108 0.118995 0 0 0.273848 0.251111 
117600 0.0226644 0.132058 0.118373 0 0 0.273102 0.25044 
117800 0.022592 0.132009 0.117751 0 0 0.272356 0.249769 
118000 0.0225197 0.13196 0.117129 0 0 0.27161 0.249098 
118200 0.0224473 0.131911 0.116507 0 0 0.270863 0.248427 
118400 0.0223749 0.131861 0.115885 0 0 0.270117 0.247756 
118600 0.0223025 0.131812 0.115263 0 0 0.269371 0.247085 
118800 0.0222302 0.131763 0.114641 0 0 0.268625 0.246413 
119000 0.0221578 0.131714 0.114019 0 0 0.267878 0.245742 
119200 0.0220854 0.131664 0.113397 0 0 0.267132 0.245071 
119400 0.022021 0.131624 0.112854 0 0 0.266484 0.244483 
119600 0.0219567 0.131583 0.112311 0 0 0.265837 0.243895 
119800 0.0218923 0.131543 0.111769 0 0 0.265189 0.243307 
120000 0.0218279 0.131502 0.111226 0 0 0.264542 0.242719 
120200 0.0217635 0.131461 0.110684 0 0 0.263894 0.242131 
120400 0.0216991 0.131421 0.110141 0 0 0.263247 0.241543 
120600 0.0216347 0.13138 0.109599 0 0 0.262599 0.240955 
120800 0.0215703 0.13134 0.109056 0 0 0.261952 0.240367 
121000 0.021506 0.131299 0.108513 0 0 0.261304 0.239779 
121200 0.0214416 0.131258 0.107971 0 0 0.260657 0.239191 
121400 0.0213772 0.131218 0.107428 0 0 0.260009 0.238604 
121600 0.0213128 0.131177 0.106886 0 0 0.259362 0.238016 
121800 0.0212505 0.131132 0.106375 0 0 0.258742 0.237464 
122000 0.0211881 0.131087 0.105865 0 0 0.258122 0.236913 
122200 0.0211258 0.131042 0.105355 0 0 0.257502 0.236361 
122400 0.0210635 0.130996 0.104844 0 0 0.256882 0.23581 
122600 0.0210012 0.130951 0.104334 0 0 0.256262 0.235259 
122800 0.0209388 0.130906 0.103823 0 0 0.255642 0.234707 
123000 0.0208765 0.130861 0.103313 0 0 0.255022 0.234156 
123200 0.0208142 0.130816 0.102803 0 0 0.254402 0.233605 
123400 0.0207519 0.130771 0.102292 0 0 0.253782 0.233053 
123600 0.0206895 0.130726 0.101782 0 0 0.253162 0.232502 
123800 0.0206272 0.130681 0.101272 0 0 0.252542 0.231951 
124000 0.0205649 0.130635 0.100761 0 0 0.251922 0.231399 
124200 0.0205045 0.13059 0.100278 0 0 0.251338 0.230871 
124400 0.0204441 0.130545 0.0997956 0 0 0.250755 0.230342 
124600 0.0203838 0.130499 0.0993128 0 0 0.250171 0.229814 
124800 0.0203234 0.130454 0.0988301 0 0 0.249588 0.229285 
125000 0.020263 0.130409 0.0983473 0 0 0.249004 0.228757 
125200 0.0202026 0.130363 0.0978646 0 0 0.248421 0.228228 
125400 0.0201423 0.130318 0.0973818 0 0 0.247837 0.2277 
125600 0.0200819 0.130273 0.0968991 0 0 0.247253 0.227171 
125800 0.0200215 0.130228 0.0964163 0 0 0.24667 0.226643 
126000 0.0199611 0.130182 0.0959335 0 0 0.246086 0.226114 
126200 0.0199008 0.130137 0.0954508 0 0 0.245503 0.225586 
126400 0.0198404 0.130092 0.094968 0 0 0.244919 0.225057 
126600 0.0197825 0.130045 0.0945129 0 0 0.244359 0.224561 
126800 0.0197246 0.129999 0.0940577 0 0 0.2438 0.224064 
127000 0.0196667 0.129953 0.0936025 0 0 0.24324 0.223567 
127200 0.0196088 0.129906 0.0931474 0 0 0.242681 0.223071 
127400 0.0195509 0.12986 0.0926922 0 0 0.242121 0.222574 
127600 0.019493 0.129814 0.0922371 0 0 0.241562 0.222078 
127800 0.0194351 0.129768 0.0917819 0 0 0.241002 0.221581 
128000 0.0193772 0.129721 0.0913268 0 0 0.240442 0.221085 
128200 0.0193193 0.129675 0.0908716 0 0 0.239883 0.220588 
128400 0.0192614 0.129629 0.0904164 0 0 0.239323 0.220091 
128600 0.0192035 0.129582 0.0899613 0 0 0.238764 0.219595 
128800 0.0191456 0.129536 0.0895061 0 0 0.238204 0.219098 
129000 0.0190935 0.129493 0.0891114 0 0 0.237716 0.218661 
129200 0.0190415 0.12945 0.0887167 0 0 0.237228 0.218224 
129400 0.0189895 0.129407 0.0883221 0 0 0.23674 0.217786 
129600 0.0189374 0.129364 0.0879274 0 0 0.236252 0.217349 
129800 0.0188854 0.129322 0.0875327 0 0 0.235764 0.216912 
130000 0.0188334 0.129279 0.087138 0 0 0.235276 0.216475 
130200 0.0187813 0.129236 0.0867433 0 0 0.234787 0.216037 
130400 0.0187293 0.129193 0.0863486 0 0 0.234299 0.2156 
130600 0.0186773 0.12915 0.085954 0 0 0.233811 0.215163 
130800 0.0186252 0.129107 0.0855593 0 0 0.233323 0.214726 
131000 0.0185732 0.129064 0.0851646 0 0 0.232835 0.214288 
131200 0.0185212 0.129021 0.0847699 0 0 0.232347 0.213851 
131400 0.0184692 0.128978 0.0843752 0 0 0.231859 0.213414 
131600 0.018417 0.128935 0.0839912 0 0 0.231374 0.212981 
131800 0.0183647 0.128892 0.0836072 0 0 0.23089 0.212548 
132000 0.0183125 0.128848 0.0832232 0 0 0.230405 0.212115 
132200 0.0182603 0.128805 0.0828392 0 0 0.229921 0.211682 
132400 0.0182081 0.128761 0.0824552 0 0 0.229436 0.211249 
132600 0.0181559 0.128718 0.0820713 0 0 0.228951 0.210816 
132800 0.0181037 0.128675 0.0816873 0 0 0.228467 0.210383 
133000 0.0180515 0.128631 0.0813033 0 0 0.227982 0.20995 
133200 0.0179993 0.128588 0.0809193 0 0 0.227498 0.209517 
133400 0.0179471 0.128545 0.0805353 0 0 0.227013 0.209084 
133600 0.0178949 0.128501 0.0801513 0 0 0.226528 0.208651 
133800 0.0178427 0.128458 0.0797673 0 0 0.226044 0.208218 
134000 0.0177933 0.128415 0.0794057 0 0 0.225589 0.207811 
134200 0.0177467 0.128374 0.0790666 0 0 0.225165 0.207431 
134400 0.0177001 0.128333 0.0787274 0 0 0.224741 0.20705 
134600 0.0176535 0.128292 0.0783882 0 0 0.224317 0.20667 
134800 0.0176069 0.12825 0.078049 0 0 0.223893 0.206289 
135000 0.0175603 0.128209 0.0777099 0 0 0.223469 0.205909 
135200 0.0175137 0.128168 0.0773707 0 0 0.223044 0.205528 
135400 0.0174671 0.128127 0.0770316 0 0 0.22262 0.205148 
135600 0.0174205 0.128085 0.0766924 0 0 0.222196 0.204768 
135800 0.017374 0.128044 0.0763532 0 0 0.221772 0.204387 
136000 0.0173274 0.128003 0.076014 0 0 0.221348 0.204007 
136200 0.0172808 0.127962 0.0756749 0 0 0.220924 0.203626 
136400 0.0172342 0.12792 0.0753357 0 0 0.220499 0.203246 
136600 0.0171876 0.127879 0.0749966 0 0 0.220075 0.202866 
136800 0.0171406 0.127836 0.0746656 0 0 0.219656 0.202493 
137000 0.0170936 0.127793 0.0743346 0 0 0.219236 0.20212 
137200 0.0170467 0.12775 0.0740036 0 0 0.218817 0.201747 
137400 0.0169997 0.127707 0.0736726 0 0 0.218397 0.201374 
137600 0.0169527 0.127665 0.0733416 0 0 0.217977 0.201001 
137800 0.0169057 0.127622 0.0730106 0 0 0.217558 0.200628 
138000 0.0168587 0.127579 0.0726796 0 0 0.217138 0.200255 
138200 0.0168117 0.127536 0.0723486 0 0 0.216719 0.199882 
138400 0.0167648 0.127493 0.0720176 0 0 0.216299 0.199509 
138600 0.0167178 0.12745 0.0716866 0 0 0.21588 0.199136 
138800 0.0166708 0.127407 0.0713557 0 0 0.21546 0.198763 
139000 0.0166238 0.127364 0.0710247 0 0 0.215041 0.19839 
139200 0.0165768 0.127321 0.0706937 0 0 0.214621 0.198017 
139400 0.0165333 0.127279 0.0703954 0 0 0.214233 0.197673 
139600 0.0164898 0.127237 0.0700971 0 0 0.213845 0.197329 
139800 0.0164463 0.127194 0.0697988 0 0 0.213458 0.196985 
140000 0.0164028 0.127152 0.0695004 0 0 0.21307 0.196641 
140200 0.0163594 0.12711 0.0692021 0 0 0.212682 0.196297 
140400 0.0163159 0.127067 0.0689038 0 0 0.212294 0.195953 
140600 0.0162724 0.127025 0.0686055 0 0 0.211907 0.195609 
140800 0.0162289 0.126983 0.0683072 0 0 0.211519 0.195265 
141000 0.0161854 0.12694 0.0680089 0 0 0.211131 0.194921 
141200 0.0161419 0.126898 0.0677106 0 0 0.210743 0.194578 
141400 0.0160984 0.126856 0.0674123 0 0 0.210356 0.194234 
141600 0.0160549 0.126813 0.067114 0 0 0.209968 0.19389 
141800 0.0160114 0.126771 0.0668157 0 0 0.20958 0.193546 
142000 0.0159693 0.126728 0.0665306 0 0 0.209209 0.193218 
142200 0.0159287 0.126684 0.0662587 0 0 0.208855 0.192905 
142400 0.0158881 0.126641 0.0659868 0 0 0.2085 0.192593 
142600 0.0158474 0.126597 0.065715 0 0 0.208146 0.192281 
142800 0.0158068 0.126553 0.0654431 0 0 0.207791 0.191969 
143000 0.0157661 0.126509 0.0651712 0 0 0.207437 0.191657 
143200 0.0157255 0.126466 0.0648993 0 0 0.207083 0.191345 
143400 0.0156849 0.126422 0.0646275 0 0 0.206728 0.191032 
143600 0.0156442 0.126378 0.0643556 0 0 0.206374 0.19072 
143800 0.0156036 0.126334 0.0640837 0 0 0.20602 0.190408 
144000 0.0155629 0.126291 0.0638118 0 0 0.205665 0.190096 
144200 0.0155223 0.126247 0.06354 0 0 0.205311 0.189784 
144400 0.0154816 0.126203 0.0632681 0 0 0.204956 0.189471 
144600 0.015441 0.126159 0.0629962 0 0 0.204602 0.189159 
144800 0.015401 0.126117 0.0627322 0 0 0.204255 0.188853 
145000 0.0153616 0.126078 0.0624761 0 0 0.203917 0.188553 
145200 0.0153223 0.126038 0.06222 0 0 0.203578 0.188253 
145400 0.0152829 0.125998 0.0619639 0 0 0.203239 0.187952 
145600 0.0152435 0.125958 0.0617078 0 0 0.202901 0.187652 
145800 0.0152042 0.125918 0.0614517 0 0 0.202562 0.187352 
146000 0.0151648 0.125878 0.0611956 0 0 0.202224 0.187051 
146200 0.0151254 0.125839 0.0609395 0 0 0.201885 0.186751 
146400 0.0150861 0.125799 0.0606834 0 0 0.201546 0.186451 
146600 0.0150467 0.125759 0.0604273 0 0 0.201208 0.186151 
146800 0.0150073 0.125719 0.0601712 0 0 0.200869 0.18585 
147000 0.014968 0.125679 0.059915 0 0 0.20053 0.18555 
147200 0.0149286 0.125639 0.0596589 0 0 0.200192 0.18525 
147400 0.0148892 0.1256 0.0594028 0 0 0.199853 0.18495 
147600 0.0148515 0.125559 0.0591578 0 0 0.199529 0.184664 
147800 0.0148155 0.125517 0.058924 0 0 0.199219 0.184392 
148000 0.0147794 0.125475 0.0586901 0 0 0.198909 0.184121 
148200 0.0147434 0.125433 0.0584562 0 0 0.1986 0.18385 
148400 0.0147073 0.125391 0.0582224 0 0 0.19829 0.183578 
148600 0.0146713 0.125349 0.0579885 0 0 0.197981 0.183307 
148800 0.0146352 0.125307 0.0577546 0 0 0.197671 0.183035 
149000 0.0145992 0.125265 0.0575207 0 0 0.197361 0.182764 
149200 0.0145631 0.125223 0.0572869 0 0 0.197052 0.182493 
149400 0.0145271 0.125181 0.057053 0 0 0.196742 0.182221 
149600 0.014491 0.125139 0.0568191 0 0 0.196432 0.18195 
149800 0.014455 0.125097 0.0565853 0 0 0.196123 0.181679 
150000 0.0144189 0.125055 0.0563514 0 0 0.195813 0.181407 
150200 0.0143804 0.125004 0.0561032 0 0 0.195488 0.18111 
150400 0.0143418 0.124953 0.055855 0 0 0.195163 0.180812 
150600 0.0143075 0.124916 0.0556425 0 0 0.194876 0.180561 
150800 0.0142731 0.124879 0.0554299 0 0 0.19459 0.18031 
151000 0.0142388 0.124842 0.0552174 0 0 0.194303 0.180059 
151200 0.0142044 0.124805 0.0550048 0 0 0.194016 0.179808 
151400 0.0141701 0.124768 0.0547923 0 0 0.193729 0.179557 
151600 0.0141357 0.12473 0.0545797 0 0 0.193442 0.179306 
151800 0.0141014 0.124693 0.0543672 0 0 0.193155 0.179055 
152000 0.014067 0.124656 0.0541546 0 0 0.192869 0.178804 
152200 0.0140327 0.124619 0.0539421 0 0 0.192582 0.178553 
152400 0.0139983 0.124582 0.0537295 0 0 0.192295 0.178302 
152600 0.013964 0.124544 0.053517 0 0 0.192008 0.178051 
152800 0.0139296 0.124507 0.0533044 0 0 0.191721 0.1778 
153000 0.0138953 0.12447 0.0530919 0 0 0.191434 0.177549 
153200 0.0138609 0.124433 0.0528793 0 0 0.191148 0.177298 
153400 0.0138266 0.124396 0.0526668 0 0 0.190861 0.177047 
153600 0.0137938 0.124354 0.0524664 0 0 0.190586 0.176803 
153800 0.013761 0.124312 0.052266 0 0 0.190311 0.176559 
154000 0.0137282 0.12427 0.0520656 0 0 0.190036 0.176316 
154200 0.0136954 0.124228 0.0518651 0 0 0.189761 0.176072 
154400 0.0136626 0.124186 0.0516647 0 0 0.189486 0.175828 
154600 0.0136298 0.124144 0.0514643 0 0 0.189211 0.175584 
154800 0.013597 0.124102 0.0512639 0 0 0.188935 0.17534 
155000 0.0135642 0.124061 0.0510635 0 0 0.18866 0.175096 
155200 0.0135314 0.124019 0.0508631 0 0 0.188385 0.174852 
155400 0.0134986 0.123977 0.0506627 0 0 0.18811 0.174608 
155600 0.0134658 0.123935 0.0504623 0 0 0.187835 0.174365 
155800 0.013433 0.123893 0.0502619 0 0 0.18756 0.174121 
156000 0.0134002 0.123851 0.0500615 0 0 0.187285 0.173877 
156200 0.0133674 0.123809 0.0498611 0 0 0.18701 0.173633 
156400 0.0133346 0.123767 0.0496607 0 0 0.186735 0.173389 
156600 0.0133026 0.123726 0.0494717 0 0 0.186474 0.17316 
156800 0.0132707 0.123684 0.0492827 0 0 0.186213 0.172931 
157000 0.0132387 0.123642 0.0490937 0 0 0.185951 0.172702 
157200 0.0132067 0.1236 0.0489047 0 0 0.18569 0.172473 
157400 0.0131747 0.123559 0.0487157 0 0 0.185429 0.172244 
157600 0.0131428 0.123517 0.0485267 0 0 0.185168 0.172015 
157800 0.0131108 0.123475 0.0483377 0 0 0.184906 0.171786 
158000 0.0130788 0.123434 0.0481487 0 0 0.184645 0.171556 
158200 0.0130468 0.123392 0.0479597 0 0 0.184384 0.171327 
158400 0.0130149 0.12335 0.0477707 0 0 0.184122 0.171098 
158600 0.0129829 0.123308 0.0475817 0 0 0.183861 0.170869 
158800 0.0129509 0.123267 0.0473927 0 0 0.1836 0.17064 
159000 0.0129189 0.123225 0.0472037 0 0 0.183339 0.170411 
159200 0.012887 0.123183 0.0470148 0 0 0.183077 0.170182 
159400 0.012855 0.123142 0.0468258 0 0 0.182816 0.169953 
159600 0.0128255 0.123101 0.0466532 0 0 0.182575 0.169742 
159800 0.0127961 0.123061 0.0464806 0 0 0.182334 0.169531 
160000 0.0127666 0.12302 0.046308 0 0 0.182092 0.169319 
160200 0.0127372 0.12298 0.0461355 0 0 0.181851 0.169108 
160400 0.0127078 0.12294 0.0459629 0 0 0.18161 0.168897 
160600 0.0126783 0.122899 0.0457903 0 0 0.181369 0.168686 
160800 0.0126489 0.122859 0.0456177 0 0 0.181127 0.168474 
161000 0.0126194 0.122818 0.0454451 0 0 0.180886 0.168263 
161200 0.01259 0.122778 0.0452726 0 0 0.180645 0.168052 
161400 0.0125605 0.122737 0.0451 0 0 0.180404 0.167841 
161600 0.0125311 0.122697 0.0449274 0 0 0.180162 0.167629 
161800 0.0125016 0.122657 0.0447548 0 0 0.179921 0.167418 
162000 0.0124722 0.122616 0.0445823 0 0 0.17968 0.167207 
162200 0.0124428 0.122576 0.0444097 0 0 0.179439 0.166996 
162400 0.0124133 0.122535 0.0442371 0 0 0.179197 0.166784 
162600 0.0123845 0.122496 0.0440722 0 0 0.178965 0.16658 
162800 0.0123564 0.122456 0.043915 0 0 0.178741 0.166382 
163000 0.0123283 0.122417 0.0437578 0 0 0.178518 0.166184 
163200 0.0123002 0.122378 0.0436007 0 0 0.178294 0.165987 
163400 0.0122721 0.122338 0.0434435 0 0 0.178071 0.165789 
163600 0.012244 0.122299 0.0432863 0 0 0.177847 0.165591 
163800 0.0122159 0.12226 0.0431291 0 0 0.177624 0.165393 
164000 0.0121878 0.122221 0.0429719 0 0 0.1774 0.165195 
164200 0.0121597 0.122181 0.0428147 0 0 0.177177 0.164998 
164400 0.0121316 0.122142 0.0426575 0 0 0.176953 0.1648 
164600 0.0121035 0.122103 0.0425003 0 0 0.17673 0.164602 
164800 0.0120754 0.122063 0.0423431 0 0 0.176506 0.164404 
165000 0.0120473 0.122024 0.0421859 0 0 0.176283 0.164206 
165200 0.0120192 0.121985 0.0420287 0 0 0.176059 0.164009 
165400 0.0119911 0.121946 0.0418716 0 0 0.175836 0.163811 
165600 0.011963 0.121906 0.0417144 0 0 0.175612 0.163613 
165800 0.011936 0.121868 0.0415639 0 0 0.175397 0.163423 
166000 0.0119102 0.12183 0.0414202 0 0 0.175189 0.163242 
166200 0.0118843 0.121792 0.0412764 0 0 0.174981 0.16306 
166400 0.0118585 0.121754 0.0411327 0 0 0.174774 0.162878 
166600 0.0118326 0.121716 0.040989 0 0 0.174566 0.162697 
166800 0.0118068 0.121678 0.0408453 0 0 0.174358 0.162515 
167000 0.0117809 0.12164 0.0407015 0 0 0.174151 0.162333 
167200 0.0117551 0.121602 0.0405578 0 0 0.173943 0.162152 
167400 0.0117292 0.121564 0.0404141 0 0 0.173736 0.16197 
167600 0.0117034 0.121526 0.0402704 0 0 0.173528 0.161788 
167800 0.0116775 0.121488 0.0401266 0 0 0.17332 0.161607 
168000 0.0116517 0.12145 0.0399829 0 0 0.173113 0.161425 
168200 0.0116258 0.121412 0.0398392 0 0 0.172905 0.161243 
168400 0.0116 0.121374 0.0396954 0 0 0.172698 0.161061 
168600 0.0115741 0.121336 0.0395517 0 0 0.17249 0.16088 
168800 0.0115483 0.121298 0.039408 0 0 0.172282 0.160698 
169000 0.0115224 0.12126 0.0392643 0 0 0.172075 0.160516 
169200 0.0114973 0.121222 0.0391286 0 0 0.171875 0.160345 
169400 0.0114722 0.121184 0.0389929 0 0 0.171674 0.160173 
169600 0.011447 0.121146 0.0388572 0 0 0.171474 0.160001 
169800 0.0114219 0.121108 0.0387215 0 0 0.171274 0.159829 
170000 0.0113968 0.12107 0.0385858 0 0 0.171074 0.159657 
170200 0.0113717 0.121032 0.0384501 0 0 0.170874 0.159485 
170400 0.0113466 0.120994 0.0383144 0 0 0.170674 0.159313 
170600 0.0113215 0.120956 0.0381787 0 0 0.170473 0.159142 
170800 0.0112963 0.120918 0.038043 0 0 0.170273 0.15897 
171000 0.0112712 0.120879 0.0379073 0 0 0.170073 0.158798 
171200 0.0112461 0.120841 0.0377716 0 0 0.169873 0.158626 
171400 0.011221 0.120803 0.0376359 0 0 0.169673 0.158454 
171600 0.0111959 0.120765 0.0375002 0 0 0.169473 0.158282 
171800 0.0111707 0.120727 0.0373645 0 0 0.169272 0.15811 
172000 0.0111456 0.120689 0.0372288 0 0 0.169072 0.157939 
172200 0.0111205 0.120651 0.0370931 0 0 0.168872 0.157767 
172400 0.0110958 0.120613 0.0369615 0 0 0.168677 0.157598 
172600 0.0110714 0.120575 0.0368342 0 0 0.168487 0.157433 
172800 0.011047 0.120537 0.0367068 0 0 0.168297 0.157268 
173000 0.0110226 0.120499 0.0365795 0 0 0.168107 0.157103 
173200 0.0109982 0.120461 0.0364521 0 0 0.167916 0.156937 
173400 0.0109738 0.120423 0.0363248 0 0 0.167726 0.156772 
173600 0.0109495 0.120385 0.0361974 0 0 0.167536 0.156607 
173800 0.0109251 0.120347 0.0360701 0 0 0.167346 0.156442 
174000 0.0109007 0.120309 0.0359427 0 0 0.167156 0.156277 
174200 0.0108763 0.120271 0.0358154 0 0 0.166966 0.156111 
174400 0.0108519 0.120233 0.0356881 0 0 0.166776 0.155946 
174600 0.0108275 0.120195 0.0355607 0 0 0.166586 0.155781 
174800 0.0108031 0.120157 0.0354334 0 0 0.166396 0.155616 
175000 0.0107788 0.120119 0.035306 0 0 0.166206 0.155451 
175200 0.0107544 0.120081 0.0351787 0 0 0.166015 0.155285 
175400 0.01073 0.120043 0.0350513 0 0 0.165825 0.15512 
175600 0.0107056 0.120006 0.034924 0 0 0.165635 0.154955 
175800 0.0106836 0.119969 0.0348105 0 0 0.165462 0.154802 
176000 0.0106616 0.119932 0.0346971 0 0 0.165289 0.15465 
176200 0.0106397 0.119896 0.0345836 0 0 0.165116 0.154497 
176400 0.0106177 0.119859 0.0344702 0 0 0.164943 0.154345 
176600 0.0105957 0.119822 0.0343567 0 0 0.16477 0.154192 
176800 0.0105737 0.119786 0.0342433 0 0 0.164597 0.154039 
177000 0.0105517 0.119749 0.0341299 0 0 0.164424 0.153887 
177200 0.0105297 0.119712 0.0340164 0 0 0.164251 0.153734 
177400 0.0105077 0.119675 0.033903 0 0 0.164078 0.153581 
177600 0.0104858 0.119639 0.0337895 0 0 0.163905 0.153429 
177800 0.0104638 0.119602 0.0336761 0 0 0.163732 0.153276 
178000 0.0104418 0.119565 0.0335626 0 0 0.163558 0.153124 
178200 0.0104198 0.119529 0.0334492 0 0 0.163385 0.152971 
178400 0.0103978 0.119492 0.0333358 0 0 0.163212 0.152818 
178600 0.0103758 0.119455 0.0332223 0 0 0.163039 0.152666 
178800 0.0103538 0.119419 0.0331089 0 0 0.162866 0.152513 
179000 0.0103319 0.119382 0.0329954 0 0 0.162693 0.15236 
179200 0.0103102 0.119346 0.0328851 0 0 0.162525 0.152212 
179400 0.0102889 0.11931 0.032778 0 0 0.162361 0.152068 
179600 0.0102676 0.119274 0.0326709 0 0 0.162198 0.151924 
179800 0.0102463 0.119238 0.0325637 0 0 0.162034 0.15178 
180000 0.010225 0.119202 0.0324566 0 0 0.16187 0.151636 
180200 0.0102037 0.119166 0.0323495 0 0 0.161707 0.151492 
180400 0.0101824 0.11913 0.0322423 0 0 0.161543 0.151348 
180600 0.0101611 0.119094 0.0321352 0 0 0.161379 0.151204 
180800 0.0101398 0.119059 0.032028 0 0 0.161216 0.15106 
181000 0.0101185 0.119023 0.0319209 0 0 0.161052 0.150916 
181200 0.0100972 0.118987 0.0318138 0 0 0.160888 0.150772 
181400 0.0100759 0.118951 0.0317066 0 0 0.160725 0.150628 
181600 0.0100546 0.118915 0.0315995 0 0 0.160561 0.150484 
181800 0.0100333 0.118879 0.0314924 0 0 0.160397 0.15034 
182000 0.010012 0.118843 0.0313852 0 0 0.160234 0.150196 
182200 0.00999068 0.118807 0.0312781 0 0 0.16007 0.150052 
182400 0.00996938 0.118771 0.031171 0 0 0.159906 0.149908 
182600 0.00994808 0.118735 0.0310638 0 0 0.159743 0.149765 
182800 0.00992747 0.118699 0.0309633 0 0 0.159585 0.149628 
183000 0.00990686 0.118662 0.0308628 0 0 0.159428 0.149491 
183200 0.00988625 0.118626 0.0307622 0 0 0.15927 0.149354 
183400 0.00986564 0.118589 0.0306617 0 0 0.159113 0.149217 
183600 0.00984502 0.118553 0.0305612 0 0 0.158956 0.14908 
183800 0.00982441 0.118516 0.0304607 0 0 0.158798 0.148943 
184000 0.0098038 0.118479 0.0303602 0 0 0.158641 0.148806 
184200 0.00978319 0.118443 0.0302596 0 0 0.158483 0.148669 
184400 0.00976258 0.118406 0.0301591 0 0 0.158326 0.148532 
184600 0.00974197 0.11837 0.0300586 0 0 0.158169 0.148395 
184800 0.00972136 0.118333 0.0299581 0 0 0.158011 0.148258 
185000 0.00970075 0.118297 0.0298575 0 0 0.157854 0.148121 
185200 0.00968013 0.11826 0.029757 0 0 0.157697 0.147984 
185400 0.00965952 0.118224 0.0296565 0 0 0.157539 0.147847 
185600 0.00963891 0.118187 0.029556 0 0 0.157382 0.14771 
185800 0.0096183 0.118151 0.0294554 0 0 0.157224 0.147573 
186000 0.00959769 0.118114 0.0293549 0 0 0.157067 0.147436 
186200 0.0095781 0.118077 0.0292597 0 0 0.156915 0.147306 
186400 0.00955954 0.11804 0.0291696 0 0 0.15677 0.147182 
186600 0.00954098 0.118003 0.0290796 0 0 0.156624 0.147059 
186800 0.00952242 0.117966 0.0289896 0 0 0.156478 0.146935 
187000 0.00950386 0.117929 0.0288996 0 0 0.156332 0.146812 
187200 0.0094853 0.117892 0.0288096 0 0 0.156186 0.146688 
187400 0.00946673 0.117855 0.0287195 0 0 0.156041 0.146565 
187600 0.00944817 0.117818 0.0286295 0 0 0.155895 0.146441 
187800 0.00942961 0.117782 0.0285395 0 0 0.155749 0.146318 
188000 0.00941105 0.117745 0.0284495 0 0 0.155603 0.146194 
188200 0.00939249 0.117708 0.0283595 0 0 0.155457 0.146071 
188400 0.00937393 0.117671 0.0282694 0 0 0.155312 0.145947 
188600 0.00935537 0.117634 0.0281794 0 0 0.155166 0.145824 
188800 0.0093368 0.117597 0.0280894 0 0 0.15502 0.1457 
189000 0.00931824 0.11756 0.0279994 0 0 0.154874 0.145576 
189200 0.00929968 0.117523 0.0279094 0 0 0.154728 0.145453 
189400 0.00928112 0.117486 0.0278193 0 0 0.154583 0.145329 
189600 0.00926256 0.117449 0.0277293 0 0 0.154437 0.145206 
189800 0.009244 0.117412 0.0276393 0 0 0.154291 0.145082 
190000 0.00922578 0.117377 0.0275549 0 0 0.154154 0.144962 
190200 0.00920756 0.117342 0.0274706 0 0 0.154017 0.144841 
190400 0.00918934 0.117308 0.0273862 0 0 0.15388 0.14472 
190600 0.00917113 0.117273 0.0273019 0 0 0.153743 0.1446 
190800 0.00915291 0.117238 0.0272175 0 0 0.153606 0.144479 
191000 0.00913469 0.117204 0.0271332 0 0 0.153469 0.144358 
191200 0.00911648 0.117169 0.0270488 0 0 0.153332 0.144238 
191400 0.00909826 0.117134 0.0269645 0 0 0.153195 0.144117 
191600 0.00908004 0.1171 0.0268801 0 0 0.153057 0.143996 
191800 0.00906182 0.117065 0.0267958 0 0 0.15292 0.143876 
192000 0.00904361 0.11703 0.0267114 0 0 0.152783 0.143755 
192200 0.00902539 0.116996 0.0266271 0 0 0.152646 0.143634 
192400 0.00900717 0.116961 0.0265427 0 0 0.152509 0.143514 
192600 0.00898895 0.116926 0.0264584 0 0 0.152372 0.143393 
192800 0.00897074 0.116891 0.026374 0 0 0.152235 0.143272 
193000 0.00895252 0.116857 0.0262897 0 0 0.152098 0.143152 
193200 0.0089343 0.116822 0.0262053 0 0 0.151961 0.143031 
193400 0.00891608 0.116787 0.026121 0 0 0.151824 0.14291 
193600 0.00889842 0.116754 0.0260399 0 0 0.15169 0.142794 
193800 0.00888131 0.11672 0.0259621 0 0 0.15156 0.142683 
194000 0.0088642 0.116687 0.0258844 0 0 0.151429 0.142571 
194200 0.00884709 0.116654 0.0258066 0 0 0.151299 0.142459 
194400 0.00882998 0.116621 0.0257288 0 0 0.151168 0.142347 
194600 0.00881287 0.116588 0.025651 0 0 0.151037 0.142236 
194800 0.00879576 0.116555 0.0255733 0 0 0.150907 0.142124 
195000 0.00877865 0.116522 0.0254955 0 0 0.150776 0.142012 
195200 0.00876154 0.116489 0.0254177 0 0 0.150646 0.141901 
195400 0.00874443 0.116456 0.0253399 0 0 0.150515 0.141789 
195600 0.00872732 0.116423 0.0252622 0 0 0.150385 0.141677 
195800 0.00871021 0.11639 0.0251844 0 0 0.150254 0.141565 
196000 0.0086931 0.116357 0.0251066 0 0 0.150124 0.141454 
196200 0.00867599 0.116323 0.0250288 0 0 0.149993 0.141342 
196400 0.00865888 0.11629 0.024951 0 0 0.149863 0.14123 
196600 0.00864177 0.116257 0.0248733 0 0 0.149732 0.141119 
196800 0.00862466 0.116224 0.0247955 0 0 0.149602 0.141007 
197000 0.00860755 0.116191 0.0247177 0 0 0.149471 0.140895 
197200 0.00859044 0.116158 0.0246399 0 0 0.149341 0.140783 
197400 0.00857378 0.116123 0.0245643 0 0 0.149214 0.140673 
197600 0.00855756 0.116087 0.0244908 0 0 0.149091 0.140563 
197800 0.00854134 0.11605 0.0244173 0 0 0.148968 0.140453 
198000 0.00852512 0.116014 0.0243437 0 0 0.148845 0.140343 
198200 0.0085089 0.115977 0.0242702 0 0 0.148722 0.140234 
198400 0.00849268 0.115941 0.0241967 0 0 0.148599 0.140124 
198600 0.00847646 0.115905 0.0241232 0 0 0.148476 0.140014 
198800 0.00846024 0.115868 0.0240497 0 0 0.148353 0.139904 
199000 0.00844402 0.115832 0.0239761 0 0 0.14823 0.139795 
199200 0.0084278 0.115795 0.0239026 0 0 0.148108 0.139685 
199400 0.00841158 0.115759 0.0238291 0 0 0.147985 0.139575 
199600 0.00839536 0.115722 0.0237556 0 0 0.147862 0.139465 
199800 0.00837914 0.115686 0.0236821 0 0 0.147739 0.139356 
200000 0.00836292 0.115649 0.0236085 0 0 0.147616 0.139246 
