1000 5.0953031 0.007805354 8701.8086 0 0 8707.0674 8701.8086 
1200 4.97262 0.010198532 6185.6001 0 0 6190.835 6185.6001 
1400 4.8539758 0.012606635 4264.0635 0 0 4268.5049 4264.0635 
1600 4.729455 0.014958507 3066.5381 0 0 3070.9495 3066.5381 
1800 4.5998707 0.017231833 2276.6587 0 0 2280.9937 2276.6587 
2000 4.468502 0.019452944 1741.7815 0 0 1746.0122 1741.7815 
2200 4.3385239 0.021626804 1356.5778 0 0 1360.7628 1356.5974 
2400 4.2111926 0.023753485 1136.4927 0 0 1140.6583 1136.5154 
2600 4.0863442 0.025849625 1062.1689 0 0 1066.2517 1062.1794 
2800 3.9629886 0.0279155 938.62354 0 0 942.65112 938.65924 
3000 3.8431554 0.029950421 808.59265 0 0 812.45331 808.59265 
3200 3.726259 0.031963695 681.38904 0 0 685.1759 681.39801 
3400 3.6125202 0.033949323 580.2514 0 0 583.90137 580.3335 
3600 3.5014935 0.035908692 498.50037 0 0 502.0845 498.54123 
3800 3.3941338 0.037828192 432.04117 0 0 435.40768 432.06668 
4000 3.2894299 0.039733954 376.97775 0 0 380.2525 376.97775 
4200 3.1881175 0.041600462 330.63312 0 0 333.85632 330.69186 
4400 3.0901117 0.043442223 291.65356 0 0 294.82132 291.72162 
4600 2.9950073 0.045245472 258.63254 0 0 261.71225 258.659 
4800 2.9035048 0.047016613 230.59219 0 0 233.54303 230.60255 
5000 2.8160992 0.048748635 206.52994 0 0 209.39934 206.55011 
5200 2.731858 0.05044619 185.58704 0 0 188.41164 185.65543 
5400 2.6506326 0.052113969 167.39874 0 0 170.07466 167.42548 
5600 2.5722106 0.053743608 151.53934 0 0 154.19498 151.62225 
5800 2.4955063 0.055356372 137.7037 0 0 140.27246 137.79196 
6000 2.4216282 0.056941841 220.13507 0 0 222.60229 220.23549 
6200 2.3507216 0.058496691 209.37369 0 0 211.79445 209.44405 
6400 2.2823899 0.060017873 196.85999 0 0 199.19888 196.93048 
6600 2.2175422 0.061510421 183.26566 0 0 185.52803 183.31148 
6800 2.1549311 0.062967904 169.45892 0 0 171.66553 169.50316 
7000 2.0957747 0.064388037 155.99464 0 0 158.16078 156.063 
7200 2.0381627 0.065780476 143.23589 0 0 145.35115 143.30363 
7400 1.9839628 0.067144305 131.59064 0 0 133.63266 131.66382 
7599.9995 1.9314375 0.068477996 120.94476 0 0 122.95039 121.02359 
7800 1.8818895 0.069775559 111.55499 0 0 113.51608 111.63498 
8000 1.833456 0.0710546 103.19157 0 0 105.08527 103.27156 
8200 1.7874997 0.072296217 95.963615 0 0 97.829269 96.030525 
8400 1.7426381 0.07352525 275.02722 0 0 276.7933 275.03625 
8600 1.6999921 0.074721374 259.03262 0 0 260.79459 259.12793 
8800 1.6580859 0.075901024 244.41374 0 0 246.1369 244.49951 
9000 1.6181606 0.077051081 230.96365 0 0 232.63992 231.06407 
9200 1.5794157 0.078174323 218.53532 0 0 220.19122 218.61893 
9400 1.5425034 0.079277694 207.03601 0 0 208.64482 207.13159 
9600 1.5066571 0.080358639 196.2641 0 0 197.85594 196.36452 
9800 1.4725436 0.081415445 186.25346 0 0 187.81889 186.3306 
10000 1.4394633 0.082443304 176.91374 0 0 178.47002 177.01416 
10200 1.4086313 0.08342655 168.31091 0 0 169.79674 168.41133 
10400 1.377241 0.084449477 159.70682 0 0 161.16229 159.78407 
10600 1.348895 0.085379355 152.18158 0 0 153.62943 152.282 
10800 1.3213131 0.086306974 144.98419 0 0 146.36949 145.08559 
11000 1.2938697 0.087221131 138.10165 0 0 139.48013 138.1982 
11200 1.2671007 0.088137321 131.53308 0 0 132.84094 131.57103 
11400 1.2420197 0.089020252 125.45908 0 0 126.7482 125.4878 
11600 1.2180949 0.089857399 119.83894 0 0 121.12004 119.91218 
11800 1.1938688 0.090701774 114.37746 0 0 115.65144 114.47437 
12000 1.1708348 0.091525048 109.27666 0 0 110.54433 109.37469 
12200 1.1491269 0.092322595 104.52126 0 0 105.78234 104.62085 
12400 1.1270763 0.093129762 99.872589 0 0 101.12573 99.971886 
12600 1.1065315 0.093872003 95.726219 0 0 96.971367 95.82357 
12800 1.0857641 0.09463843 91.620399 0 0 92.80825 91.717552 
13000 1.0655962 0.095391862 87.778351 0 0 88.935692 87.873055 
13200 1.0461831 0.096118428 84.185425 0 0 85.326363 84.280754 
13400 1.0274171 0.096820384 80.78759 0 0 81.912209 80.886963 
13600 1.0089443 0.097522333 77.539543 0 0 78.646248 77.633675 
13800 0.99118418 0.098197855 74.523598 0 0 75.61274 74.621376 
14000 0.97368163 0.098867416 71.626099 0 0 72.698654 71.726486 
14199.999 0.95643765 0.099532425 68.841682 0 0 69.898621 68.94207 
14400.001 0.93991053 0.10017912 66.258797 0 0 67.300606 66.359192 
14600 0.92351389 0.10082814 63.777409 0 0 64.803955 63.8778 
14800 0.90738875 0.10146121 61.39489 0 0 62.405369 61.495281 
15000 0.89168715 0.10206317 59.133205 0 0 60.12619 59.233597 
15199.999 0.87649709 0.10266495 57.029171 0 0 58.008293 57.129562 
15400.001 0.86148638 0.10325006 54.984478 0 0 55.949188 55.087151 
15600 0.84690458 0.1038496 53.03685 0 0 53.987598 53.144596 
15800 0.83296633 0.10439248 51.246155 0 0 52.182873 51.351471 
16000 0.81919241 0.10494788 49.49905 0 0 50.423092 49.603802 
16199.999 0.80561429 0.10552652 47.804939 0 0 48.718349 47.912514 
16400 0.79232258 0.10606827 46.185795 0 0 47.087456 46.295128 
16600 0.7794137 0.10660409 44.633495 0 0 45.522499 44.742687 
16800 0.76727968 0.10714129 43.206264 0 0 44.080952 43.311333 
17000 0.75540209 0.1076539 41.825146 0 0 42.685966 41.930714 
17200 0.74366248 0.10815327 40.468849 0 0 41.316044 40.577415 
17400 0.7322886 0.10864284 39.18507 0 0 40.02158 39.289165 
17600 0.72125167 0.10912197 37.946629 0 0 38.773594 38.049667 
17800 0.71084058 0.10958173 36.792397 0 0 37.611927 36.900715 
18000 0.70069128 0.11003789 35.677097 0 0 36.486973 35.787724 
18200 0.69071656 0.11049163 34.587765 0 0 35.386497 34.698711 
18400 0.68101752 0.11090565 33.545956 0 0 34.336067 33.656952 
18600 0.67145818 0.11131351 32.522762 0 0 33.305004 32.633774 
18800 0.66271859 0.11172921 31.59161 0 0 32.368744 31.702749 
19000 0.65407068 0.11214156 33.359619 0 0 34.129322 33.470654 
19200 0.64573443 0.11254624 32.409077 0 0 33.168182 32.525234 
19400 0.6375466 0.11293344 31.478209 0 0 32.229362 31.597433 
19600 0.62958145 0.11329444 30.576845 0 0 31.324011 30.69607 
19800 0.62201166 0.11365455 29.722988 0 0 30.461828 29.838959 
20000 0.61476535 0.11401393 28.908003 0 0 29.634962 29.018055 
20200 0.60766006 0.11438116 34.127731 0 0 34.848011 34.241306 
20400 0.60054278 0.11471785 33.367355 0 0 34.079437 33.476227 
20600 0.59350222 0.11505197 32.621975 0 0 33.329609 32.732182 
20800 0.58650309 0.11538471 31.884668 0 0 32.58987 31.999466 
21000 0.57961321 0.11571575 31.168716 0 0 31.867998 31.28373 
21200 0.57278216 0.11604588 30.464258 0 0 31.155745 30.577137 
21400 0.56600451 0.11636435 29.776428 0 0 30.459381 29.889034 
21600 0.55926239 0.11667503 29.099684 0 0 29.773609 29.213257 
21800 0.5525189 0.11699556 28.427401 0 0 29.09601 28.543079 
22000 0.54577398 0.11732589 27.759579 0 0 28.42658 27.878502 
22200 0.53910124 0.11764865 27.10659 0 0 27.768911 27.226406 
22400 0.53253669 0.11795999 26.475851 0 0 27.12888 26.593039 
22600 0.52600843 0.11826994 25.851768 0 0 26.496698 25.967655 
22800 0.51958901 0.11857571 25.247663 0 0 25.888071 25.366226 
23000 0.51317966 0.11888046 24.645218 0 0 25.280891 24.766314 
23200 0.50696123 0.11916605 24.074272 0 0 24.701244 24.195192 
23400 0.50074285 0.11945166 23.503328 0 0 24.121595 23.624073 
23600 0.49471742 0.11974668 22.957455 0 0 23.569736 23.077517 
23800 0.48874021 0.12004406 22.41785 0 0 23.024822 22.5371 
24000 0.48282477 0.12032499 21.892982 0 0 22.494808 22.012188 
24200 0.47697118 0.12058948 21.382851 0 0 21.979691 21.502781 
24400 0.47115463 0.12085775 20.877254 0 0 21.469116 20.997816 
24600 0.46554804 0.12114745 20.397358 0 0 20.984301 20.518021 
24800 0.45994148 0.12143715 19.917463 0 0 20.499485 20.038227 
25000 0.45440635 0.12170558 19.455381 0 0 20.030382 19.576244 
25200 0.44889501 0.12196691 18.999239 0 0 19.566519 19.120201 
25400 0.44348884 0.12222197 18.556009 0 0 19.116663 18.677071 
25600 0.43827793 0.12246538 18.136763 0 0 18.692822 18.257919 
25800 0.43306702 0.12270879 17.717516 0 0 18.26898 17.83877 
26000 0.42793012 0.12296047 17.314613 0 0 17.86372 17.438311 
26200 0.42280629 0.1232136 16.914597 0 0 17.461739 17.041147 
26400 0.41779554 0.12346302 16.527681 0 0 17.072001 16.65601 
26600 0.41299477 0.12370551 16.165092 0 0 16.704994 16.293205 
26800 0.40819404 0.12394801 15.802505 0 0 16.337988 15.9304 
27000 0.40349227 0.12416452 15.454414 0 0 15.985481 15.580361 
27199.998 0.39882356 0.12437239 15.111161 0 0 15.637813 15.234583 
27399.998 0.39419669 0.12458275 14.772671 0 0 15.29458 14.89396 
27600.002 0.38980731 0.12480725 14.461187 0 0 14.976501 14.582564 
27800.002 0.385418 0.12503175 14.14971 0 0 14.658428 14.271173 
28000 0.38107264 0.12524398 13.845678 0 0 14.350084 13.968422 
28200 0.37678096 0.12544116 13.550743 0 0 14.053628 13.676218 
28400 0.37248924 0.12563837 13.255807 0 0 13.75717 13.384015 
28600 0.36842081 0.12583178 12.982388 0 0 13.478536 13.10952 
28800 0.36442679 0.12602396 12.716142 0 0 13.205843 12.840927 
29000 0.36043277 0.12621613 12.449896 0 0 12.93315 12.572334 
29200 0.35662392 0.12640134 12.202734 0 0 12.682297 12.325324 
29399.998 0.35282484 0.12658615 11.956579 0 0 12.432595 12.079453 
29600.002 0.34903434 0.12677206 11.711785 0 0 12.184396 11.835114 
29800.002 0.3453221 0.12696745 11.479317 0 0 11.949779 11.604646 
30000 0.3416099 0.12716284 11.24685 0 0 11.715165 11.37418 
30200 0.33796799 0.12732109 11.024868 0 0 11.490461 11.152169 
30400 0.33450669 0.12749775 10.816194 0 0 11.278291 10.943848 
30600 0.33104539 0.1276744 10.607518 0 0 11.06612 10.735526 
30800 0.32764125 0.12784694 10.403731 0 0 10.858942 10.531984 
31000 0.32437053 0.12800987 10.211347 0 0 10.663413 10.339597 
31200 0.32109982 0.1281728 10.018962 0 0 10.467884 10.14721 
31399.998 0.31788623 0.12832756 9.8318281 0 0 10.277726 9.9601307 
31599.998 0.31480575 0.12846328 9.6569424 0 0 10.100096 9.785429 
31800.002 0.31172523 0.128599 9.4820528 0 0 9.9224615 9.6107235 
32000.002 0.30865854 0.1287403 9.3092632 0 0 9.7468987 9.438097 
32200 0.3056469 0.128904 9.1448584 0 0 9.579608 9.2737684 
32400 0.30263525 0.1290677 8.9804516 0 0 9.4123154 9.1094379 
32600 0.29964578 0.12922782 8.8174934 0 0 9.2465076 8.9465628 
32800 0.29685593 0.12935576 8.6675701 0 0 9.0940638 8.7967777 
33000 0.29406607 0.1294837 8.5176458 0 0 8.9416199 8.6469927 
33200 0.29127622 0.12961166 8.3677225 0 0 8.789176 8.4972076 
33400 0.28857264 0.12973715 8.2278557 0 0 8.6464891 8.3573322 
33600 0.28587863 0.12986241 8.0891075 0 0 8.5048866 8.2185574 
33800 0.28318462 0.12998764 7.9503593 0 0 8.3632851 8.0797825 
34000 0.2805782 0.13011055 7.8177662 0 0 8.2282238 7.9474258 
34200 0.27801892 0.13023219 7.6884875 0 0 8.0966854 7.8185248 
34400 0.27545968 0.13035382 7.5592084 0 0 7.965147 7.6896234 
34600 0.27294946 0.13046436 7.4338431 0 0 7.8373785 7.5645032 
34800 0.2705304 0.13055427 7.3157454 0 0 7.7166114 7.4464054 
35000 0.26811135 0.13064419 7.1976471 0 0 7.5958447 7.3283072 
35200 0.26569226 0.1307341 7.0795493 0 0 7.4750781 7.2102094 
35400 0.26333922 0.13084917 6.9673462 0 0 7.3610387 7.0983562 
35600 0.26098961 0.13096556 6.855454 0 0 7.2473531 6.9868321 
35800 0.25864002 0.13108197 6.7435617 0 0 7.1336679 6.875308 
36000 0.25637698 0.13118097 6.6376958 0 0 7.0256271 6.7695575 
36200 0.25418475 0.13126576 6.5367603 0 0 6.922205 6.66853 
36400 0.25199252 0.13135055 6.4358253 0 0 6.8187819 6.5675025 
36600 0.24980028 0.13143532 6.3348904 0 0 6.7153592 6.4664745 
36800 0.24767074 0.13154681 6.239028 0 0 6.6175857 6.3706121 
37000 0.2455412 0.13165829 6.1431651 0 0 6.5198126 6.2747493 
37200 0.24341165 0.13176976 6.0473022 0 0 6.422039 6.1788869 
37400 0.24133979 0.13186748 5.9549265 0 0 6.3277068 6.0865107 
37600 0.23933844 0.1319484 5.8668113 0 0 6.2375803 5.9983954 
37800 0.2373371 0.13202931 5.7786961 0 0 6.1474538 5.9102802 
38000 0.23533575 0.13211022 5.6905808 0 0 6.0573273 5.822165 
38200 0.23340884 0.13219112 5.6077762 0 0 5.9727678 5.7395058 
38400 0.23150054 0.13227201 5.526299 0 0 5.8896003 5.6582098 
38600 0.22959223 0.1323529 5.4448218 0 0 5.8064327 5.5769143 
38800 0.22768594 0.13243277 5.3635602 0 0 5.7234764 5.4958253 
39000 0.22581798 0.13249338 5.2863936 0 0 5.6445336 5.4186587 
39200 0.22395003 0.13255398 5.2092271 0 0 5.5655913 5.3414922 
39400 0.22208206 0.13261458 5.132061 0 0 5.4866486 5.2643261 
39600 0.22025529 0.13268107 5.0565557 0 0 5.4094076 5.1888528 
39800 0.21852458 0.1327613 4.9849267 0 0 5.3361378 5.1173291 
40000 0.21679386 0.13284153 4.9132977 0 0 5.262867 5.0458059 
40200 0.21509349 0.1329093 4.8441529 0 0 5.1920667 4.9772348 
40400 0.21340249 0.13297741 4.7762575 0 0 5.1225605 4.9097166 
40600 0.21172562 0.13304602 4.7102356 0 0 5.0549951 4.8437777 
40800 0.21004874 0.13311462 4.6442137 0 0 4.9874301 4.7778387 
41000 0.20837186 0.13318324 4.5781918 0 0 4.9198647 4.7119002 
41200 0.20672816 0.1332469 4.5139852 0 0 4.8541503 4.6477394 
41400 0.20512505 0.13330454 4.4519973 0 0 4.7906976 4.5857515 
41600 0.20352192 0.13336217 4.3900094 0 0 4.7272449 4.5237632 
41800 0.20191881 0.13341981 4.3280215 0 0 4.6637921 4.4617758 
42000 0.20035256 0.13347352 4.2681007 0 0 4.6023345 4.4018817 
42200 0.19883136 0.13352242 4.2107062 0 0 4.5433154 4.3445463 
42400 0.19731018 0.13357134 4.1533117 0 0 4.4842963 4.2872109 
42600 0.19578899 0.13362026 4.0959172 0 0 4.4252772 4.229876 
42800 0.19428979 0.13367103 4.0398474 0 0 4.3677349 4.1738443 
43000 0.19283138 0.13372521 3.9862373 0 0 4.3129358 4.1202345 
43200 0.19137299 0.13377941 3.9326272 0 0 4.2581363 4.0666242 
43400 0.1899146 0.1338336 3.8790169 0 0 4.2033372 4.0130138 
43600 0.18847506 0.13388628 3.8263144 0 0 4.149384 3.9603224 
43800 0.18711101 0.13393292 3.7772427 0 0 4.0988183 3.9113057 
44000 0.18574695 0.13397956 3.7281709 0 0 4.0482526 3.8622892 
44200 0.18438289 0.1340262 3.6790991 0 0 3.9976871 3.8132722 
44400 0.18301883 0.13407284 3.6300271 0 0 3.9471211 3.7642555 
44600 0.18167964 0.13411948 3.5833554 0 0 3.8990991 3.7174215 
44800 0.18034321 0.13416612 3.5369506 0 0 3.8513601 3.67083 
45000 0.1790068 0.13421276 3.4905455 0 0 3.8036208 3.6242385 
45200 0.17767037 0.13425942 3.4441402 0 0 3.7558818 3.577647 
45400 0.1763902 0.13429561 3.3999889 0 0 3.7104983 3.5335882 
45600 0.17514756 0.13432485 3.3573401 0 0 3.6666861 3.4912179 
45800 0.17390491 0.13435408 3.3146913 0 0 3.6228735 3.4488475 
46000 0.17266227 0.13438332 3.2720425 0 0 3.579061 3.4064772 
46200 0.17142478 0.13441378 3.2298162 0 0 3.5356731 3.3644879 
46400 0.17021641 0.13445117 3.1899841 0 0 3.4946918 3.3246572 
46600 0.16900805 0.13448855 3.150152 0 0 3.4537106 3.2848268 
46800 0.16779968 0.13452594 3.1103201 0 0 3.4127293 3.2449958 
47000 0.16659132 0.13456333 3.070488 0 0 3.3717477 3.2051654 
47200 0.16542724 0.13459478 3.0325799 0 0 3.3327219 3.1672235 
47400 0.164287 0.13462308 2.9957075 0 0 3.2947493 3.1302984 
47600 0.16314676 0.13465135 2.9588354 0 0 3.2567766 3.0933731 
47800 0.16200653 0.13467965 2.921963 0 0 3.2188036 3.056448 
48000 0.16086893 0.13470781 2.8852372 0 0 3.18097 3.0196745 
48200 0.15978134 0.1347338 2.8512921 0 0 3.1457794 2.9857812 
48400 0.15869376 0.13475977 2.8173468 0 0 3.110589 2.9518876 
48600 0.15760618 0.13478574 2.7834017 0 0 3.0753984 2.9179943 
48800 0.15651861 0.13481173 2.7494564 0 0 3.0402081 2.8841007 
49000 0.1554527 0.13483591 2.7162943 0 0 3.0058937 2.851032 
49200 0.15442705 0.13485678 2.684586 0 0 2.9732063 2.8194954 
49400 0.15340139 0.13487764 2.652878 0 0 2.9405189 2.7879589 
49600 0.15237573 0.1348985 2.62117 0 0 2.9078314 2.7564223 
49800 0.15135007 0.13491936 2.589462 0 0 2.875144 2.7248857 
50000 0.15034513 0.13492875 2.558295 0 0 2.8429027 2.693115 
50200 0.14937025 0.13495018 2.5288985 0 0 2.8128009 2.6637185 
50400 0.14839536 0.1349716 2.4995019 0 0 2.7826991 2.6343219 
50600 0.14742047 0.13499303 2.4701054 0 0 2.7525976 2.6049254 
50800 0.14644559 0.13501446 2.4407089 0 0 2.7224958 2.5755289 
51000 0.14549771 0.13502425 2.4130058 0 0 2.6938419 2.5478292 
51200 0.14456142 0.13502906 2.3860285 0 0 2.6658084 2.5208566 
51400 0.14362514 0.13503386 2.3590515 0 0 2.6377752 2.4938841 
51600 0.14268884 0.13503867 2.3320742 0 0 2.6097419 2.4669116 
51800 0.14175256 0.13504349 2.3050969 0 0 2.5817084 2.4399393 
52000 0.14084765 0.13505737 2.2792192 0 0 2.5549951 2.4141481 
52200 0.13995621 0.13507515 2.2538126 0 0 2.5288475 2.3888633 
52400 0.13906477 0.13509291 2.228406 0 0 2.5026996 2.3635786 
52600 0.13817333 0.13511069 2.2029991 0 0 2.476552 2.338294 
52800 0.13728188 0.13512847 2.1775925 0 0 2.4504042 2.3130093 
53000 0.13643132 0.13513769 2.1536188 0 0 2.4255614 2.2890925 
53200 0.13560279 0.13514231 2.1304169 0 0 2.4014213 2.2659123 
53399.996 0.13477427 0.13514695 2.1072154 0 0 2.3772814 2.2427325 
53599.996 0.13394573 0.13515157 2.0840132 0 0 2.3531413 2.2195523 
53799.996 0.13311718 0.13515618 2.060811 0 0 2.3290012 2.196372 
54000.004 0.13229612 0.1351601 2.0382941 0 0 2.3056073 2.1738095 
54200.004 0.1314842 0.13516316 2.0166166 0 0 2.2831271 2.1520038 
54400.004 0.13067229 0.13516621 1.994939 0 0 2.2606471 2.130198 
54600.004 0.12986039 0.13516927 1.9732614 0 0 2.238167 2.108392 
54800 0.12904848 0.13517232 1.9515841 0 0 2.2156873 2.0865867 
55000 0.12824614 0.13517557 1.9302148 0 0 2.1935174 2.0651147 
55200 0.1274821 0.13517962 1.9100776 0 0 2.1725883 2.0449777 
55400 0.12671806 0.13518368 1.8899406 0 0 2.1516593 2.0248406 
55600 0.125954 0.13518773 1.8698037 0 0 2.1307299 2.0047038 
55800 0.12518996 0.13519178 1.8496666 0 0 2.1098008 1.9845667 
56000 0.1244259 0.13519584 1.8295296 0 0 2.0888717 1.9644297 
56200 0.12369806 0.13519429 1.8107597 0 0 2.0693405 1.9456685 
56400 0.12297659 0.13519175 1.792231 0 0 2.050056 1.9271499 
56600 0.12225512 0.13518922 1.7737024 0 0 2.0307715 1.9086314 
56800 0.12153366 0.13518669 1.7551737 0 0 2.011487 1.8901129 
57000 0.1208122 0.13518415 1.7366451 0 0 1.9922025 1.8715944 
57200 0.12010187 0.13518335 1.7185953 0 0 1.9734435 1.8535476 
57400 0.1194122 0.13518579 1.7014346 0 0 1.9556608 1.8363769 
57599.996 0.11872255 0.13518824 1.6842744 0 0 1.9378784 1.8192066 
57799.996 0.11803288 0.13519067 1.6671138 0 0 1.9200956 1.8020358 
57999.996 0.11734322 0.13519311 1.6499532 0 0 1.9023129 1.7848653 
58200.004 0.11665352 0.13519555 1.632792 0 0 1.8845294 1.7676939 
58400.004 0.11598773 0.13518506 1.616496 0 0 1.8675447 1.7513996 
58600.004 0.11532989 0.13517025 1.6004879 0 0 1.8508259 1.7353975 
58800.004 0.11467206 0.13515545 1.58448 0 0 1.834107 1.7193953 
59000 0.11401423 0.13514064 1.5684724 0 0 1.8173887 1.7033935 
59200 0.11335638 0.13512585 1.5524646 0 0 1.8006698 1.6873913 
59400 0.11269976 0.13511191 1.5364981 0 0 1.7840044 1.6714302 
59600 0.11206636 0.13511454 1.5213177 0 0 1.7683551 1.6562498 
59800 0.11143296 0.13511717 1.5061373 0 0 1.7527057 1.6410692 
60000 0.11079956 0.1351198 1.490957 0 0 1.7370564 1.6258885 
60200 0.1101782 0.13512185 1.4766206 0 0 1.7220109 1.6115433 
60400 0.10955685 0.13512391 1.4622841 0 0 1.7069654 1.597198 
60600 0.10894265 0.13512163 1.4480677 0 0 1.6920775 1.5830038 
60800 0.10834987 0.13510637 1.4342113 0 0 1.6776619 1.5692627 
61000 0.10775711 0.13509111 1.4203547 0 0 1.6632463 1.5555216 
61200 0.10716434 0.13507585 1.4064983 0 0 1.6488307 1.5417806 
61400 0.10657156 0.13506058 1.3926419 0 0 1.6344151 1.5280396 
61600 0.1059788 0.13504532 1.3787855 0 0 1.6199995 1.5142986 
61799.996 0.10539671 0.13503052 1.3653581 0 0 1.6060133 1.5009054 
61999.996 0.10483442 0.13501658 1.3527268 0 0 1.5928234 1.4881576 
62199.996 0.10427212 0.13500263 1.3400956 0 0 1.5796335 1.4754097 
62400.004 0.10370981 0.13498868 1.3274639 0 0 1.5664431 1.4626615 
62600.004 0.10314751 0.13497473 1.3148326 0 0 1.5532532 1.4499136 
62800.004 0.10258522 0.13496079 1.3022013 0 0 1.5400634 1.4371659 
63000.004 0.10203031 0.1349501 1.2898153 0 0 1.5271276 1.4246982 
63200 0.10149265 0.13494708 1.2780018 0 0 1.5147855 1.4128845 
63400 0.10095498 0.13494404 1.2661879 0 0 1.5024431 1.4010706 
63600 0.10041731 0.134941 1.254374 0 0 1.4901006 1.3892567 
63800 0.09987963 0.13493796 1.2425601 0 0 1.4777582 1.3774427 
64000 0.099341959 0.13493493 1.2307464 0 0 1.4654157 1.3656287 
64200 0.098807894 0.13493019 1.2190659 0 0 1.4531927 1.3539487 
64400 0.098294288 0.13491578 1.2081412 0 0 1.441646 1.3430271 
64600 0.097780675 0.13490137 1.1972164 0 0 1.4300992 1.3321055 
64800 0.097267061 0.13488697 1.1862916 0 0 1.4185525 1.321184 
65000 0.096753456 0.13487257 1.1753669 0 0 1.4070058 1.3102624 
65200 0.09623985 0.13485816 1.1644422 0 0 1.3954591 1.299341 
65400 0.095726237 0.13484375 1.1535174 0 0 1.3839123 1.2884195 
65600 0.095238477 0.13482898 1.1433263 0 0 1.3732307 1.2782348 
65800 0.094753593 0.13481417 1.1332169 0 0 1.3626453 1.2681322 
66000 0.094268702 0.13479936 1.1231073 0 0 1.3520597 1.2580295 
66200 0.093783818 0.13478456 1.1129978 0 0 1.3414743 1.2479268 
66400 0.093298927 0.13476975 1.1028882 0 0 1.3308887 1.2378241 
66600 0.092814043 0.13475494 1.0927787 0 0 1.3203032 1.2277213 
66800 0.092341013 0.13474049 1.083064 0 0 1.3101023 1.2179822 
67000 0.09187986 0.13472638 1.0737438 0 0 1.3002859 1.2086065 
67200 0.091418691 0.13471226 1.0644238 0 0 1.2904695 1.1992308 
67400 0.09095753 0.13469817 1.0551038 0 0 1.2806532 1.189855 
67600 0.090496369 0.13468406 1.0457838 0 0 1.2708368 1.1804792 
67800 0.0900352 0.13466994 1.0364636 0 0 1.2610204 1.1711035 
68000 0.089574039 0.13465583 1.0271436 0 0 1.2512041 1.1617278 
68200 0.089133732 0.13462792 1.01843 0 0 1.2420356 1.1529948 
68400 0.088694528 0.13459928 1.0097485 0 0 1.2329015 1.1442957 
68600 0.088255331 0.13457064 1.0010669 0 0 1.2237672 1.1355965 
68800 0.087816127 0.134542 0.99238527 0 0 1.2146329 1.1268973 
69000 0.087376922 0.13451338 0.98370367 0 0 1.2054986 1.1181982 
69200 0.086937718 0.13448472 0.97502214 0 0 1.1963644 1.109499 
69400 0.086504497 0.13446046 0.96652114 0 0 1.1874194 1.1009817 
69600 0.08608523 0.13444643 0.95844185 0 0 1.1789161 1.0928887 
69800 0.085665964 0.13443239 0.9503625 0 0 1.1704129 1.0847957 
70000 0.085246697 0.13441835 0.94228309 0 0 1.1619097 1.0767026 
70200 0.084827438 0.13440432 0.9342038 0 0 1.1534064 1.0686096 
70400 0.084408171 0.13439026 0.92612445 0 0 1.1449031 1.0605166 
70600 0.083988905 0.13437623 0.9180451 0 0 1.1363999 1.0524235 
70800 0.083581246 0.13435455 0.91030538 0 0 1.1282369 1.0446683 
71000 0.083183087 0.13432659 0.90284353 0 0 1.120352 1.0371896 
71200 0.082784928 0.13429865 0.89538163 0 0 1.1124674 1.0297108 
71400 0.082386762 0.1342707 0.88791978 0 0 1.1045825 1.0222321 
71600 0.081988603 0.13424276 0.88045794 0 0 1.0966979 1.0147532 
71800 0.081590444 0.13421482 0.87299609 0 0 1.0888131 1.0072745 
72000 0.081192277 0.13418686 0.86553425 0 0 1.0809284 0.99979573 
72200 0.080806836 0.13416784 0.85844183 0 0 1.0734276 0.99268037 
72400 0.080428243 0.13415359 0.85154849 0 0 1.0661334 0.98576081 
72600 0.080049649 0.13413934 0.84465504 0 0 1.0588392 0.97884113 
72800 0.079671048 0.1341251 0.83776164 0 0 1.051545 0.97192156 
73000 0.079292454 0.13411085 0.83086824 0 0 1.0442508 0.96500194 
73200 0.07891386 0.13409661 0.82397485 0 0 1.0369565 0.95808232 
73400 0.078535266 0.13408236 0.81708139 0 0 1.0296625 0.9511627 
73600 0.078168854 0.13406061 0.81050146 0 0 1.0226961 0.94455689 
73800 0.077810578 0.13403381 0.80413049 0 0 1.0159484 0.9381603 
74000 0.077452287 0.13400704 0.79775947 0 0 1.0092007 0.93176377 
74200 0.077094004 0.13398026 0.79138845 0 0 1.002453 0.92536718 
74400 0.076735727 0.13395348 0.78501755 0 0 0.99570519 0.91897058 
74600 0.076377444 0.13392669 0.77864653 0 0 0.98895746 0.91257405 
74800 0.07601916 0.13389991 0.77227551 0 0 0.98220974 0.90617746 
75000 0.075667307 0.13387285 0.76607573 0 0 0.97563595 0.89995223 
75200 0.075325094 0.13384533 0.76013285 0 0 0.96932304 0.89398396 
75400 0.074982889 0.13381782 0.75418991 0 0 0.96301013 0.88801575 
75600 0.074640676 0.1337903 0.74824697 0 0 0.95669723 0.88204747 
75800 0.074298464 0.13376279 0.74230403 0 0 0.95038438 0.87607932 
76000 0.073956259 0.13373528 0.73636115 0 0 0.94407141 0.87011105 
76200 0.073614046 0.13370778 0.73041821 0 0 0.93775856 0.86414284 
76400 0.073273636 0.13368045 0.72452414 0 0 0.93149608 0.85822272 
76600 0.072949439 0.13365473 0.71906972 0 0 0.92568797 0.85273612 
76800 0.07262525 0.13362902 0.7136153 0 0 0.91987979 0.84724951 
77000 0.072301053 0.1336033 0.70816088 0 0 0.91407168 0.8417629 
77200 0.071976855 0.1335776 0.70270646 0 0 0.9082635 0.83627629 
77400 0.071652658 0.1335519 0.69725204 0 0 0.90245533 0.83078974 
77600 0.071328469 0.13352618 0.69179755 0 0 0.89664721 0.82530314 
77800 0.071004272 0.13350047 0.68634319 0 0 0.89083904 0.81981653 
78000 0.070689157 0.13347434 0.68111354 0 0 0.88526577 0.81455219 
78200 0.070380092 0.13344792 0.67603385 0 0 0.87984908 0.80943596 
78400 0.070071027 0.13342148 0.67095423 0 0 0.87443238 0.80431986 
78600 0.069761969 0.13339506 0.66587448 0 0 0.86901575 0.79920369 
78800 0.069452904 0.13336863 0.66079479 0 0 0.863599 0.79408753 
79000 0.069143847 0.13334221 0.65571511 0 0 0.85818231 0.78897136 
79200 0.068834782 0.13331579 0.65063542 0 0 0.85276568 0.78385514 
79400 0.068525724 0.13328935 0.64555573 0 0 0.84734893 0.77873904 
79600 0.068229415 0.13325588 0.64073926 0 0 0.84221828 0.77392256 
79800 0.067933112 0.1332224 0.63592285 0 0 0.83708763 0.76910609 
80000 0.06763681 0.13318893 0.63110638 0 0 0.83195692 0.76428962 
80200 0.067345418 0.13316779 0.62646246 0 0 0.82697934 0.7596119 
80400 0.067054026 0.13314664 0.62181854 0 0 0.82200176 0.75493425 
80600 0.066762634 0.13312551 0.61717457 0 0 0.81702411 0.75025648 
80800 0.066471241 0.13310437 0.61253065 0 0 0.81204647 0.74557883 
81000 0.066183388 0.13307904 0.60796314 0 0 0.80715424 0.74098146 
81200 0.06590616 0.13304116 0.60362476 0 0 0.80251795 0.73662543 
81400 0.065628931 0.13300325 0.59928644 0 0 0.79788166 0.73226935 
81600 0.065351702 0.13296536 0.59494811 0 0 0.79324543 0.72791326 
81800 0.065074466 0.13292746 0.59060973 0 0 0.78860909 0.72355717 
82000 0.064797238 0.13288957 0.58627141 0 0 0.78397286 0.71920103 
82200 0.064520009 0.13285168 0.58193302 0 0 0.77933657 0.71484494 
82400 0.064242773 0.13281378 0.5775947 0 0 0.77470028 0.71048886 
82600 0.063968882 0.13277978 0.57334679 0 0 0.77015311 0.70621824 
82800 0.06370277 0.13275483 0.56930995 0 0 0.76581377 0.70214707 
83000 0.063436665 0.13272989 0.56527311 0 0 0.76147437 0.69807583 
83200 0.063170552 0.13270493 0.56123626 0 0 0.75713497 0.69400465 
83400 0.062904447 0.13267998 0.55719942 0 0 0.75279558 0.68993342 
83600 0.062638342 0.13265502 0.55316257 0 0 0.74845624 0.68586224 
83800 0.06237223 0.13263008 0.54912567 0 0 0.74411684 0.68179101 
84000 0.062106121 0.13260514 0.54508883 0 0 0.73977751 0.67771983 
84200 0.061843619 0.1325773 0.54113203 0 0 0.73552203 0.6737271 
84400 0.061591931 0.13254078 0.53741533 0 0 0.73151821 0.66996998 
84600 0.061340246 0.13250427 0.53369868 0 0 0.72751445 0.66621286 
84800 0.061088558 0.13246775 0.52998197 0 0 0.72351068 0.66245568 
85000 0.06083687 0.13243124 0.52626526 0 0 0.71950692 0.65869856 
85200 0.060585182 0.13239472 0.52254862 0 0 0.7155031 0.65494144 
85400 0.060333498 0.13235821 0.51883191 0 0 0.71149933 0.65118432 
85600 0.06008181 0.13232169 0.5151152 0 0 0.70749557 0.64742714 
85800 0.059830125 0.13228518 0.51139855 0 0 0.70349181 0.64367002 
86000 0.059590351 0.13225268 0.50792134 0 0 0.69975168 0.64016789 
86200 0.05935058 0.13222019 0.50444412 0 0 0.69601154 0.6366657 
86400 0.059110809 0.13218771 0.50096691 0 0 0.69227141 0.63316351 
86600 0.058871042 0.13215521 0.49748969 0 0 0.68853128 0.62966132 
86800 0.058631271 0.13212273 0.49401248 0 0 0.68479121 0.62615913 
87000 0.0583915 0.13209024 0.49053526 0 0 0.68105108 0.622657 
87200 0.058151729 0.13205774 0.48705807 0 0 0.67731094 0.61915481 
87400 0.057911959 0.13202526 0.48358086 0 0 0.67357081 0.61565262 
87600 0.05768013 0.13199098 0.48028713 0 0 0.6700139 0.61232656 
87800 0.057452578 0.13195574 0.47709218 0 0 0.66655558 0.60909539 
88000 0.057225026 0.1319205 0.47389722 0 0 0.66309726 0.60586417 
88200 0.056997474 0.13188528 0.47070229 0 0 0.65963894 0.602633 
88400 0.056769926 0.13185005 0.46750736 0 0 0.65618068 0.59940177 
88600 0.056542374 0.13181481 0.4643124 0 0 0.65272236 0.59617054 
88800 0.056314822 0.13177958 0.46111748 0 0 0.64926404 0.59293938 
89000 0.056087267 0.13174434 0.45792255 0 0 0.64580572 0.58970815 
89200 0.05586097 0.13170913 0.45475182 0 0 0.64237285 0.58650202 
89400 0.055645961 0.13167404 0.45179892 0 0 0.6391691 0.58352119 
89600 0.055430956 0.13163897 0.44884604 0 0 0.63596535 0.58054042 
89800 0.055215947 0.1316039 0.44589317 0 0 0.6327616 0.57755959 
90000 0.055000935 0.13156882 0.44294029 0 0 0.62955779 0.57457876 
90200 0.05478593 0.13153374 0.43998739 0 0 0.62635404 0.57159799 
90400 0.054570921 0.13149868 0.43703455 0 0 0.62315023 0.56861717 
90600 0.054355912 0.1314636 0.43408164 0 0 0.61994648 0.56563634 
90800 0.054140903 0.13142852 0.43112877 0 0 0.61674273 0.56265557 
91000 0.053929105 0.13139388 0.42825139 0 0 0.61361957 0.55974787 
91200 0.053723264 0.13136002 0.42551419 0 0 0.61064613 0.5569759 
91400 0.053517427 0.13132618 0.422777 0 0 0.60767263 0.55420393 
91600 0.053311586 0.13129233 0.4200398 0 0 0.60469913 0.55143201 
91800 0.053105745 0.13125849 0.41730261 0 0 0.60172564 0.54866004 
92000 0.052899905 0.13122463 0.41456544 0 0 0.5987522 0.54588807 
92200 0.052694064 0.13119079 0.41182822 0 0 0.5957787 0.54311609 
92400 0.052488226 0.13115694 0.40909103 0 0 0.59280527 0.54034418 
92600 0.052282386 0.1311231 0.40635383 0 0 0.58983177 0.53757221 
92800 0.052081518 0.13108909 0.40370888 0 0 0.58695066 0.53488696 
93000 0.051886715 0.13105491 0.40117666 0 0 0.58418244 0.53230762 
93200 0.051691916 0.13102074 0.39864445 0 0 0.58141422 0.52972835 
93400 0.05149712 0.13098657 0.39611223 0 0 0.57864606 0.52714902 
93600 0.051302318 0.1309524 0.39358002 0 0 0.57587785 0.52456975 
93800 0.051107518 0.13091822 0.39104781 0 0 0.57310963 0.52199042 
94000 0.050912723 0.13088405 0.38851559 0 0 0.57034141 0.51941115 
94200 0.05071792 0.13084988 0.38598338 0 0 0.56757319 0.51683187 
94400 0.050523121 0.1308157 0.38345116 0 0 0.56480503 0.51425254 
94600 0.050332386 0.13078217 0.38099045 0 0 0.56211716 0.51175511 
94800 0.050147738 0.1307496 0.37863696 0 0 0.55954975 0.50938034 
95000 0.049963087 0.13071702 0.37628344 0 0 0.5569824 0.50700563 
95200 0.049778439 0.13068447 0.37392995 0 0 0.55441499 0.50463086 
95400 0.049593791 0.13065191 0.37157646 0 0 0.55184764 0.50225616 
95600 0.04940914 0.13061933 0.36922297 0 0 0.54928029 0.49988142 
95800 0.049224492 0.13058676 0.36686945 0 0 0.54671293 0.49750668 
96000 0.049039844 0.13055418 0.36451596 0 0 0.54414552 0.49513197 
96200 0.048855197 0.13052163 0.36216244 0 0 0.54157817 0.49275723 
96400 0.048671819 0.13048792 0.35983616 0 0 0.53903764 0.49040571 
96600 0.048495632 0.13044778 0.35766408 0 0 0.53664905 0.48818576 
96800 0.048319448 0.13040763 0.35549197 0 0 0.53426045 0.48596585 
97000 0.04814326 0.13036749 0.35331985 0 0 0.53187191 0.48374587 
97200 0.047967076 0.13032734 0.35114774 0 0 0.52948332 0.48152593 
97400 0.047790892 0.1302872 0.34897566 0 0 0.52709478 0.47930595 
97600 0.047614705 0.13024706 0.34680355 0 0 0.52470618 0.47708604 
97800 0.047438517 0.13020691 0.34463146 0 0 0.52231759 0.47486609 
98000 0.047262333 0.13016677 0.34245935 0 0 0.51992905 0.47264612 
98200 0.047086149 0.13012663 0.34028724 0 0 0.51754045 0.47042617 
98400 0.046916582 0.13009009 0.33823377 0 0 0.5152812 0.46833012 
98600 0.046749219 0.13005473 0.33621985 0 0 0.51306498 0.46627533 
98800 0.046581861 0.13001938 0.33420593 0 0 0.51084876 0.46422055 
99000 0.046414498 0.12998405 0.33219197 0 0 0.5086326 0.4621658 
99200 0.04624714 0.12994871 0.33017805 0 0 0.50641638 0.46011102 
99400 0.046079777 0.12991336 0.32816413 0 0 0.50420016 0.45805627 
99600 0.045912419 0.12987801 0.32615021 0 0 0.501984 0.45600149 
99800 0.045745056 0.12984267 0.32413629 0 0 0.49976778 0.45394671 
100000 0.045577697 0.12980732 0.32212234 0 0 0.49755159 0.45189193 
100200 0.045437608 0.12980732 0.32043788 0 0 0.49565017 0.45023113 
100400 0.045274511 0.1297642 0.31852633 0 0 0.49353755 0.44827822 
100600 0.045111414 0.12972108 0.31661481 0 0 0.49142495 0.44632527 
100800 0.044948313 0.12967794 0.31470326 0 0 0.48931229 0.44437233 
101000 0.044785216 0.12963481 0.31279171 0 0 0.48719969 0.44241938 
101199.99 0.044622123 0.1295917 0.31088024 0 0 0.48508716 0.44046652 
101400 0.044459023 0.12954856 0.30896863 0 0 0.48297444 0.43851352 
101599.99 0.044295929 0.12950544 0.30705717 0 0 0.48086193 0.43656066 
101800 0.044132829 0.12946232 0.30514556 0 0 0.47874922 0.43460763 
101999.99 0.043969736 0.12941919 0.3032341 0 0 0.47663668 0.43265477 
102200 0.043812837 0.12937875 0.30142003 0 0 0.47462612 0.43079996 
102399.99 0.043662153 0.12934102 0.29970366 0 0 0.47271791 0.42904338 
102600 0.043511461 0.12930329 0.29798719 0 0 0.47080952 0.42728674 
102800.01 0.043360766 0.12926555 0.29627067 0 0 0.46890116 0.42553005 
103000 0.043210085 0.12922782 0.29455432 0 0 0.46699291 0.42377353 
103200.01 0.043059394 0.12919009 0.29283783 0 0 0.46508455 0.42201686 
103400 0.042908709 0.12915236 0.29112145 0 0 0.46317634 0.42026031 
103600.01 0.042758014 0.12911461 0.28940499 0 0 0.46126795 0.41850364 
103800 0.04260733 0.12907688 0.28768861 0 0 0.45935974 0.41674709 
104000.01 0.042456638 0.12903915 0.28597212 0 0 0.45745134 0.41499043 
104200 0.042312276 0.12900089 0.28433979 0 0 0.45563555 0.41331926 
104400 0.042174228 0.12896208 0.28279138 0 0 0.45391211 0.41173342 
104600 0.042036176 0.1289233 0.281243 0 0 0.45218864 0.41014755 
104800 0.041898128 0.12888451 0.27969459 0 0 0.45046523 0.40856171 
105000 0.04176008 0.12884571 0.27814618 0 0 0.44874179 0.40697584 
105200 0.041622031 0.12880692 0.27659777 0 0 0.44701836 0.40538999 
105400 0.04148398 0.12876813 0.27504936 0 0 0.44529489 0.40380412 
105600 0.041345932 0.12872933 0.27350098 0 0 0.44357145 0.40221828 
105799.99 0.041207887 0.12869054 0.27195263 0 0 0.44184807 0.40063247 
106000 0.041069835 0.12865175 0.27040416 0 0 0.44012457 0.39904657 
106199.99 0.040931791 0.12861297 0.26885584 0 0 0.43840119 0.39746076 
106400 0.040790766 0.12858179 0.26733184 0 0 0.43669459 0.39589423 
106599.99 0.040649753 0.12855063 0.26580802 0 0 0.43498811 0.39432785 
106800 0.040508728 0.12851946 0.26428401 0 0 0.43328148 0.39276132 
107000.01 0.040367708 0.1284883 0.26276004 0 0 0.43157488 0.39119479 
107200 0.040226694 0.12845713 0.26123619 0 0 0.42986837 0.38962841 
107400.01 0.04008567 0.12842597 0.25971222 0 0 0.42816177 0.38806188 
107600 0.039944656 0.12839481 0.25818837 0 0 0.42645529 0.38649547 
107800.01 0.039803632 0.12836364 0.25666437 0 0 0.42474866 0.38492894 
108000 0.039662618 0.12833248 0.25514051 0 0 0.42304218 0.38336256 
108200.01 0.039521597 0.12830132 0.25361654 0 0 0.42133555 0.38179603 
108400 0.039397582 0.12826407 0.25230548 0 0 0.41986337 0.38045338 
108600 0.039273567 0.12822683 0.25099438 0 0 0.41839111 0.37911063 
108800 0.039149549 0.12818958 0.24968328 0 0 0.41691887 0.37776789 
109000 0.03902553 0.12815234 0.24837217 0 0 0.41544664 0.37642515 
109200 0.038901515 0.12811509 0.24706104 0 0 0.41397437 0.3750824 
109400 0.038777497 0.12807785 0.24574994 0 0 0.41250214 0.37373963 
109600 0.038653478 0.12804061 0.24443881 0 0 0.41102988 0.37239692 
109800 0.038529463 0.12800336 0.24312772 0 0 0.40955764 0.37105417 
109999.99 0.038405448 0.12796612 0.24181665 0 0 0.40808547 0.36971149 
110200 0.03828143 0.12792887 0.24050549 0 0 0.40661314 0.36836872 
110399.99 0.038157415 0.12789163 0.23919442 0 0 0.40514097 0.367026 
110600 0.038032189 0.12784612 0.23789072 0 0 0.40368566 0.36568993 
110799.99 0.037906971 0.12780063 0.23658712 0 0 0.40223044 0.36435398 
111000 0.037781745 0.12775512 0.23528342 0 0 0.40077513 0.36301792 
111200.01 0.037656516 0.12770961 0.23397972 0 0 0.39931983 0.36168185 
111400 0.037531298 0.12766412 0.23267612 0 0 0.39786464 0.3603459 
111600.01 0.037406072 0.12761861 0.23137242 0 0 0.39640933 0.35900983 
111800 0.037280854 0.12757312 0.23006882 0 0 0.39495414 0.35767385 
112000.01 0.037155624 0.12752761 0.22876512 0 0 0.39349881 0.35633779 
112200 0.03703041 0.12748212 0.2274615 0 0 0.39204365 0.35500184 
112400.01 0.036905181 0.12743661 0.2261578 0 0 0.39058831 0.35366577 
112600 0.036784437 0.12739609 0.22492585 0 0 0.38920119 0.35239628 
112800 0.036668159 0.12736054 0.22376548 0 0 0.38788208 0.35119319 
113000 0.036551885 0.12732498 0.22260511 0 0 0.386563 0.3499901 
113200 0.036435608 0.12728944 0.22144474 0 0 0.38524386 0.34878701 
113400 0.036319334 0.1272539 0.22028437 0 0 0.38392475 0.34758395 
113600 0.036203057 0.12721835 0.21912399 0 0 0.38260564 0.34638086 
113800 0.036086783 0.1271828 0.21796364 0 0 0.3812865 0.34517777 
114000 0.035970505 0.12714726 0.21680327 0 0 0.37996739 0.34397468 
114199.99 0.035854235 0.12711172 0.21564294 0 0 0.37864834 0.34277165 
114400 0.035737954 0.12707616 0.21448253 0 0 0.3773292 0.34156853 
114599.99 0.03562168 0.12704061 0.21332221 0 0 0.37601012 0.34036547 
114800 0.03551013 0.12700503 0.21221519 0 0 0.37475106 0.3392179 
114999.99 0.035403319 0.12696941 0.21116169 0 0 0.37355214 0.338126 
115200 0.0352965 0.12693377 0.21010809 0 0 0.3723532 0.33703396 
115400.01 0.035189681 0.12689815 0.2090545 0 0 0.37115422 0.33594197 
115600 0.035082869 0.12686253 0.20800099 0 0 0.36995533 0.33485004 
115800.01 0.034976047 0.12682691 0.2069474 0 0 0.36875635 0.33375803 
116000 0.034869239 0.12679127 0.2058939 0 0 0.36755747 0.3326661 
116200.01 0.034762416 0.12675565 0.20484032 0 0 0.36635849 0.33157408 
116400 0.034655605 0.12672003 0.20378681 0 0 0.36515963 0.33048216 
116600.01 0.034548786 0.1266844 0.2027332 0 0 0.36396062 0.32939014 
116800 0.034441974 0.12664878 0.20167969 0 0 0.36276177 0.32829824 
117000 0.034335159 0.12661316 0.20062615 0 0 0.36156285 0.32720625 
117200 0.034226567 0.12657569 0.19958919 0 0 0.36037281 0.32612902 
117400 0.034117974 0.12653823 0.19855224 0 0 0.3591828 0.32505178 
117600 0.034009382 0.12650077 0.19751526 0 0 0.3579928 0.32397452 
117800 0.03390079 0.12646331 0.19647831 0 0 0.35680279 0.32289729 
118000 0.033792198 0.12642585 0.19544134 0 0 0.35561278 0.32182005 
118200 0.033683605 0.12638839 0.19440438 0 0 0.35442278 0.32074279 
118399.99 0.033575017 0.12635094 0.19336745 0 0 0.35323283 0.31966561 
118600 0.033466421 0.12631348 0.19233045 0 0 0.35204276 0.31858832 
118799.99 0.033357836 0.12627602 0.19129354 0 0 0.35085279 0.31751111 
119000 0.033249237 0.12623855 0.19025654 0 0 0.34966275 0.31643382 
119199.99 0.033140648 0.12620109 0.18921961 0 0 0.34847277 0.31535664 
119400 0.033044428 0.12616082 0.18832098 0 0 0.34744269 0.31442264 
119600.01 0.032948203 0.12612052 0.18742234 0 0 0.34641263 0.31348863 
119800 0.032851987 0.12608024 0.18652378 0 0 0.34538263 0.31255475 
120000.01 0.032755762 0.12603995 0.18562514 0 0 0.34435254 0.31162077 
120200 0.032659549 0.12599967 0.18472658 0 0 0.34332258 0.31068686 
120400.01 0.032563325 0.1259594 0.18382795 0 0 0.34229249 0.30975285 
120600 0.032467108 0.1259191 0.18292938 0 0 0.34126249 0.30881894 
120800.01 0.032370884 0.12587883 0.18203075 0 0 0.34023243 0.30788496 
121000 0.032274667 0.12583853 0.18113218 0 0 0.3392024 0.30695105 
121200 0.032178447 0.12579826 0.1802336 0 0 0.33817238 0.3060171 
121400 0.03208223 0.12575796 0.17933498 0 0 0.33714235 0.30508316 
121600 0.031986009 0.12571767 0.17843638 0 0 0.33611232 0.30414921 
121800 0.031892814 0.12568286 0.1775884 0 0 0.33514205 0.30326539 
122000 0.031799622 0.12564807 0.17674041 0 0 0.33417177 0.30238158 
122200 0.031706426 0.12561326 0.17589243 0 0 0.3332015 0.30149776 
122400 0.031613231 0.12557843 0.17504443 0 0 0.33223122 0.30061394 
122599.99 0.031520039 0.12554364 0.17419648 0 0 0.33126101 0.29973018 
122800 0.031426843 0.12550883 0.17334844 0 0 0.33029068 0.29884633 
122999.99 0.031333651 0.12547402 0.17250049 0 0 0.32932046 0.29796255 
123200 0.031240454 0.1254392 0.17165247 0 0 0.32835016 0.2970787 
123399.99 0.031147262 0.1254044 0.17080452 0 0 0.32737991 0.29619494 
123600 0.031054063 0.12536959 0.16995649 0 0 0.32640961 0.29531109 
123800.01 0.030960865 0.12533478 0.16910848 0 0 0.3254393 0.29442725 
124000 0.030867673 0.12529998 0.16826051 0 0 0.32446906 0.29354346 
124200.01 0.030777907 0.12525746 0.16746156 0 0 0.32353786 0.29270449 
124400 0.030688148 0.12521495 0.16666268 0 0 0.32260671 0.29186562 
124600.01 0.03059838 0.12517245 0.16586372 0 0 0.32167548 0.29102662 
124800 0.030508623 0.12512994 0.16506484 0 0 0.32074434 0.29018775 
125000.01 0.030418854 0.12508743 0.16426589 0 0 0.31981313 0.28934878 
125200 0.030329095 0.12504491 0.163467 0 0 0.31888196 0.28850988 
125400 0.030239332 0.12500241 0.16266808 0 0 0.31795079 0.28767097 
125600 0.030149568 0.1249599 0.16186917 0 0 0.31701961 0.286832 
125800 0.030059805 0.1249174 0.16107024 0 0 0.31608844 0.2859931 
126000 0.029970042 0.12487488 0.16027133 0 0 0.31515726 0.28515416 
126200 0.02988028 0.12483238 0.15947241 0 0 0.31422606 0.28431523 
126400 0.029790517 0.12478986 0.15867348 0 0 0.31329489 0.28347629 
126600 0.029703854 0.12474938 0.15792391 0 0 0.31241477 0.28268495 
126799.99 0.029617196 0.12470891 0.15717436 0 0 0.3115347 0.28189364 
127000 0.029530529 0.12466842 0.15642475 0 0 0.31065458 0.28110227 
127199.99 0.029443869 0.12462794 0.15567519 0 0 0.30977449 0.28031096 
127400 0.029357202 0.12458745 0.15492558 0 0 0.30889437 0.27951959 
127599.99 0.029270545 0.12454697 0.15417603 0 0 0.3080143 0.27872825 
127800 0.029183879 0.12450649 0.15342642 0 0 0.30713415 0.27793688 
127999.99 0.02909722 0.12446601 0.15267688 0 0 0.30625409 0.27714556 
128200 0.029010553 0.12442552 0.15192726 0 0 0.30537394 0.27635419 
128400.01 0.028923886 0.12438504 0.15117766 0 0 0.30449381 0.27556282 
128600 0.028837228 0.12434456 0.1504281 0 0 0.30361372 0.27477151 
128800.01 0.028750563 0.12430408 0.14967848 0 0 0.3027336 0.27398014 
129000 0.028672732 0.12427194 0.14902443 0 0 0.30196625 0.27328947 
129200.01 0.028594896 0.12423982 0.14837031 0 0 0.30119881 0.27259871 
129400 0.028517067 0.12420769 0.14771625 0 0 0.30043143 0.27190804 
129600 0.028439235 0.12417556 0.14706215 0 0 0.29966402 0.27121732 
129800 0.028361402 0.12414342 0.14640807 0 0 0.29889661 0.27052662 
130000 0.02828357 0.12411129 0.14575396 0 0 0.2981292 0.26983589 
130200 0.028205737 0.12407916 0.14509988 0 0 0.29736179 0.26914519 
130400 0.028127903 0.12404703 0.14444579 0 0 0.29659438 0.26845449 
130600 0.028050072 0.1240149 0.14379171 0 0 0.295827 0.26776376 
130800 0.02797224 0.12398277 0.14313762 0 0 0.29505959 0.26707307 
130999.99 0.027894409 0.12395064 0.14248355 0 0 0.29429221 0.26638237 
131200 0.027816575 0.1239185 0.14182943 0 0 0.29352477 0.26569164 
131400 0.027738741 0.12388638 0.14117533 0 0 0.29275736 0.26500094 
131600 0.027660921 0.12384751 0.14053385 0 0 0.29199886 0.26431921 
131800 0.027583102 0.12380864 0.13989235 0 0 0.29124036 0.26363751 
132000 0.02750528 0.12376979 0.13925087 0 0 0.29048184 0.26295578 
132200 0.027427461 0.12373093 0.13860938 0 0 0.28972334 0.26227409 
132400 0.027349642 0.12369206 0.13796788 0 0 0.28896484 0.26159239 
132600 0.027271822 0.1236532 0.13732639 0 0 0.28820634 0.26091066 
132800 0.027194001 0.12361434 0.13668491 0 0 0.28744781 0.26022896 
133000 0.027116181 0.12357547 0.13604341 0 0 0.28668931 0.25954726 
133200 0.02703836 0.12353661 0.13540193 0 0 0.28593081 0.25886554 
133400 0.026960542 0.12349775 0.13476044 0 0 0.28517231 0.25818384 
133600 0.026882721 0.12345888 0.13411894 0 0 0.28441378 0.25750214 
133800 0.0268049 0.12342002 0.13347746 0 0 0.28365529 0.25682041 
134000 0.026731137 0.1233814 0.13287477 0 0 0.28294334 0.25618148 
134200 0.02666143 0.12334302 0.13231088 0 0 0.28227794 0.25558531 
134400 0.026591724 0.12330464 0.13174699 0 0 0.28161255 0.25498918 
134600 0.026522016 0.12326626 0.1311831 0 0 0.28094715 0.25439301 
134800 0.026452307 0.12322789 0.1306192 0 0 0.28028175 0.25379688 
135000 0.026382601 0.1231895 0.13005531 0 0 0.27961636 0.25320071 
135200 0.026312893 0.12315112 0.12949142 0 0 0.27895099 0.25260454 
135400 0.026243186 0.12311275 0.12892753 0 0 0.27828559 0.25200838 
135600 0.02617348 0.12307436 0.12836364 0 0 0.2776202 0.25141224 
135800 0.02610377 0.12303599 0.12779975 0 0 0.27695477 0.25081608 
136000 0.026034063 0.1229976 0.12723586 0 0 0.27628937 0.25021991 
136200 0.025964357 0.12295923 0.12667197 0 0 0.27562401 0.24962376 
136400 0.025894649 0.12292085 0.12610808 0 0 0.27495861 0.24902761 
136600 0.02582494 0.12288246 0.12554419 0 0 0.27429321 0.24843146 
136800 0.025755035 0.12284466 0.12499569 0 0 0.27363196 0.24784341 
137000 0.02568513 0.12280686 0.1244472 0 0 0.27297071 0.24725538 
137200 0.025615223 0.12276906 0.1238987 0 0 0.27230942 0.24666736 
137400 0.025545316 0.12273125 0.1233502 0 0 0.2716482 0.24607934 
137600 0.025475409 0.12269345 0.1228017 0 0 0.27098694 0.2454913 
137800 0.025405504 0.12265565 0.12225321 0 0 0.27032566 0.24490327 
138000 0.025335597 0.12261785 0.12170471 0 0 0.26966444 0.24431524 
138200 0.02526569 0.12258004 0.12115622 0 0 0.26900315 0.24372721 
138400 0.025195785 0.12254224 0.12060772 0 0 0.2683419 0.24313919 
138600 0.025125876 0.12250444 0.12005922 0 0 0.26768064 0.24255116 
138800 0.025055971 0.12246663 0.11951073 0 0 0.26701939 0.24196312 
139000 0.024986064 0.12242883 0.11896223 0 0 0.26635814 0.24137509 
139200 0.024916159 0.12239103 0.11841373 0 0 0.26569688 0.24078706 
139400 0.02485113 0.12235307 0.11791499 0 0 0.26509422 0.24025409 
139600 0.024786102 0.12231511 0.11741626 0 0 0.26449156 0.23972112 
139800 0.024721073 0.12227716 0.11691751 0 0 0.26388893 0.23918813 
140000 0.024656044 0.12223919 0.11641877 0 0 0.26328626 0.23865516 
140200 0.024591016 0.12220123 0.11592004 0 0 0.26268363 0.2381222 
140400 0.024525989 0.12216327 0.1154213 0 0 0.26208097 0.23758921 
140600 0.024460958 0.12212531 0.11492256 0 0 0.2614783 0.23705624 
140800 0.02439593 0.12208734 0.11442382 0 0 0.26087567 0.23652327 
141000 0.024330903 0.12204938 0.11392508 0 0 0.26027301 0.23599029 
141200 0.024265872 0.12201142 0.11342634 0 0 0.25967035 0.23545732 
141400 0.024200846 0.12197346 0.1129276 0 0 0.25906768 0.23492435 
141600 0.024135817 0.1219355 0.11242887 0 0 0.25846505 0.23439136 
141800 0.024070788 0.12189753 0.11193012 0 0 0.25786239 0.23385838 
142000 0.02400781 0.121861 0.1114542 0 0 0.25728685 0.23334536 
142200 0.023946881 0.1218259 0.1110011 0 0 0.25673845 0.23285228 
142400 0.023885954 0.1217908 0.110548 0 0 0.25619006 0.23235919 
142600 0.023825027 0.1217557 0.1100949 0 0 0.25564164 0.23186611 
142800 0.023764098 0.1217206 0.10964181 0 0 0.25509325 0.23137301 
143000 0.023703171 0.1216855 0.1091887 0 0 0.25454482 0.23087993 
143200 0.023642242 0.1216504 0.10873561 0 0 0.25399643 0.23038685 
143400 0.023581315 0.12161529 0.1082825 0 0 0.25344801 0.22989377 
143600 0.023520386 0.12158019 0.1078294 0 0 0.25289962 0.22940068 
143800 0.023459459 0.12154508 0.1073763 0 0 0.25235122 0.2289076 
144000 0.02339853 0.12150998 0.10692321 0 0 0.2518028 0.22841452 
144200 0.023337603 0.12147488 0.1064701 0 0 0.25125441 0.22792144 
144400 0.023276675 0.12143978 0.106017 0 0 0.25070599 0.22742836 
144600 0.023215747 0.12140468 0.1055639 0 0 0.25015759 0.22693528 
144800 0.023155915 0.12136619 0.10512349 0 0 0.24962279 0.22645572 
145000 0.023097176 0.12132432 0.10469577 0 0 0.24910161 0.2259897 
145200 0.023038439 0.12128244 0.10426806 0 0 0.24858043 0.22552367 
145400 0.022979701 0.12124057 0.10384034 0 0 0.24805926 0.22505763 
145600 0.022920962 0.1211987 0.10341263 0 0 0.24753807 0.22459161 
145800 0.022862226 0.12115683 0.10298491 0 0 0.24701689 0.22412558 
146000 0.022803487 0.12111495 0.1025572 0 0 0.24649571 0.22365956 
146200 0.022744749 0.12107309 0.10212947 0 0 0.24597453 0.22319353 
146400 0.022686012 0.12103122 0.10170176 0 0 0.24545336 0.22272751 
146600 0.022627274 0.12098935 0.10127404 0 0 0.24493216 0.22226147 
146800 0.022568535 0.12094747 0.10084633 0 0 0.24441099 0.22179545 
147000 0.022509798 0.1209056 0.10041861 0 0 0.24388981 0.22132941 
147200 0.022451062 0.12086373 0.099990897 0 0 0.24336863 0.22086339 
147400 0.022392323 0.12082186 0.099563181 0 0 0.24284744 0.22039735 
147600 0.02233598 0.12078422 0.099156395 0 0 0.24234825 0.21995461 
147800 0.022282034 0.12075079 0.098770544 0 0 0.24187107 0.21953516 
148000 0.022228086 0.12071738 0.098384693 0 0 0.24139391 0.21911569 
148200 0.022174139 0.12068396 0.097998843 0 0 0.24091673 0.21869624 
148400 0.022120193 0.12065054 0.097612992 0 0 0.24043956 0.21827677 
148600 0.022066245 0.12061713 0.097227134 0 0 0.23996238 0.2178573 
148800 0.022012299 0.12058371 0.096841283 0 0 0.2394852 0.21743783 
149000 0.021958351 0.1205503 0.096455432 0 0 0.23900802 0.21701838 
149200 0.021904403 0.12051688 0.096069582 0 0 0.23853086 0.21659891 
149400 0.021850457 0.12048347 0.095683731 0 0 0.23805368 0.21617946 
149600 0.02179651 0.12045005 0.09529788 0 0 0.23757651 0.21575999 
149800 0.021742562 0.12041663 0.09491203 0 0 0.23709933 0.21534054 
150000 0.021688616 0.12038321 0.094526172 0 0 0.23662215 0.21492107 
150200 0.021630472 0.120333 0.094116613 0 0 0.2360954 0.21445253 
150400 0.021572325 0.12028279 0.093707047 0 0 0.23556866 0.21398401 
150600 0.021521447 0.12024987 0.093352295 0 0 0.23512825 0.21359439 
150800 0.021470567 0.12021696 0.092997544 0 0 0.23468785 0.21320479 
151000 0.021419687 0.12018403 0.092642784 0 0 0.23424745 0.21281515 
151200 0.021368807 0.12015111 0.092288032 0 0 0.23380703 0.21242553 
151400 0.021317927 0.12011819 0.09193328 0 0 0.23336662 0.21203592 
151600 0.021267047 0.12008528 0.091578528 0 0 0.23292622 0.2116463 
151800 0.021216167 0.12005236 0.091223776 0 0 0.23248583 0.21125667 
152000 0.021165287 0.12001943 0.090869024 0 0 0.23204543 0.21086706 
152200 0.021114407 0.11998651 0.090514265 0 0 0.23160502 0.21047744 
152400 0.021063527 0.1199536 0.090159513 0 0 0.23116462 0.21008782 
152600 0.021012647 0.11992068 0.089804761 0 0 0.23072422 0.20969822 
152800 0.020961769 0.11988775 0.089450009 0 0 0.23028381 0.20930858 
153000 0.020910889 0.11985483 0.089095257 0 0 0.22984341 0.20891896 
153200 0.020860009 0.11982191 0.088740498 0 0 0.229403 0.20852934 
153400 0.020809129 0.119789 0.088385746 0 0 0.2289626 0.20813973 
153600 0.020759417 0.11974991 0.088051237 0 0 0.22854169 0.20776923 
153800 0.020709705 0.11971083 0.087716721 0 0 0.22812077 0.2073987 
154000 0.020659992 0.11967175 0.087382212 0 0 0.22769985 0.2070282 
154200 0.02061028 0.11963267 0.087047696 0 0 0.22727893 0.20665769 
154400 0.02056057 0.11959359 0.08671318 0 0 0.226858 0.20628718 
154600 0.020510858 0.11955451 0.086378664 0 0 0.22643709 0.20591667 
154800 0.020461146 0.11951543 0.086044148 0 0 0.22601619 0.20554617 
155000 0.020411434 0.11947636 0.085709639 0 0 0.22559527 0.20517564 
155200 0.020361722 0.11943728 0.085375123 0 0 0.22517435 0.20480514 
155400 0.020312009 0.11939819 0.085040607 0 0 0.22475342 0.20443463 
155600 0.020262297 0.11935911 0.084706098 0 0 0.22433251 0.20406412 
155800 0.020212585 0.11932003 0.084371582 0 0 0.22391158 0.20369361 
156000 0.020162873 0.11928096 0.084037066 0 0 0.22349067 0.20332311 
156200 0.020113163 0.11924187 0.083702557 0 0 0.22306976 0.20295258 
156400 0.020063451 0.11920279 0.083368033 0 0 0.22264884 0.20258208 
156600 0.020016219 0.11916787 0.083052538 0 0 0.22225173 0.20223323 
156800 0.01996899 0.11913296 0.082737043 0 0 0.22185461 0.20188436 
157000 0.019921761 0.11909804 0.082421541 0 0 0.2214575 0.20153549 
157200 0.019874532 0.11906312 0.082106046 0 0 0.2210604 0.20118664 
157400 0.019827303 0.1190282 0.081790544 0 0 0.22066328 0.20083778 
157600 0.019780073 0.11899329 0.081475049 0 0 0.22026616 0.20048892 
157800 0.019732842 0.11895836 0.081159554 0 0 0.21986906 0.20014006 
158000 0.019685613 0.11892345 0.080844052 0 0 0.21947195 0.19979121 
158200 0.019638384 0.11888853 0.080528557 0 0 0.21907483 0.19944234 
158400 0.019591153 0.11885361 0.080213055 0 0 0.21867771 0.19909348 
158600 0.019543925 0.11881869 0.07989756 0 0 0.21828061 0.19874462 
158800 0.019496694 0.11878377 0.079582065 0 0 0.2178835 0.19839576 
159000 0.019449465 0.11874886 0.079266563 0 0 0.21748638 0.19804691 
159200 0.019402236 0.11871394 0.078951068 0 0 0.21708927 0.19769804 
159400 0.019355007 0.11867902 0.078635566 0 0 0.21669216 0.19734918 
159600 0.019310221 0.11864104 0.07834813 0 0 0.21632306 0.19702202 
159800 0.019265437 0.11860307 0.078060694 0 0 0.21595396 0.19669485 
160000 0.019220652 0.1185651 0.077773258 0 0 0.21558486 0.1963677 
160200 0.019175868 0.11852713 0.077485822 0 0 0.21521576 0.19604053 
160400 0.019131083 0.11848915 0.077198394 0 0 0.21484666 0.19571337 
160600 0.019086299 0.11845119 0.076910958 0 0 0.21447757 0.19538622 
160800 0.019041516 0.11841321 0.076623522 0 0 0.21410847 0.19505906 
161000 0.01899673 0.11837524 0.076336086 0 0 0.21373937 0.19473189 
161200 0.018951947 0.11833727 0.07604865 0 0 0.21337026 0.19440474 
161400 0.018907161 0.1182993 0.075761214 0 0 0.21300116 0.19407757 
161600 0.018862378 0.11826132 0.075473778 0 0 0.21263206 0.19375041 
161800 0.018817592 0.11822335 0.075186342 0 0 0.21226296 0.19342324 
162000 0.018772809 0.11818538 0.074898906 0 0 0.21189387 0.19309609 
162200 0.018728025 0.1181474 0.074611478 0 0 0.21152477 0.19276892 
162400 0.01868324 0.11810943 0.074324034 0 0 0.21115567 0.19244176 
162600 0.01864003 0.11807408 0.074048862 0 0 0.21080078 0.1921304 
162800 0.018598394 0.11804134 0.073785953 0 0 0.21046014 0.19183484 
163000 0.018556759 0.11800861 0.073523037 0 0 0.21011947 0.19153927 
163200 0.018515125 0.11797588 0.073260128 0 0 0.20977882 0.19124371 
163400 0.018473489 0.11794314 0.07299722 0 0 0.20943817 0.19094814 
163600 0.018431854 0.1179104 0.072734304 0 0 0.20909752 0.19065258 
163800 0.018390218 0.11787767 0.072471395 0 0 0.20875686 0.19035701 
164000 0.018348584 0.11784493 0.072208479 0 0 0.20841622 0.19006145 
164200 0.018306948 0.11781219 0.07194557 0 0 0.20807557 0.18976589 
164400 0.018265313 0.11777946 0.071682654 0 0 0.2077349 0.18947032 
164600 0.018223677 0.11774672 0.071419738 0 0 0.20739426 0.18917476 
164800 0.018182041 0.11771399 0.07115683 0 0 0.2070536 0.18887919 
165000 0.018140407 0.11768126 0.070893914 0 0 0.20671296 0.18858363 
165200 0.018098772 0.11764852 0.070631005 0 0 0.20637229 0.18828806 
165400 0.018057138 0.11761578 0.070368089 0 0 0.20603165 0.1879925 
165600 0.018015502 0.11758304 0.07010518 0 0 0.20569099 0.18769693 
165800 0.017975185 0.11754867 0.069853619 0 0 0.20536509 0.18741108 
166000 0.017936189 0.11751266 0.069613405 0 0 0.20505397 0.18713492 
166200 0.017897192 0.11747664 0.06937319 0 0 0.20474283 0.18685877 
166400 0.017858196 0.11744063 0.069132976 0 0 0.2044317 0.18658262 
166600 0.0178192 0.11740462 0.068892762 0 0 0.20412056 0.18630648 
166800 0.017780203 0.1173686 0.068652548 0 0 0.20380943 0.18603033 
167000 0.017741207 0.11733259 0.068412334 0 0 0.2034983 0.18575418 
167200 0.017702211 0.11729658 0.06817212 0 0 0.20318717 0.18547803 
167400 0.017663214 0.11726056 0.067931905 0 0 0.20287602 0.18520188 
167600 0.017624218 0.11722455 0.067691691 0 0 0.2025649 0.18492572 
167800 0.017585222 0.11718854 0.067451477 0 0 0.20225376 0.18464959 
168000 0.017546225 0.11715252 0.06721127 0 0 0.20194264 0.18437342 
168200 0.017507229 0.11711651 0.066971056 0 0 0.20163149 0.18409728 
168400 0.017468233 0.11708049 0.066730842 0 0 0.20132037 0.18382113 
168600 0.017429236 0.11704448 0.066490628 0 0 0.20100923 0.18354498 
168800 0.01739024 0.11700847 0.066250414 0 0 0.20069809 0.18326883 
169000 0.017351244 0.11697245 0.066010199 0 0 0.20038696 0.18299268 
169200 0.017313644 0.11694136 0.065783918 0 0 0.20008649 0.18273063 
169400 0.017276047 0.11691024 0.065557636 0 0 0.19978601 0.18246858 
169600 0.017238447 0.11687914 0.065331355 0 0 0.19948553 0.18220653 
169800 0.017200848 0.11684803 0.065105073 0 0 0.19918504 0.18194447 
170000 0.017163249 0.11681692 0.064878792 0 0 0.19888458 0.18168242 
170200 0.017125649 0.11678582 0.06465251 0 0 0.19858409 0.18142037 
170400 0.01708805 0.11675471 0.064426228 0 0 0.19828363 0.18115832 
170600 0.017050451 0.1167236 0.064199947 0 0 0.19798315 0.18089627 
170800 0.017012851 0.1166925 0.063973665 0 0 0.19768266 0.18063422 
171000 0.016975252 0.11666139 0.063747384 0 0 0.19738218 0.18037216 
171200 0.016937654 0.11663029 0.063521102 0 0 0.19708171 0.18011011 
171400 0.016900055 0.11659917 0.06329482 0 0 0.19678123 0.17984807 
171600 0.016862456 0.11656807 0.063068539 0 0 0.19648077 0.17958602 
171800 0.016824856 0.11653696 0.062842257 0 0 0.19618028 0.17932397 
172000 0.016787257 0.11650586 0.062615976 0 0 0.1958798 0.17906192 
172200 0.016749658 0.11647475 0.06238969 0 0 0.19557932 0.17879987 
172400 0.016712669 0.11644112 0.062169913 0 0 0.19528607 0.17854495 
172600 0.016676288 0.11640496 0.061956633 0 0 0.19500002 0.17829721 
172800 0.016639911 0.1163688 0.061743356 0 0 0.19471399 0.17804945 
173000 0.016603531 0.11633264 0.06153008 0 0 0.19442795 0.1778017 
173200 0.016567152 0.11629648 0.061316799 0 0 0.19414192 0.17755394 
173400 0.016530773 0.11626031 0.061103527 0 0 0.19385588 0.17730619 
173600 0.016494393 0.11622415 0.06089025 0 0 0.19356985 0.17705843 
173800 0.016458014 0.11618799 0.06067697 0 0 0.19328381 0.17681068 
174000 0.016421635 0.11615183 0.060463693 0 0 0.19299778 0.17656292 
174200 0.016385255 0.11611567 0.060250416 0 0 0.19271174 0.17631517 
174400 0.016348876 0.11607951 0.060037136 0 0 0.1924257 0.17606741 
174600 0.016312497 0.11604335 0.059823859 0 0 0.19213967 0.17581967 
174800 0.016276117 0.11600719 0.059610583 0 0 0.19185363 0.1755719 
175000 0.016239738 0.11597103 0.059397303 0 0 0.1915676 0.17532416 
175200 0.016203359 0.11593487 0.059184026 0 0 0.19128156 0.1750764 
175400 0.016166979 0.11589871 0.058970749 0 0 0.19099553 0.17482865 
175600 0.0161306 0.11586255 0.058757469 0 0 0.19070949 0.17458089 
175800 0.016097534 0.11582845 0.058567245 0 0 0.19045697 0.17435919 
176000 0.016064467 0.11579436 0.05837702 0 0 0.19020447 0.17413749 
176200 0.016031399 0.11576027 0.058186796 0 0 0.18995196 0.1739158 
176400 0.015998334 0.11572617 0.057996571 0 0 0.18969946 0.1736941 
176600 0.015965268 0.11569207 0.057806343 0 0 0.18944694 0.1734724 
176800 0.0159322 0.11565798 0.057616118 0 0 0.18919443 0.17325072 
177000 0.015899135 0.11562388 0.057425894 0 0 0.18894193 0.17302902 
177200 0.015866067 0.11558979 0.057235669 0 0 0.18868943 0.17280732 
177400 0.015833002 0.1155557 0.057045441 0 0 0.18843691 0.17258564 
177600 0.015799936 0.1155216 0.05685522 0 0 0.18818441 0.17236394 
177800 0.015766868 0.11548752 0.056664992 0 0 0.1879319 0.17214225 
178000 0.015733803 0.11545341 0.056474771 0 0 0.1876794 0.17192055 
178200 0.015700735 0.11541932 0.056284543 0 0 0.18742688 0.17169885 
178400 0.015667669 0.11538523 0.056094319 0 0 0.18717436 0.17147717 
178600 0.015634602 0.11535113 0.055904094 0 0 0.18692186 0.17125547 
178800 0.015601535 0.11531704 0.055713866 0 0 0.18666935 0.17103378 
179000 0.01556847 0.11528295 0.055523645 0 0 0.18641685 0.17081209 
179200 0.01553598 0.11524885 0.05533931 0 0 0.18616626 0.17059495 
179400 0.015504069 0.11521476 0.055160869 0 0 0.1859176 0.1703824 
179600 0.015472158 0.11518066 0.054982431 0 0 0.18566895 0.17016983 
179800 0.015440247 0.11514657 0.054803994 0 0 0.18542029 0.16995727 
180000 0.015408335 0.11511247 0.054625548 0 0 0.18517163 0.1697447 
180200 0.015376424 0.11507837 0.054447111 0 0 0.18492298 0.16953215 
180400 0.015344514 0.11504428 0.054268669 0 0 0.18467432 0.16931958 
180600 0.015312603 0.11501019 0.054090232 0 0 0.18442565 0.16910702 
180800 0.015280692 0.11497609 0.05391179 0 0 0.184177 0.16889445 
181000 0.015248781 0.114942 0.053733353 0 0 0.18392836 0.16868189 
181200 0.01521687 0.11490791 0.053554911 0 0 0.1836797 0.16846934 
181400 0.015184958 0.11487381 0.05337647 0 0 0.18343104 0.16825677 
181600 0.015153047 0.11483971 0.053198028 0 0 0.18318239 0.16804421 
181800 0.015121136 0.11480562 0.053019591 0 0 0.18293373 0.16783164 
182000 0.015089225 0.11477152 0.052841149 0 0 0.18268508 0.16761908 
182200 0.015057314 0.11473743 0.052662712 0 0 0.18243641 0.16740653 
182400 0.015025403 0.11470333 0.052484274 0 0 0.18218775 0.16719395 
182600 0.014993493 0.11466925 0.052305829 0 0 0.1819391 0.1669814 
182800 0.014962788 0.11463501 0.052136879 0 0 0.18170902 0.16677733 
183000 0.014932083 0.11460078 0.051967926 0 0 0.18147893 0.16657324 
183200 0.014901377 0.11456655 0.05179897 0 0 0.18124884 0.16636917 
183400 0.014870673 0.11453231 0.051630016 0 0 0.18101875 0.16616508 
183600 0.014839968 0.11449807 0.051461063 0 0 0.18078868 0.16596101 
183800 0.014809263 0.11446384 0.05129211 0 0 0.18055859 0.16575694 
184000 0.014778557 0.11442961 0.051123157 0 0 0.18032852 0.16555285 
184200 0.014747852 0.11439538 0.050954204 0 0 0.18009843 0.16534878 
184400 0.014717148 0.11436114 0.050785251 0 0 0.17986834 0.16514471 
184600 0.014686443 0.11432692 0.050616298 0 0 0.17963825 0.16494064 
184800 0.014655738 0.11429268 0.050447345 0 0 0.17940818 0.16473655 
185000 0.014625033 0.11425844 0.050278392 0 0 0.17917809 0.16453248 
185200 0.014594329 0.11422421 0.050109439 0 0 0.17894801 0.16432841 
185400 0.014563623 0.11418997 0.049940482 0 0 0.17871793 0.16412432 
185600 0.014532919 0.11415574 0.049771529 0 0 0.17848784 0.16392025 
185800 0.014502213 0.11412151 0.049602576 0 0 0.17825775 0.16371618 
186000 0.014471509 0.11408728 0.049433623 0 0 0.17802767 0.1635121 
186200 0.014442005 0.11405397 0.049274005 0 0 0.17780709 0.16331939 
186400 0.014413701 0.11402158 0.049123727 0 0 0.17759603 0.16313806 
186600 0.014385399 0.1139892 0.048973449 0 0 0.17738497 0.16295673 
186800 0.014357097 0.11395682 0.04882317 0 0 0.17717391 0.16277538 
187000 0.014328794 0.11392444 0.048672888 0 0 0.17696285 0.16259405 
187200 0.014300492 0.11389206 0.048522614 0 0 0.17675179 0.16241272 
187400 0.014272188 0.11385967 0.048372332 0 0 0.17654073 0.16223137 
187600 0.014243886 0.11382729 0.048222054 0 0 0.17632967 0.16205004 
187800 0.014215582 0.11379491 0.048071776 0 0 0.17611861 0.16186871 
188000 0.01418728 0.11376252 0.047921497 0 0 0.17590754 0.16168736 
188200 0.014158977 0.11373014 0.047771215 0 0 0.17569648 0.16150603 
188400 0.014130674 0.11369775 0.047620941 0 0 0.17548542 0.16132469 
188600 0.014102371 0.11366537 0.047470659 0 0 0.17527436 0.16114335 
188800 0.014074069 0.11363299 0.047320381 0 0 0.1750633 0.16096202 
189000 0.014045766 0.11360061 0.047170103 0 0 0.17485224 0.16078068 
189200 0.014017463 0.11356822 0.047019824 0 0 0.17464116 0.16059934 
189400 0.01398916 0.11353584 0.046869546 0 0 0.1744301 0.160418 
189600 0.013960858 0.11350346 0.046719268 0 0 0.17421904 0.16023667 
189800 0.013932554 0.11347108 0.046568986 0 0 0.17400798 0.16005532 
190000 0.013905349 0.11343826 0.046427313 0 0 0.17380539 0.15988101 
190200 0.013878144 0.11340544 0.04628564 0 0 0.17360277 0.1597067 
190400 0.013850939 0.11337262 0.046143968 0 0 0.17340018 0.15953237 
190600 0.013823734 0.1133398 0.046002295 0 0 0.17319758 0.15935805 
190800 0.013796528 0.11330698 0.045860622 0 0 0.17299497 0.15918373 
191000 0.013769324 0.11327416 0.045718949 0 0 0.17279238 0.15900941 
191200 0.013742118 0.11324134 0.045577276 0 0 0.17258978 0.1588351 
191400 0.013714913 0.11320852 0.0454356 0 0 0.17238718 0.15866078 
191600 0.013687707 0.1131757 0.045293927 0 0 0.17218457 0.15848646 
191800 0.013660503 0.11314288 0.045152254 0 0 0.17198198 0.15831214 
192000 0.013633298 0.11311006 0.045010582 0 0 0.17177938 0.15813781 
192200 0.013606092 0.11307724 0.044868909 0 0 0.17157677 0.1579635 
192400 0.013578887 0.11304443 0.044727236 0 0 0.17137417 0.15778919 
192600 0.013551682 0.1130116 0.044585563 0 0 0.17117156 0.15761486 
192800 0.013524476 0.11297878 0.04444389 0 0 0.17096896 0.15744054 
193000 0.013497272 0.11294596 0.044302218 0 0 0.17076637 0.15726623 
193200 0.013470067 0.11291314 0.044160545 0 0 0.17056377 0.1570919 
193400 0.013442862 0.11288033 0.044018868 0 0 0.17036116 0.15691759 
193600 0.01341652 0.11284815 0.043882798 0 0 0.17016686 0.15674919 
193800 0.013391045 0.11281661 0.043752328 0 0 0.16998087 0.15658674 
194000 0.013365569 0.11278509 0.043621857 0 0 0.16979489 0.15642427 
194200 0.013340093 0.11275356 0.043491386 0 0 0.16960888 0.1562618 
194400 0.013314618 0.11272202 0.043360919 0 0 0.16942289 0.15609935 
194600 0.013289141 0.11269049 0.043230448 0 0 0.1692369 0.15593688 
194800 0.013263665 0.11265896 0.043099973 0 0 0.1690509 0.15577443 
195000 0.01323819 0.11262743 0.042969506 0 0 0.16886491 0.15561196 
195200 0.013212714 0.1125959 0.042839035 0 0 0.16867891 0.15544951 
195400 0.013187238 0.11256437 0.042708565 0 0 0.16849291 0.15528704 
195600 0.013161762 0.11253284 0.042578094 0 0 0.16830692 0.15512457 
195800 0.013136287 0.11250131 0.042447623 0 0 0.16812092 0.15496212 
196000 0.013110811 0.11246978 0.042317156 0 0 0.16793494 0.15479966 
196200 0.013085335 0.11243825 0.042186685 0 0 0.16774893 0.15463719 
196400 0.013059858 0.11240672 0.042056214 0 0 0.16756295 0.15447474 
196600 0.013034383 0.11237518 0.041925743 0 0 0.16737695 0.15431227 
196800 0.013008907 0.11234365 0.041795272 0 0 0.16719095 0.1541498 
197000 0.012983431 0.11231213 0.041664802 0 0 0.16700496 0.15398735 
197200 0.012957955 0.11228059 0.041534331 0 0 0.16681896 0.15382488 
197400 0.012932897 0.11224954 0.041407578 0 0 0.16663559 0.15366715 
197600 0.012908254 0.11221895 0.041284539 0 0 0.16645485 0.15351415 
197800 0.012883611 0.11218838 0.0411615 0 0 0.16627412 0.15336113 
198000 0.012858968 0.1121578 0.041038457 0 0 0.16609336 0.15320812 
198200 0.012834326 0.11212721 0.040915418 0 0 0.16591263 0.15305512 
198400 0.012809684 0.11209664 0.04079238 0 0 0.16573188 0.15290211 
198600 0.012785042 0.11206605 0.040669341 0 0 0.16555113 0.15274911 
198800 0.012760399 0.11203547 0.040546302 0 0 0.16537039 0.1525961 
199000 0.012735756 0.11200489 0.040423263 0 0 0.16518965 0.15244308 
199200 0.012711113 0.11197431 0.04030022 0 0 0.1650089 0.15229008 
199400 0.012686471 0.11194373 0.040177181 0 0 0.16482815 0.15213707 
199600 0.012661829 0.11191314 0.040054142 0 0 0.16464742 0.15198407 
199800 0.012637186 0.11188256 0.039931104 0 0 0.16446666 0.15183105 
200000 0.012612544 0.11185199 0.039808065 0 0 0.16428593 0.15167804 
