1000 1.16362 0.0126437 2729.87 0 0 2730.67 2729.88 
1200 1.11717 0.0173749 1652.92 0 0 1654.03 1652.92 
1400 1.07161 0.022565 1076.53 0 0 1077.65 1076.54 
1600 1.02337 0.0280037 738.728 0 0 739.719 738.752 
1800 0.972948 0.0335413 527.55 0 0 528.58 527.606 
2000 0.922322 0.0391184 388.54 0 0 389.47 388.579 
2200 0.872812 0.0446447 294.367 0 0 295.278 294.409 
2400 0.825054 0.0500606 228.176 0 0 229.025 228.219 
2600 0.779799 0.0553401 180.226 0 0 181.065 180.282 
2800 0.736771 0.0604284 144.665 0 0 145.489 144.754 
3000 0.696157 0.0653386 117.767 0 0 118.512 117.819 
3200 0.657877 0.0700205 97.1169 0 0 97.8138 97.1716 
3400 0.622331 0.0744947 80.9593 0 0 81.6446 81.0441 
3600 0.5892 0.078712 68.1342 0 0 68.8087 68.2028 
3800 0.55838 0.0827079 57.868 0 0 58.512 57.9526 
4000 0.529692 0.0864845 49.5158 0 0 50.1354 49.6041 
4200 0.503193 0.0900153 42.7099 0 0 43.3064 42.7991 
4400 0.478558 0.0933797 37.0592 0 0 37.6314 37.1513 
4600 0.45563 0.0964919 32.3375 0 0 32.8873 32.4305 
4800 0.43454 0.0994439 28.3865 0 0 28.9152 28.4834 
5000 0.414854 0.102225 25.0327 0 0 25.5533 25.1329 
5200 0.396675 0.104832 22.1974 0 0 22.6976 22.2996 
5400 0.379687 0.107278 19.747 0 0 20.238 19.8583 
5600 0.363891 0.109572 17.6467 0 0 18.1229 17.7594 
5800 0.349283 0.111748 15.8335 0 0 16.295 15.9436 
6000 0.335531 0.113817 14.2465 0 0 14.6951 14.3605 
6200 0.322808 0.115758 12.8731 0 0 13.3126 12.9911 
6400 0.310817 0.117601 11.656 0 0 12.085 11.774 
6600 0.299573 0.119341 10.5946 0 0 11.0142 10.7136 
6800 0.289036 0.120993 9.6461 0 0 10.0566 9.76897 
7000 0.27918 0.122574 8.81519 0 0 9.21719 8.93768 
7200 0.269882 0.124069 8.06566 0 0 8.45931 8.19042 
7400 0.261101 0.125527 7.4056 0 0 7.79282 7.53204 
7600 0.252818 0.126882 6.8085 0 0 7.18808 6.93561 
7800 0.245044 0.128187 6.27691 0 0 6.65019 6.40501 
8000 0.237639 0.12945 5.79321 0 0 6.16039 5.92259 
8200 0.230689 0.130665 5.36268 0 0 5.72414 5.49367 
8400 0.224027 0.131835 4.96817 0 0 5.32358 5.09978 
8600 0.217734 0.132926 4.61334 0 0 4.96415 4.74589 
8800 0.211757 0.134005 4.29054 0 0 4.63654 4.42437 
9000 0.20606 0.135045 3.99596 0 0 4.33743 4.13132 
9200 0.200623 0.136048 3.72745 0 0 4.06427 3.86342 
9400 0.195442 0.137011 3.48146 0 0 3.81394 3.61868 
9600 0.190465 0.137956 3.2559 0 0 3.58444 3.39383 
9800 0.185728 0.138836 3.04915 0 0 3.37379 3.18786 
10000 0.181185 0.139725 2.85908 0 0 3.18041 2.9986 
10200 0.176914 0.140578 2.68846 0 0 3.00582 2.8284 
10400 0.172557 0.141426 2.52064 0 0 2.83424 2.66142 
10600 0.168666 0.142193 2.37614 0 0 2.68674 2.51841 
10800 0.164876 0.142955 2.24044 0 0 2.54836 2.38418 
11000 0.161132 0.143714 2.11309 0 0 2.41762 2.25655 
11200 0.157476 0.144472 1.99206 0 0 2.29387 2.13682 
11400 0.154026 0.145193 1.88271 0 0 2.18178 2.02783 
11600 0.150768 0.145865 1.78319 0 0 2.07974 1.92889 
11800 0.147532 0.146552 1.68718 0 0 1.98133 1.83366 
12000 0.144428 0.147217 1.59841 0 0 1.89016 1.74555 
12200 0.141453 0.147845 1.51673 0 0 1.80603 1.66443 
12400 0.138478 0.148479 1.43767 0 0 1.72453 1.5861 
12600 0.135774 0.149066 1.36803 0 0 1.65263 1.51692 
12800 0.132994 0.149672 1.29958 0 0 1.58209 1.44918 
13000 0.130322 0.150247 1.23588 0 0 1.51636 1.38598 
13200 0.127778 0.150806 1.17683 0 0 1.45536 1.32746 
13400 0.125333 0.151358 1.12154 0 0 1.3982 1.27281 
13600 0.122912 0.151883 1.06899 0 0 1.3438 1.2207 
13800 0.120602 0.152395 1.02069 0 0 1.29372 1.17304 
14000 0.118336 0.152901 0.974583 0 0 1.24589 1.12751 
14200 0.116112 0.1534 0.930553 0 0 1.20017 1.08398 
14400 0.113993 0.153885 0.890049 0 0 1.15803 1.04405 
14600 0.111906 0.15435 0.851385 0 0 1.11768 1.00582 
14800 0.109861 0.154809 0.814429 0 0 1.07905 0.969238 
15000 0.107876 0.155269 0.779507 0 0 1.04249 0.934679 
15200 0.105979 0.155707 0.747414 0 0 1.00895 0.902919 
15400 0.104092 0.156135 0.716246 0 0 0.976355 0.872228 
15600 0.102252 0.156554 0.686697 0 0 0.945527 0.843287 
15800 0.100502 0.156962 0.659684 0 0 0.917141 0.816633 
16000 0.0987796 0.157358 0.633477 0 0 0.88955 0.790786 
16200 0.0970914 0.157736 0.608279 0 0 0.862958 0.76597 
16400 0.095418 0.158118 0.584323 0 0 0.837767 0.742345 
16600 0.0937866 0.15849 0.561437 0 0 0.813685 0.719806 
16800 0.092247 0.158838 0.540538 0 0 0.791616 0.699308 
17000 0.090718 0.159189 0.520408 0 0 0.770355 0.679636 
17200 0.0891948 0.159541 0.500691 0 0 0.749528 0.660408 
17400 0.087727 0.15989 0.482222 0 0 0.729903 0.6422 
17600 0.0862989 0.160225 0.464484 0 0 0.711067 0.624734 
17800 0.0849441 0.160536 0.448101 0 0 0.693698 0.608647 
18000 0.0835969 0.160841 0.43231 0 0 0.676874 0.59317 
18200 0.0822548 0.161141 0.416915 0 0 0.660414 0.578098 
18400 0.0809351 0.161429 0.402346 0 0 0.644696 0.563798 
18600 0.0796318 0.161715 0.388077 0 0 0.629297 0.549792 
18800 0.0784409 0.161998 0.375194 0 0 0.615596 0.537214 
19000 0.0772512 0.162277 0.362518 0 0 0.602066 0.524829 
19200 0.0760646 0.162542 0.350467 0 0 0.589049 0.513028 
19400 0.0748904 0.162804 0.338703 0 0 0.576353 0.501507 
19600 0.0737347 0.163062 0.327371 0 0 0.564139 0.490408 
19800 0.0726158 0.163303 0.316663 0 0 0.55257 0.479936 
20000 0.0715271 0.163531 0.306466 0 0 0.541529 0.469978 
20200 0.0704685 0.163765 0.296831 0 0 0.53108 0.460621 
20400 0.0694233 0.163992 0.287358 0 0 0.52077 0.451352 
20600 0.0684012 0.164212 0.278395 0 0 0.510987 0.442608 
20800 0.0673916 0.164429 0.269706 0 0 0.501489 0.434147 
21000 0.066427 0.16463 0.261487 0 0 0.492496 0.426119 
21200 0.0654867 0.164823 0.253521 0 0 0.483776 0.418324 
21400 0.0645621 0.165013 0.245954 0 0 0.475473 0.410937 
21600 0.0636481 0.165201 0.238655 0 0 0.467446 0.403822 
21800 0.0627393 0.16538 0.231576 0 0 0.459649 0.396916 
22000 0.0618358 0.16555 0.224719 0 0 0.45208 0.390217 
22200 0.0609558 0.165724 0.218076 0 0 0.444744 0.383756 
22400 0.0601108 0.165902 0.211755 0 0 0.437757 0.377652 
22600 0.0592763 0.166074 0.205571 0 0 0.430916 0.371669 
22800 0.0584735 0.166229 0.199796 0 0 0.424514 0.366049 
23000 0.057672 0.166383 0.194045 0 0 0.418136 0.360451 
23200 0.0568934 0.166522 0.188757 0 0 0.412214 0.355296 
23400 0.0561148 0.166661 0.18347 0 0 0.406293 0.35014 
23600 0.0553721 0.166794 0.178505 0 0 0.40071 0.345326 
23800 0.0546383 0.166926 0.173622 0 0 0.395212 0.340598 
24000 0.0539209 0.167055 0.168946 0 0 0.389942 0.33605 
24200 0.0532197 0.167181 0.164478 0 0 0.384899 0.331682 
24400 0.0525233 0.167307 0.160063 0 0 0.379908 0.327372 
24600 0.0518543 0.167429 0.155946 0 0 0.37521 0.323395 
24800 0.0511852 0.167552 0.15183 0 0 0.370512 0.319417 
25000 0.0505273 0.167662 0.147899 0 0 0.366039 0.31558 
25200 0.0498732 0.167768 0.14403 0 0 0.36164 0.311791 
25400 0.0492343 0.167871 0.140299 0 0 0.357389 0.308149 
25600 0.0486236 0.167968 0.136822 0 0 0.353411 0.304783 
25800 0.0480129 0.168065 0.133345 0 0 0.349433 0.301417 
26000 0.0474155 0.168152 0.130041 0 0 0.345631 0.29819 
26200 0.0468204 0.168236 0.126767 0 0 0.34186 0.294988 
26400 0.0462385 0.168323 0.123604 0 0 0.3382 0.291905 
26600 0.0456812 0.168415 0.120646 0 0 0.334747 0.28904 
26800 0.0451238 0.168507 0.117689 0 0 0.331294 0.286176 
27000 0.044578 0.168578 0.114871 0 0 0.328015 0.283442 
27200 0.0440361 0.168642 0.112099 0 0 0.324794 0.280751 
27400 0.0434993 0.168707 0.109367 0 0 0.321611 0.278097 
27600 0.0429918 0.16878 0.106859 0 0 0.318643 0.275654 
27800 0.0424844 0.168852 0.104351 0 0 0.315676 0.273211 
28000 0.0419836 0.168918 0.101912 0 0 0.312788 0.270832 
28200 0.0414909 0.168975 0.0995576 0 0 0.309999 0.268533 
28400 0.0409982 0.169031 0.097203 0 0 0.30721 0.266234 
28600 0.040526 0.169088 0.09502 0 0 0.304625 0.264106 
28800 0.0400607 0.169144 0.0928941 0 0 0.302108 0.262035 
29000 0.0395955 0.1692 0.0907682 0 0 0.29959 0.259963 
29200 0.0391534 0.169239 0.088798 0 0 0.297222 0.258033 
29400 0.0387126 0.169276 0.086836 0 0 0.294861 0.25611 
29600 0.0382729 0.169315 0.0848844 0 0 0.292511 0.254199 
29800 0.0378429 0.169362 0.0830273 0 0 0.29025 0.252389 
30000 0.037413 0.169409 0.0811701 0 0 0.28799 0.250579 
30200 0.0369898 0.169456 0.0794025 0 0 0.285839 0.248831 
30400 0.0365882 0.16948 0.0777254 0 0 0.283787 0.247201 
30600 0.0361867 0.169503 0.0760483 0 0 0.281736 0.24557 
30800 0.0357895 0.169529 0.0744119 0 0 0.279732 0.243972 
31000 0.0354024 0.16956 0.0728708 0 0 0.27784 0.242452 
31200 0.0350154 0.169592 0.0713297 0 0 0.275948 0.240933 
31400 0.0346362 0.169619 0.0698308 0 0 0.274098 0.239455 
31600 0.0342755 0.169638 0.0684302 0 0 0.272346 0.238078 
31800 0.0339148 0.169656 0.0670296 0 0 0.270595 0.2367 
32000 0.0335559 0.169675 0.0656459 0 0 0.268864 0.235337 
32200 0.0332042 0.169694 0.0643294 0 0 0.267217 0.234031 
32400 0.0328526 0.169713 0.0630129 0 0 0.26557 0.232724 
32600 0.0325031 0.169731 0.0617085 0 0 0.263936 0.231431 
32800 0.0321733 0.169734 0.0605135 0 0 0.262425 0.230249 
33000 0.0318435 0.169737 0.0593184 0 0 0.260913 0.229068 
33200 0.0315137 0.16974 0.0581234 0 0 0.259401 0.227887 
33400 0.0311951 0.169753 0.0570098 0 0 0.257973 0.226773 
33600 0.0308778 0.169768 0.0559053 0 0 0.256554 0.225667 
33800 0.0305605 0.169782 0.0548007 0 0 0.255135 0.224561 
34000 0.0302532 0.169781 0.0537512 0 0 0.253776 0.223514 
34200 0.0299513 0.169771 0.0527313 0 0 0.252449 0.222499 
34400 0.0296494 0.169762 0.0517113 0 0 0.251122 0.221484 
34600 0.0293535 0.169755 0.0507228 0 0 0.249833 0.220497 
34800 0.0290686 0.169754 0.0497925 0 0 0.248615 0.219562 
35000 0.0287838 0.169754 0.0488623 0 0 0.247397 0.218627 
35200 0.028499 0.169753 0.047932 0 0 0.246179 0.217692 
35400 0.0282217 0.16974 0.047057 0 0 0.245022 0.216801 
35600 0.0279449 0.169727 0.0461849 0 0 0.243868 0.215912 
35800 0.0276681 0.169714 0.0453129 0 0 0.242714 0.215023 
36000 0.0274026 0.169701 0.0444886 0 0 0.241612 0.214185 
36200 0.0271465 0.169689 0.0437036 0 0 0.240553 0.213389 
36400 0.0268904 0.169676 0.0429185 0 0 0.239494 0.212593 
36600 0.0266343 0.169663 0.0421334 0 0 0.238435 0.211797 
36800 0.0263863 0.16965 0.041399 0 0 0.237433 0.211043 
37000 0.0261384 0.169637 0.0406646 0 0 0.236431 0.210288 
37200 0.0258905 0.169624 0.0399301 0 0 0.235428 0.209534 
37400 0.0256485 0.169606 0.0392231 0 0 0.234462 0.208808 
37600 0.0254138 0.169581 0.0385494 0 0 0.233539 0.208117 
37800 0.0251791 0.169556 0.0378758 0 0 0.232616 0.207427 
38000 0.0249445 0.169531 0.0372022 0 0 0.231692 0.206736 
38200 0.0247206 0.169512 0.0365777 0 0 0.230822 0.206088 
38400 0.0244994 0.169495 0.0359655 0 0 0.229965 0.205451 
38600 0.0242782 0.169478 0.0353534 0 0 0.229107 0.204813 
38800 0.0240573 0.169459 0.034743 0 0 0.228252 0.204178 
39000 0.0238423 0.169425 0.0341672 0 0 0.227432 0.20358 
39200 0.0236273 0.169391 0.0335913 0 0 0.226611 0.202982 
39400 0.0234124 0.169356 0.0330154 0 0 0.225791 0.202384 
39600 0.0232015 0.169324 0.0324543 0 0 0.224988 0.201795 
39800 0.0230004 0.169299 0.0319275 0 0 0.224226 0.201228 
40000 0.0227993 0.169274 0.0314007 0 0 0.223464 0.200661 
40200 0.0226015 0.16924 0.0308911 0 0 0.222727 0.20013 
40400 0.0224065 0.169206 0.0303932 0 0 0.222003 0.199607 
40600 0.0222159 0.169171 0.0299126 0 0 0.221298 0.199095 
40800 0.0220252 0.169136 0.029432 0 0 0.220593 0.198582 
41000 0.0218345 0.169101 0.0289514 0 0 0.219887 0.19807 
41200 0.0216472 0.169065 0.0284876 0 0 0.2192 0.197571 
41400 0.021464 0.169027 0.0280442 0 0 0.218536 0.19709 
41600 0.0212807 0.16899 0.0276009 0 0 0.217872 0.196609 
41800 0.0210975 0.168953 0.0271576 0 0 0.217207 0.196128 
42000 0.020919 0.168915 0.0267303 0 0 0.216564 0.19566 
42200 0.0207463 0.168878 0.0263225 0 0 0.215947 0.195209 
42400 0.0205736 0.168842 0.0259147 0 0 0.215329 0.194757 
42600 0.0204008 0.168805 0.025507 0 0 0.214712 0.194306 
42800 0.0202308 0.168767 0.0251094 0 0 0.214105 0.193867 
43000 0.0200657 0.168729 0.0247307 0 0 0.213517 0.193451 
43200 0.0199005 0.168691 0.0243521 0 0 0.212928 0.193035 
43400 0.0197354 0.168652 0.0239735 0 0 0.21234 0.192619 
43600 0.0195725 0.168613 0.0236022 0 0 0.211762 0.192208 
43800 0.0194182 0.168567 0.0232603 0 0 0.211223 0.191817 
44000 0.0192639 0.168522 0.0229185 0 0 0.210685 0.191427 
44200 0.0191096 0.168476 0.0225767 0 0 0.210146 0.191037 
44400 0.0189553 0.168431 0.0222348 0 0 0.209608 0.190646 
44600 0.0188047 0.168383 0.0219124 0 0 0.209088 0.190278 
44800 0.0186546 0.168335 0.0215921 0 0 0.208569 0.189912 
45000 0.0185045 0.168287 0.0212717 0 0 0.208051 0.189547 
45200 0.0183543 0.168239 0.0209514 0 0 0.207533 0.189181 
45400 0.0182102 0.168188 0.0206485 0 0 0.207035 0.188833 
45600 0.0180701 0.168134 0.0203571 0 0 0.206552 0.188495 
45800 0.01793 0.16808 0.0200657 0 0 0.206068 0.188158 
46000 0.0177899 0.168026 0.0197743 0 0 0.205585 0.187821 
46200 0.0176507 0.167974 0.0194862 0 0 0.205106 0.187485 
46400 0.0175169 0.167927 0.0192167 0 0 0.204655 0.18716 
46600 0.0173831 0.167881 0.0189472 0 0 0.204204 0.186836 
46800 0.0172493 0.167835 0.0186777 0 0 0.203752 0.186511 
47000 0.0171156 0.167789 0.0184081 0 0 0.203301 0.186186 
47200 0.0169861 0.167737 0.0181525 0 0 0.202866 0.185876 
47400 0.0168589 0.167682 0.0179043 0 0 0.20244 0.185575 
47600 0.0167317 0.167627 0.0176561 0 0 0.202014 0.185273 
47800 0.0166046 0.167573 0.0174079 0 0 0.201589 0.184971 
48000 0.0164777 0.167518 0.0171608 0 0 0.201164 0.18467 
48200 0.0163571 0.167464 0.0169335 0 0 0.200764 0.184388 
48400 0.0162365 0.167411 0.0167061 0 0 0.200364 0.184105 
48600 0.0161158 0.167357 0.0164788 0 0 0.199964 0.183822 
48800 0.0159952 0.167303 0.0162515 0 0 0.199565 0.183539 
49000 0.0158769 0.16725 0.0160308 0 0 0.199172 0.183264 
49200 0.015763 0.167198 0.0158225 0 0 0.198794 0.183003 
49400 0.0156491 0.167145 0.0156142 0 0 0.198416 0.182741 
49600 0.0155352 0.167093 0.0154059 0 0 0.198038 0.18248 
49800 0.0154213 0.16704 0.0151976 0 0 0.19766 0.182219 
50000 0.0153086 0.166968 0.0149911 0 0 0.19726 0.181961 
50200 0.0151998 0.16691 0.0147987 0 0 0.196899 0.181707 
50400 0.015091 0.166851 0.0146064 0 0 0.196537 0.181452 
50600 0.0149822 0.166793 0.0144141 0 0 0.196176 0.181197 
50800 0.0148734 0.166735 0.0142218 0 0 0.195814 0.180943 
51000 0.014769 0.166676 0.0140407 0 0 0.195471 0.180702 
51200 0.0146664 0.166616 0.0138644 0 0 0.195135 0.180467 
51400 0.0145639 0.166557 0.0136881 0 0 0.1948 0.180232 
51600 0.0144613 0.166497 0.0135118 0 0 0.194464 0.179997 
51800 0.0143588 0.166438 0.0133355 0 0 0.194129 0.179762 
52000 0.0142592 0.166377 0.0131676 0 0 0.193805 0.179538 
52200 0.014161 0.166315 0.0130032 0 0 0.193487 0.179318 
52400 0.0140628 0.166254 0.0128388 0 0 0.193168 0.179098 
52600 0.0139645 0.166192 0.0126745 0 0 0.19285 0.178878 
52800 0.0138663 0.166131 0.0125101 0 0 0.192531 0.178658 
53000 0.0137721 0.166072 0.0123557 0 0 0.192222 0.178446 
53200 0.01368 0.166014 0.0122066 0 0 0.191917 0.178237 
53400 0.0135879 0.165957 0.0120576 0 0 0.191612 0.178029 
53600 0.0134958 0.165899 0.0119085 0 0 0.191308 0.17782 
53800 0.0134037 0.165842 0.0117594 0 0 0.191003 0.177612 
54000 0.0133133 0.16578 0.0116152 0 0 0.190705 0.177405 
54200 0.0132251 0.165713 0.0114768 0 0 0.190414 0.177201 
54400 0.0131369 0.165645 0.0113384 0 0 0.190123 0.176997 
54600 0.0130486 0.165578 0.0112001 0 0 0.189832 0.176793 
54800 0.0129604 0.165511 0.0110617 0 0 0.189542 0.176588 
55000 0.0128729 0.165446 0.0109255 0 0 0.189255 0.176387 
55200 0.0127886 0.165388 0.0107978 0 0 0.188982 0.176198 
55400 0.0127043 0.16533 0.0106701 0 0 0.188709 0.176009 
55600 0.01262 0.165272 0.0105425 0 0 0.188437 0.17582 
55800 0.0125357 0.165214 0.0104148 0 0 0.188164 0.175631 
56000 0.0124514 0.165156 0.0102872 0 0 0.187891 0.175442 
56200 0.0123722 0.165092 0.0101692 0 0 0.187629 0.175259 
56400 0.012294 0.165027 0.010053 0 0 0.187368 0.175077 
56600 0.0122157 0.164962 0.00993679 0 0 0.187107 0.174894 
56800 0.0121375 0.164897 0.00982057 0 0 0.186846 0.174712 
57000 0.0120592 0.164832 0.00970435 0 0 0.186585 0.17453 
57200 0.0119819 0.164765 0.00959137 0 0 0.186329 0.174351 
57400 0.0119064 0.164695 0.00948437 0 0 0.186081 0.174177 
57600 0.0118309 0.164625 0.00937737 0 0 0.185834 0.174003 
57800 0.0117554 0.164555 0.00927038 0 0 0.185586 0.173828 
58000 0.0116799 0.164485 0.00916338 0 0 0.185339 0.173654 
58200 0.0116044 0.164415 0.00905638 0 0 0.185091 0.17348 
58400 0.0115324 0.16435 0.0089557 0 0 0.18485 0.173314 
58600 0.0114616 0.164287 0.00885713 0 0 0.184612 0.17315 
58800 0.0113907 0.164225 0.00875856 0 0 0.184373 0.172987 
59000 0.0113199 0.164162 0.00865999 0 0 0.184134 0.172823 
59200 0.0112491 0.164099 0.00856142 0 0 0.183895 0.17266 
59400 0.0111783 0.164036 0.00846309 0 0 0.183658 0.172496 
59600 0.0111092 0.163969 0.00836941 0 0 0.183437 0.172334 
59800 0.0110401 0.163902 0.00827573 0 0 0.183217 0.172172 
60000 0.0109709 0.163835 0.00818205 0 0 0.182996 0.17201 
60200 0.0109043 0.163764 0.00809338 0 0 0.182766 0.171856 
60400 0.0108376 0.163693 0.00800472 0 0 0.182536 0.171702 
60600 0.0107715 0.163624 0.00791737 0 0 0.18231 0.171548 
60800 0.0107071 0.163562 0.00783397 0 0 0.182097 0.171395 
61000 0.0106427 0.1635 0.00775056 0 0 0.181885 0.171242 
61200 0.0105784 0.163437 0.00766716 0 0 0.181672 0.171089 
61400 0.010514 0.163375 0.00758376 0 0 0.18146 0.170936 
61600 0.0104497 0.163313 0.00750036 0 0 0.181247 0.170783 
61800 0.0103868 0.163249 0.00741921 0 0 0.181038 0.170634 
62000 0.0103266 0.163181 0.00734226 0 0 0.180834 0.170494 
62200 0.0102664 0.163113 0.0072653 0 0 0.180631 0.170353 
62400 0.0102062 0.163045 0.00718834 0 0 0.180427 0.170212 
62600 0.010146 0.162977 0.00711139 0 0 0.180223 0.170072 
62800 0.0100859 0.162909 0.00703443 0 0 0.18002 0.169931 
63000 0.0100264 0.16284 0.00695931 0 0 0.179818 0.169791 
63200 0.00996848 0.162769 0.00688848 0 0 0.179618 0.169653 
63400 0.00991059 0.162697 0.00681764 0 0 0.179419 0.169515 
63600 0.0098527 0.162626 0.0067468 0 0 0.17922 0.169377 
63800 0.0097948 0.162554 0.00667596 0 0 0.179021 0.169238 
64000 0.00973691 0.162483 0.00660513 0 0 0.178821 0.1691 
64200 0.0096795 0.162412 0.00653514 0 0 0.178624 0.168962 
64400 0.00962478 0.162346 0.00646996 0 0 0.178437 0.168829 
64600 0.00957005 0.16228 0.00640478 0 0 0.178249 0.168696 
64800 0.00951533 0.162214 0.0063396 0 0 0.178062 0.168563 
65000 0.00946061 0.162148 0.00627443 0 0 0.177875 0.16843 
65200 0.00940589 0.162082 0.00620925 0 0 0.177688 0.168297 
65400 0.00935117 0.162016 0.00614407 0 0 0.1775 0.168164 
65600 0.00929927 0.161945 0.00608377 0 0 0.177319 0.168035 
65800 0.00924768 0.161873 0.006024 0 0 0.177138 0.167907 
66000 0.0091961 0.161802 0.00596424 0 0 0.176958 0.167779 
66200 0.00914451 0.16173 0.00590448 0 0 0.176777 0.167651 
66400 0.00909292 0.161658 0.00584472 0 0 0.176596 0.167522 
66600 0.00904134 0.161587 0.00578496 0 0 0.176416 0.167394 
66800 0.00899095 0.161519 0.00572771 0 0 0.176241 0.167268 
67000 0.00894178 0.161456 0.00567296 0 0 0.176072 0.167144 
67200 0.00889261 0.161393 0.00561822 0 0 0.175903 0.167019 
67400 0.00884343 0.16133 0.00556348 0 0 0.175734 0.166895 
67600 0.00879426 0.161266 0.00550874 0 0 0.175565 0.166771 
67800 0.00874508 0.161203 0.00545399 0 0 0.175396 0.166646 
68000 0.00869591 0.16114 0.00539925 0 0 0.175227 0.166522 
68200 0.00864944 0.161071 0.00534844 0 0 0.175061 0.166406 
68400 0.00860312 0.161002 0.00529785 0 0 0.174896 0.16629 
68600 0.00855679 0.160933 0.00524725 0 0 0.17473 0.166174 
68800 0.00851047 0.160864 0.00519665 0 0 0.174565 0.166058 
69000 0.00846415 0.160796 0.00514605 0 0 0.1744 0.165942 
69200 0.00841782 0.160727 0.00509545 0 0 0.174235 0.165827 
69400 0.00837218 0.160658 0.00504601 0 0 0.17407 0.16571 
69600 0.00832813 0.160589 0.00499926 0 0 0.173909 0.165591 
69800 0.00828408 0.160521 0.00495251 0 0 0.173748 0.165472 
70000 0.00824004 0.160452 0.00490576 0 0 0.173587 0.165353 
70200 0.00819599 0.160383 0.00485901 0 0 0.173425 0.165234 
70400 0.00815194 0.160315 0.00481226 0 0 0.173264 0.165115 
70600 0.00810789 0.160246 0.00476551 0 0 0.173103 0.164996 
70800 0.00806498 0.160175 0.0047209 0 0 0.172945 0.164882 
71000 0.00802298 0.160102 0.00467805 0 0 0.172789 0.164773 
71200 0.00798099 0.16003 0.00463521 0 0 0.172634 0.164664 
71400 0.007939 0.159957 0.00459236 0 0 0.172479 0.164555 
71600 0.00789701 0.159884 0.00454951 0 0 0.172323 0.164446 
71800 0.00785502 0.159811 0.00450666 0 0 0.172168 0.164337 
72000 0.00781303 0.159738 0.00446381 0 0 0.172012 0.164227 
72200 0.00777253 0.159669 0.00442323 0 0 0.171863 0.164117 
72400 0.00773285 0.159603 0.00438387 0 0 0.171717 0.164005 
72600 0.00769316 0.159536 0.0043445 0 0 0.171571 0.163893 
72800 0.00765347 0.159469 0.00430514 0 0 0.171425 0.163782 
73000 0.00761378 0.159402 0.00426578 0 0 0.171279 0.16367 
73200 0.0075741 0.159335 0.00422642 0 0 0.171133 0.163558 
73400 0.00753441 0.159269 0.00418705 0 0 0.170988 0.163446 
73600 0.00749614 0.1592 0.00414972 0 0 0.170844 0.16334 
73800 0.00745881 0.159129 0.00411373 0 0 0.170701 0.163237 
74000 0.00742149 0.159059 0.00407775 0 0 0.170559 0.163133 
74200 0.00738416 0.158988 0.00404177 0 0 0.170416 0.16303 
74400 0.00734683 0.158918 0.00400579 0 0 0.170274 0.162927 
74600 0.00730951 0.158847 0.0039698 0 0 0.170132 0.162823 
74800 0.00727218 0.158777 0.00393382 0 0 0.169989 0.16272 
75000 0.00723566 0.158707 0.00389886 0 0 0.169848 0.162618 
75200 0.00720036 0.158638 0.00386545 0 0 0.16971 0.162516 
75400 0.00716506 0.158568 0.00383203 0 0 0.169572 0.162414 
75600 0.00712975 0.158499 0.00379862 0 0 0.169434 0.162313 
75800 0.00709445 0.15843 0.00376521 0 0 0.169295 0.162211 
76000 0.00705915 0.158361 0.00373179 0 0 0.169157 0.16211 
76200 0.00702385 0.158291 0.00369838 0 0 0.169019 0.162008 
76400 0.00698872 0.158222 0.00366525 0 0 0.168881 0.161907 
76600 0.00695518 0.158155 0.00363473 0 0 0.168747 0.161809 
76800 0.00692164 0.158087 0.00360421 0 0 0.168614 0.16171 
77000 0.0068881 0.158019 0.00357369 0 0 0.16848 0.161612 
77200 0.00685457 0.157952 0.00354317 0 0 0.168347 0.161514 
77400 0.00682103 0.157884 0.00351265 0 0 0.168213 0.161416 
77600 0.00678749 0.157817 0.00348213 0 0 0.168079 0.161318 
77800 0.00675395 0.157749 0.00345161 0 0 0.167946 0.16122 
78000 0.00672115 0.157681 0.00342249 0 0 0.167816 0.161121 
78200 0.00668884 0.157613 0.00339429 0 0 0.167689 0.16102 
78400 0.00665653 0.157546 0.0033661 0 0 0.167563 0.16092 
78600 0.00662422 0.157478 0.0033379 0 0 0.167436 0.16082 
78800 0.00659191 0.15741 0.00330971 0 0 0.167309 0.160719 
79000 0.00655961 0.157342 0.00328151 0 0 0.167182 0.160619 
79200 0.0065273 0.157275 0.00325332 0 0 0.167055 0.160519 
79400 0.00649499 0.157207 0.00322512 0 0 0.166928 0.160418 
79600 0.00646501 0.157138 0.00319871 0 0 0.1668 0.160326 
79800 0.00643502 0.157069 0.0031723 0 0 0.166671 0.160233 
80000 0.00640504 0.157 0.00314589 0 0 0.166543 0.16014 
80200 0.00637544 0.156935 0.00312036 0 0 0.166422 0.160045 
80400 0.00634583 0.156869 0.00309483 0 0 0.166302 0.159951 
80600 0.00631623 0.156804 0.00306929 0 0 0.166182 0.159856 
80800 0.00628663 0.156738 0.00304376 0 0 0.166062 0.159762 
81000 0.00625726 0.156671 0.00301868 0 0 0.165941 0.159668 
81200 0.00622858 0.156601 0.00299499 0 0 0.165818 0.159578 
81400 0.00619989 0.156532 0.00297129 0 0 0.165695 0.159488 
81600 0.00617121 0.156462 0.00294759 0 0 0.165571 0.159397 
81800 0.00614253 0.156392 0.0029239 0 0 0.165448 0.159307 
82000 0.00611385 0.156322 0.0029002 0 0 0.165324 0.159216 
82200 0.00608517 0.156253 0.00287651 0 0 0.165201 0.159126 
82400 0.00605648 0.156183 0.00285281 0 0 0.165077 0.159036 
82600 0.00602827 0.156113 0.00282962 0 0 0.164956 0.158946 
82800 0.00600114 0.156044 0.00280763 0 0 0.164839 0.158856 
83000 0.00597401 0.155974 0.00278563 0 0 0.164723 0.158766 
83200 0.00594688 0.155904 0.00276363 0 0 0.164606 0.158676 
83400 0.00591975 0.155835 0.00274163 0 0 0.16449 0.158586 
83600 0.00589262 0.155765 0.00271964 0 0 0.164373 0.158496 
83800 0.00586549 0.155695 0.00269764 0 0 0.164256 0.158405 
84000 0.00583836 0.155626 0.00267564 0 0 0.16414 0.158315 
84200 0.00581161 0.155557 0.00265413 0 0 0.164024 0.158226 
84400 0.00578604 0.155489 0.0026341 0 0 0.163911 0.15814 
84600 0.00576047 0.155421 0.00261406 0 0 0.163798 0.158054 
84800 0.00573489 0.155354 0.00259402 0 0 0.163686 0.157968 
85000 0.00570932 0.155286 0.00257398 0 0 0.163573 0.157882 
85200 0.00568375 0.155219 0.00255394 0 0 0.16346 0.157796 
85400 0.00565817 0.155151 0.0025339 0 0 0.163347 0.15771 
85600 0.0056326 0.155083 0.00251386 0 0 0.163234 0.157624 
85800 0.00560703 0.155016 0.00249382 0 0 0.163121 0.157538 
86000 0.00558275 0.154949 0.00247522 0 0 0.163014 0.157451 
86200 0.00555847 0.154881 0.00245663 0 0 0.162907 0.157365 
86400 0.00553419 0.154814 0.00243803 0 0 0.162801 0.157278 
86600 0.00550992 0.154746 0.00241943 0 0 0.162694 0.157192 
86800 0.00548564 0.154679 0.00240084 0 0 0.162587 0.157106 
87000 0.00546136 0.154612 0.00238224 0 0 0.16248 0.157019 
87200 0.00543709 0.154544 0.00236365 0 0 0.162373 0.156933 
87400 0.00541281 0.154477 0.00234505 0 0 0.162266 0.156846 
87600 0.00538936 0.154411 0.00232751 0 0 0.162158 0.15676 
87800 0.00536636 0.154344 0.00231053 0 0 0.162049 0.156672 
88000 0.00534336 0.154278 0.00229355 0 0 0.161941 0.156585 
88200 0.00532036 0.154212 0.00227657 0 0 0.161832 0.156498 
88400 0.00529736 0.154146 0.00225959 0 0 0.161724 0.156411 
88600 0.00527436 0.15408 0.00224261 0 0 0.161615 0.156324 
88800 0.00525136 0.154014 0.00222564 0 0 0.161507 0.156237 
89000 0.00522836 0.153948 0.00220866 0 0 0.161398 0.15615 
89200 0.0052055 0.153882 0.00219181 0 0 0.16129 0.156063 
89400 0.00518389 0.153816 0.0021762 0 0 0.161185 0.155982 
89600 0.00516227 0.15375 0.00216058 0 0 0.16108 0.155901 
89800 0.00514065 0.153685 0.00214496 0 0 0.160975 0.155821 
90000 0.00511904 0.153619 0.00212934 0 0 0.16087 0.15574 
90200 0.00509742 0.153554 0.00211372 0 0 0.160764 0.155659 
90400 0.00507581 0.153488 0.00209811 0 0 0.160659 0.155578 
90600 0.00505419 0.153423 0.00208249 0 0 0.160554 0.155497 
90800 0.00503257 0.153357 0.00206687 0 0 0.160449 0.155417 
91000 0.00501132 0.153291 0.00205169 0 0 0.160346 0.155336 
91200 0.00499075 0.153224 0.00203733 0 0 0.160247 0.155257 
91400 0.00497018 0.153156 0.00202297 0 0 0.160149 0.155178 
91600 0.00494961 0.153089 0.00200861 0 0 0.16005 0.1551 
91800 0.00492904 0.153021 0.00199425 0 0 0.159951 0.155021 
92000 0.00490847 0.152954 0.00197989 0 0 0.159852 0.154942 
92200 0.0048879 0.152887 0.00196553 0 0 0.159754 0.154863 
92400 0.00486733 0.152819 0.00195117 0 0 0.159655 0.154784 
92600 0.00484676 0.152752 0.00193681 0 0 0.159556 0.154705 
92800 0.0048267 0.152686 0.00192293 0 0 0.159457 0.154625 
93000 0.00480726 0.152623 0.00190965 0 0 0.159356 0.154543 
93200 0.00478781 0.152559 0.00189636 0 0 0.159256 0.154461 
93400 0.00476837 0.152495 0.00188308 0 0 0.159155 0.15438 
93600 0.00474893 0.152432 0.00186979 0 0 0.159055 0.154298 
93800 0.00472949 0.152368 0.00185651 0 0 0.158954 0.154217 
94000 0.00471005 0.152305 0.00184322 0 0 0.158854 0.154135 
94200 0.00469061 0.152241 0.00182994 0 0 0.158754 0.154053 
94400 0.00467116 0.152178 0.00181665 0 0 0.158653 0.153972 
94600 0.0046521 0.152113 0.00180382 0 0 0.158555 0.153892 
94800 0.00463362 0.152047 0.00179165 0 0 0.15846 0.153816 
95000 0.00461513 0.151981 0.00177949 0 0 0.158365 0.15374 
95200 0.00459664 0.151915 0.00176733 0 0 0.15827 0.153665 
95400 0.00457815 0.151849 0.00175517 0 0 0.158175 0.153589 
95600 0.00455966 0.151783 0.00174301 0 0 0.15808 0.153513 
95800 0.00454117 0.151717 0.00173085 0 0 0.157985 0.153437 
96000 0.00452268 0.151651 0.00171868 0 0 0.15789 0.153361 
96200 0.0045042 0.151585 0.00170652 0 0 0.157795 0.153285 
96400 0.00448587 0.151519 0.0016945 0 0 0.1577 0.153209 
96600 0.00446849 0.151454 0.00168329 0 0 0.157608 0.153134 
96800 0.00445111 0.151389 0.00167208 0 0 0.157516 0.15306 
97000 0.00443373 0.151324 0.00166087 0 0 0.157423 0.152985 
97200 0.00441635 0.151259 0.00164966 0 0 0.157331 0.152911 
97400 0.00439897 0.151195 0.00163845 0 0 0.157239 0.152836 
97600 0.00438159 0.15113 0.00162724 0 0 0.157146 0.152762 
97800 0.00436421 0.151065 0.00161603 0 0 0.157054 0.152687 
98000 0.00434682 0.151 0.00160482 0 0 0.156962 0.152613 
98200 0.00432944 0.150935 0.00159361 0 0 0.156869 0.152538 
98400 0.00431267 0.150871 0.00158308 0 0 0.156778 0.152464 
98600 0.00429611 0.150806 0.00157277 0 0 0.156686 0.15239 
98800 0.00427954 0.150742 0.00156246 0 0 0.156595 0.152316 
99000 0.00426298 0.150677 0.00155215 0 0 0.156503 0.152242 
99200 0.00424641 0.150613 0.00154184 0 0 0.156412 0.152168 
99400 0.00422984 0.150548 0.00153153 0 0 0.15632 0.152094 
99600 0.00421328 0.150484 0.00152122 0 0 0.156229 0.15202 
99800 0.00419671 0.15042 0.00151091 0 0 0.156137 0.151946 
100000 0.00418015 0.150355 0.0015006 0 0 0.156046 0.151872 
100200 0.00416661 0.150306 0.00149203 0 0 0.155947 0.151781 
100400 0.00415049 0.150241 0.0014823 0 0 0.155856 0.151706 
100600 0.00413436 0.150176 0.00147257 0 0 0.155765 0.151632 
100800 0.00411824 0.15011 0.00146283 0 0 0.155675 0.151558 
101000 0.00410212 0.150045 0.0014531 0 0 0.155584 0.151484 
101200 0.004086 0.14998 0.00144337 0 0 0.155493 0.15141 
101400 0.00406988 0.149914 0.00143364 0 0 0.155403 0.151336 
101600 0.00405376 0.149849 0.0014239 0 0 0.155312 0.151262 
101800 0.00403764 0.149784 0.00141417 0 0 0.155221 0.151188 
102000 0.00402151 0.149718 0.00140444 0 0 0.155131 0.151114 
102200 0.00400612 0.149653 0.00139522 0 0 0.155042 0.15104 
102400 0.00399146 0.149587 0.00138651 0 0 0.154956 0.150967 
102600 0.00397679 0.149522 0.0013778 0 0 0.15487 0.150895 
102800 0.00396212 0.149456 0.00136909 0 0 0.154784 0.150822 
103000 0.00394746 0.149391 0.00136038 0 0 0.154698 0.150749 
103200 0.00393279 0.149325 0.00135167 0 0 0.154612 0.150676 
103400 0.00391813 0.14926 0.00134296 0 0 0.154526 0.150604 
103600 0.00390346 0.149194 0.00133425 0 0 0.15444 0.150531 
103800 0.0038888 0.149129 0.00132555 0 0 0.154354 0.150458 
104000 0.00387413 0.149063 0.00131684 0 0 0.154268 0.150385 
104200 0.00386002 0.149001 0.00130862 0 0 0.154184 0.150315 
104400 0.00384647 0.148942 0.0013009 0 0 0.154103 0.150248 
104600 0.00383292 0.148882 0.00129317 0 0 0.154021 0.150181 
104800 0.00381937 0.148823 0.00128545 0 0 0.15394 0.150114 
105000 0.00380581 0.148764 0.00127772 0 0 0.153858 0.150046 
105200 0.00379226 0.148705 0.00127 0 0 0.153776 0.149979 
105400 0.00377871 0.148645 0.00126227 0 0 0.153695 0.149912 
105600 0.00376516 0.148586 0.00125455 0 0 0.153613 0.149845 
105800 0.0037516 0.148527 0.00124683 0 0 0.153532 0.149778 
106000 0.00373805 0.148468 0.0012391 0 0 0.15345 0.14971 
106200 0.0037245 0.148408 0.00123138 0 0 0.153368 0.149643 
106400 0.00371078 0.148342 0.00122374 0 0 0.153283 0.14957 
106600 0.00369707 0.148277 0.00121611 0 0 0.153198 0.149498 
106800 0.00368335 0.148211 0.00120847 0 0 0.153113 0.149425 
107000 0.00366964 0.148145 0.00120084 0 0 0.153028 0.149352 
107200 0.00365592 0.148079 0.0011932 0 0 0.152943 0.149279 
107400 0.00364221 0.148013 0.00118557 0 0 0.152858 0.149207 
107600 0.00362849 0.147947 0.00117794 0 0 0.152773 0.149134 
107800 0.00361478 0.147882 0.0011703 0 0 0.152688 0.149061 
108000 0.00360106 0.147816 0.00116267 0 0 0.152603 0.148988 
108200 0.00358735 0.14775 0.00115503 0 0 0.152518 0.148915 
108400 0.00357534 0.147693 0.0011485 0 0 0.15244 0.148852 
108600 0.00356333 0.147637 0.00114197 0 0 0.152363 0.148789 
108800 0.00355133 0.14758 0.00113545 0 0 0.152286 0.148725 
109000 0.00353932 0.147524 0.00112892 0 0 0.152208 0.148662 
109200 0.00352731 0.147467 0.00112239 0 0 0.152131 0.148598 
109400 0.00351531 0.147411 0.00111586 0 0 0.152054 0.148535 
109600 0.0035033 0.147354 0.00110933 0 0 0.151976 0.148471 
109800 0.00349129 0.147297 0.00110281 0 0 0.151899 0.148408 
110000 0.00347929 0.147241 0.00109628 0 0 0.151822 0.148345 
110200 0.00346728 0.147184 0.00108975 0 0 0.151745 0.148281 
110400 0.00345527 0.147128 0.00108322 0 0 0.151667 0.148218 
110600 0.00344318 0.147065 0.00107683 0 0 0.151586 0.148148 
110800 0.00343109 0.147002 0.00107045 0 0 0.151505 0.148079 
111000 0.003419 0.14694 0.00106406 0 0 0.151424 0.14801 
111200 0.00340691 0.146877 0.00105768 0 0 0.151343 0.14794 
111400 0.00339482 0.146814 0.00105129 0 0 0.151262 0.147871 
111600 0.00338273 0.146751 0.0010449 0 0 0.151181 0.147802 
111800 0.00337063 0.146689 0.00103852 0 0 0.1511 0.147733 
112000 0.00335854 0.146626 0.00103213 0 0 0.151019 0.147663 
112200 0.00334645 0.146563 0.00102575 0 0 0.150938 0.147594 
112400 0.00333436 0.146501 0.00101936 0 0 0.150857 0.147525 
112600 0.00332274 0.146439 0.00101331 0 0 0.150778 0.147457 
112800 0.0033116 0.146378 0.0010076 0 0 0.150701 0.14739 
113000 0.00330046 0.146318 0.00100189 0 0 0.150623 0.147324 
113200 0.00328932 0.146257 0.00099618 0 0 0.150546 0.147257 
113400 0.00327818 0.146196 0.000990469 0 0 0.150469 0.14719 
113600 0.00326704 0.146135 0.000984759 0 0 0.150391 0.147124 
113800 0.0032559 0.146075 0.000979048 0 0 0.150314 0.147057 
114000 0.00324476 0.146014 0.000973338 0 0 0.150237 0.146991 
114200 0.00323362 0.145953 0.000967627 0 0 0.150159 0.146924 
114400 0.00322248 0.145893 0.000961916 0 0 0.150082 0.146857 
114600 0.00321134 0.145832 0.000956206 0 0 0.150005 0.146791 
114800 0.00320063 0.145773 0.000950787 0 0 0.149929 0.146726 
115000 0.00319034 0.145715 0.000945659 0 0 0.149855 0.146662 
115200 0.00318005 0.145657 0.00094053 0 0 0.149781 0.146598 
115400 0.00316977 0.145599 0.000935402 0 0 0.149707 0.146535 
115600 0.00315948 0.145541 0.000930274 0 0 0.149633 0.146471 
115800 0.00314919 0.145484 0.000925146 0 0 0.149559 0.146407 
116000 0.0031389 0.145426 0.000920018 0 0 0.149485 0.146344 
116200 0.00312861 0.145368 0.00091489 0 0 0.149411 0.14628 
116400 0.00311833 0.14531 0.000909762 0 0 0.149337 0.146216 
116600 0.00310804 0.145252 0.000904633 0 0 0.149263 0.146153 
116800 0.00309775 0.145195 0.000899506 0 0 0.149189 0.146089 
117000 0.00308746 0.145137 0.000894377 0 0 0.149116 0.146025 
117200 0.00307711 0.145076 0.000889349 0 0 0.149039 0.145962 
117400 0.00306675 0.145015 0.00088432 0 0 0.148963 0.145899 
117600 0.00305639 0.144955 0.000879291 0 0 0.148887 0.145836 
117800 0.00304604 0.144894 0.000874262 0 0 0.14881 0.145773 
118000 0.00303568 0.144833 0.000869233 0 0 0.148734 0.145709 
118200 0.00302532 0.144772 0.000864204 0 0 0.148658 0.145646 
118400 0.00301496 0.144712 0.000859175 0 0 0.148581 0.145583 
118600 0.00300461 0.144651 0.000854146 0 0 0.148505 0.14552 
118800 0.00299425 0.14459 0.000849117 0 0 0.148429 0.145457 
119000 0.00298389 0.14453 0.000844088 0 0 0.148352 0.145394 
119200 0.00297354 0.144469 0.000839059 0 0 0.148276 0.145331 
119400 0.00296437 0.144413 0.000834744 0 0 0.148206 0.145269 
119600 0.0029552 0.144357 0.000830429 0 0 0.148136 0.145208 
119800 0.00294603 0.144301 0.000826115 0 0 0.148065 0.145147 
120000 0.00293687 0.144245 0.0008218 0 0 0.147995 0.145086 
120200 0.0029277 0.144189 0.000817486 0 0 0.147925 0.145025 
120400 0.00291853 0.144133 0.000813171 0 0 0.147855 0.144964 
120600 0.00290936 0.144077 0.000808857 0 0 0.147784 0.144902 
120800 0.0029002 0.144021 0.000804542 0 0 0.147714 0.144841 
121000 0.00289103 0.143964 0.000800228 0 0 0.147644 0.14478 
121200 0.00288186 0.143908 0.000795913 0 0 0.147574 0.144719 
121400 0.00287269 0.143852 0.000791599 0 0 0.147504 0.144658 
121600 0.00286353 0.143796 0.000787284 0 0 0.147433 0.144597 
121800 0.00285469 0.143741 0.00078322 0 0 0.147366 0.144536 
122000 0.00284585 0.143685 0.000779156 0 0 0.147299 0.144475 
122200 0.00283702 0.143629 0.000775092 0 0 0.147232 0.144414 
122400 0.00282818 0.143574 0.000771029 0 0 0.147164 0.144353 
122600 0.00281935 0.143518 0.000766965 0 0 0.147097 0.144293 
122800 0.00281051 0.143462 0.000762901 0 0 0.14703 0.144232 
123000 0.00280167 0.143407 0.000758837 0 0 0.146963 0.144171 
123200 0.00279284 0.143351 0.000754773 0 0 0.146896 0.14411 
123400 0.002784 0.143295 0.000750709 0 0 0.146828 0.14405 
123600 0.00277516 0.14324 0.000746645 0 0 0.146761 0.143989 
123800 0.00276633 0.143184 0.000742581 0 0 0.146694 0.143928 
124000 0.00275749 0.143129 0.000738518 0 0 0.146627 0.143867 
124200 0.00274898 0.14307 0.000734725 0 0 0.146556 0.143806 
124400 0.00274047 0.143011 0.000730932 0 0 0.146486 0.143745 
124600 0.00273196 0.142953 0.000727139 0 0 0.146416 0.143684 
124800 0.00272345 0.142894 0.000723346 0 0 0.146345 0.143623 
125000 0.00271494 0.142836 0.000719553 0 0 0.146275 0.143562 
125200 0.00270643 0.142777 0.00071576 0 0 0.146205 0.143501 
125400 0.00269792 0.142719 0.000711967 0 0 0.146134 0.14344 
125600 0.00268941 0.14266 0.000708174 0 0 0.146064 0.143379 
125800 0.0026809 0.142602 0.000704381 0 0 0.145994 0.143318 
126000 0.00267239 0.142543 0.000700589 0 0 0.145923 0.143257 
126200 0.00266388 0.142485 0.000696796 0 0 0.145853 0.143196 
126400 0.00265537 0.142426 0.000693003 0 0 0.145783 0.143135 
126600 0.00264716 0.142369 0.000689445 0 0 0.145713 0.143074 
126800 0.00263896 0.142313 0.000685888 0 0 0.145644 0.143012 
127000 0.00263075 0.142256 0.000682331 0 0 0.145575 0.142951 
127200 0.00262254 0.142199 0.000678774 0 0 0.145505 0.14289 
127400 0.00261433 0.142143 0.000675217 0 0 0.145436 0.142829 
127600 0.00260613 0.142086 0.00067166 0 0 0.145367 0.142768 
127800 0.00259792 0.142029 0.000668102 0 0 0.145297 0.142707 
128000 0.00258971 0.141972 0.000664545 0 0 0.145228 0.142645 
128200 0.0025815 0.141916 0.000660988 0 0 0.145159 0.142584 
128400 0.0025733 0.141859 0.000657431 0 0 0.14509 0.142523 
128600 0.00256509 0.141802 0.000653874 0 0 0.14502 0.142462 
128800 0.00255688 0.141746 0.000650316 0 0 0.144951 0.142401 
129000 0.00254957 0.141691 0.00064723 0 0 0.144886 0.142344 
129200 0.00254226 0.141636 0.000644144 0 0 0.144822 0.142288 
129400 0.00253495 0.141581 0.000641058 0 0 0.144757 0.142231 
129600 0.00252764 0.141527 0.000637972 0 0 0.144692 0.142175 
129800 0.00252034 0.141472 0.000634886 0 0 0.144627 0.142119 
130000 0.00251303 0.141417 0.0006318 0 0 0.144563 0.142062 
130200 0.00250572 0.141362 0.000628714 0 0 0.144498 0.142006 
130400 0.00249841 0.141307 0.000625628 0 0 0.144433 0.141949 
130600 0.0024911 0.141253 0.000622542 0 0 0.144369 0.141893 
130800 0.00248379 0.141198 0.000619456 0 0 0.144304 0.141836 
131000 0.00247648 0.141143 0.00061637 0 0 0.144239 0.14178 
131200 0.00246917 0.141088 0.000613284 0 0 0.144175 0.141723 
131400 0.00246186 0.141034 0.000610198 0 0 0.14411 0.141667 
131600 0.00245456 0.14098 0.000607191 0 0 0.144043 0.141606 
131800 0.00244726 0.140926 0.000604185 0 0 0.143976 0.141544 
132000 0.00243996 0.140872 0.000601178 0 0 0.14391 0.141483 
132200 0.00243266 0.140818 0.000598171 0 0 0.143843 0.141422 
132400 0.00242536 0.140765 0.000595165 0 0 0.143777 0.141361 
132600 0.00241806 0.140711 0.000592158 0 0 0.14371 0.141299 
132800 0.00241076 0.140657 0.000589151 0 0 0.143643 0.141238 
133000 0.00240346 0.140603 0.000586145 0 0 0.143577 0.141177 
133200 0.00239616 0.140549 0.000583138 0 0 0.14351 0.141116 
133400 0.00238886 0.140496 0.000580132 0 0 0.143443 0.141054 
133600 0.00238156 0.140442 0.000577125 0 0 0.143377 0.140993 
133800 0.00237426 0.140388 0.000574118 0 0 0.14331 0.140932 
134000 0.00236734 0.140335 0.000571312 0 0 0.143247 0.140874 
134200 0.0023608 0.140282 0.000568705 0 0 0.143187 0.14082 
134400 0.00235426 0.140229 0.000566098 0 0 0.143128 0.140766 
134600 0.00234772 0.140176 0.00056349 0 0 0.143069 0.140711 
134800 0.00234117 0.140123 0.000560883 0 0 0.143009 0.140657 
135000 0.00233463 0.14007 0.000558276 0 0 0.14295 0.140603 
135200 0.00232809 0.140018 0.000555669 0 0 0.142891 0.140549 
135400 0.00232155 0.139965 0.000553062 0 0 0.142831 0.140494 
135600 0.00231501 0.139912 0.000550455 0 0 0.142772 0.14044 
135800 0.00230847 0.139859 0.000547848 0 0 0.142712 0.140386 
136000 0.00230192 0.139806 0.000545241 0 0 0.142653 0.140332 
136200 0.00229538 0.139753 0.000542634 0 0 0.142594 0.140277 
136400 0.00228884 0.1397 0.000540027 0 0 0.142534 0.140223 
136600 0.0022823 0.139648 0.00053742 0 0 0.142475 0.140169 
136800 0.00227579 0.139593 0.00053488 0 0 0.142411 0.140113 
137000 0.00226928 0.139538 0.00053234 0 0 0.142347 0.140057 
137200 0.00226276 0.139483 0.000529799 0 0 0.142283 0.140001 
137400 0.00225625 0.139427 0.000527259 0 0 0.142218 0.139945 
137600 0.00224974 0.139372 0.000524719 0 0 0.142154 0.13989 
137800 0.00224323 0.139317 0.000522178 0 0 0.14209 0.139834 
138000 0.00223672 0.139262 0.000519638 0 0 0.142026 0.139778 
138200 0.0022302 0.139207 0.000517098 0 0 0.141962 0.139722 
138400 0.00222369 0.139152 0.000514557 0 0 0.141898 0.139666 
138600 0.00221718 0.139097 0.000512017 0 0 0.141834 0.13961 
138800 0.00221067 0.139042 0.000509477 0 0 0.14177 0.139554 
139000 0.00220416 0.138987 0.000506936 0 0 0.141706 0.139499 
139200 0.00219765 0.138932 0.000504396 0 0 0.141642 0.139443 
139400 0.00219157 0.138879 0.000502097 0 0 0.14158 0.139388 
139600 0.00218549 0.138825 0.000499799 0 0 0.141518 0.139334 
139800 0.00217941 0.138771 0.0004975 0 0 0.141456 0.139279 
140000 0.00217333 0.138718 0.000495202 0 0 0.141395 0.139225 
140200 0.00216725 0.138664 0.000492903 0 0 0.141333 0.13917 
140400 0.00216117 0.13861 0.000490605 0 0 0.141271 0.139116 
140600 0.0021551 0.138557 0.000488306 0 0 0.14121 0.139061 
140800 0.00214902 0.138503 0.000486008 0 0 0.141148 0.139007 
141000 0.00214294 0.138449 0.000483709 0 0 0.141086 0.138952 
141200 0.00213686 0.138396 0.000481411 0 0 0.141024 0.138898 
141400 0.00213078 0.138342 0.000479112 0 0 0.140963 0.138843 
141600 0.0021247 0.138288 0.000476814 0 0 0.140901 0.138789 
141800 0.00211862 0.138235 0.000474515 0 0 0.140839 0.138734 
142000 0.00211278 0.138182 0.000472329 0 0 0.140779 0.13868 
142200 0.00210718 0.138131 0.000470254 0 0 0.140719 0.138625 
142400 0.00210158 0.13808 0.00046818 0 0 0.140659 0.13857 
142600 0.00209597 0.138029 0.000466106 0 0 0.1406 0.138515 
142800 0.00209037 0.137978 0.000464032 0 0 0.14054 0.13846 
143000 0.00208477 0.137927 0.000461958 0 0 0.14048 0.138405 
143200 0.00207917 0.137876 0.000459883 0 0 0.140421 0.13835 
143400 0.00207356 0.137825 0.000457809 0 0 0.140361 0.138295 
143600 0.00206796 0.137774 0.000455735 0 0 0.140302 0.138241 
143800 0.00206236 0.137723 0.000453661 0 0 0.140242 0.138186 
144000 0.00205676 0.137672 0.000451586 0 0 0.140182 0.138131 
144200 0.00205115 0.13762 0.000449512 0 0 0.140123 0.138076 
144400 0.00204555 0.137569 0.000447438 0 0 0.140063 0.138021 
144600 0.00203995 0.137518 0.000445364 0 0 0.140003 0.137966 
144800 0.00203443 0.137467 0.000443354 0 0 0.139944 0.137912 
145000 0.002029 0.137416 0.000441409 0 0 0.139884 0.13786 
145200 0.00202358 0.137365 0.000439464 0 0 0.139825 0.137807 
145400 0.00201815 0.137314 0.00043752 0 0 0.139765 0.137755 
145600 0.00201272 0.137263 0.000435575 0 0 0.139706 0.137703 
145800 0.00200729 0.137212 0.00043363 0 0 0.139646 0.13765 
146000 0.00200186 0.137161 0.000431685 0 0 0.139587 0.137598 
146200 0.00199643 0.13711 0.00042974 0 0 0.139527 0.137545 
146400 0.001991 0.137059 0.000427795 0 0 0.139468 0.137493 
146600 0.00198557 0.137008 0.000425851 0 0 0.139408 0.13744 
146800 0.00198014 0.136956 0.000423906 0 0 0.139349 0.137388 
147000 0.00197471 0.136905 0.000421961 0 0 0.139289 0.137336 
147200 0.00196929 0.136854 0.000420016 0 0 0.13923 0.137283 
147400 0.00196386 0.136803 0.000418071 0 0 0.13917 0.137231 
147600 0.00195864 0.136753 0.000416224 0 0 0.139113 0.137178 
147800 0.00195364 0.136703 0.000414474 0 0 0.139057 0.137125 
148000 0.00194863 0.136654 0.000412724 0 0 0.139002 0.137072 
148200 0.00194363 0.136604 0.000410974 0 0 0.138947 0.137018 
148400 0.00193863 0.136555 0.000409224 0 0 0.138891 0.136965 
148600 0.00193362 0.136505 0.000407474 0 0 0.138836 0.136912 
148800 0.00192862 0.136456 0.000405724 0 0 0.138781 0.136859 
149000 0.00192361 0.136406 0.000403974 0 0 0.138725 0.136806 
149200 0.00191861 0.136357 0.000402223 0 0 0.13867 0.136753 
149400 0.00191361 0.136307 0.000400473 0 0 0.138615 0.136699 
149600 0.0019086 0.136258 0.000398723 0 0 0.13856 0.136646 
149800 0.0019036 0.136208 0.000396973 0 0 0.138504 0.136593 
150000 0.0018986 0.136159 0.000395223 0 0 0.138449 0.13654 
150200 0.00189324 0.136106 0.000393379 0 0 0.138395 0.136487 
150400 0.00188788 0.136053 0.000391534 0 0 0.13834 0.136434 
150600 0.00188319 0.136005 0.000389933 0 0 0.138285 0.136385 
150800 0.00187849 0.135957 0.000388332 0 0 0.138229 0.136336 
151000 0.0018738 0.135909 0.000386731 0 0 0.138174 0.136288 
151200 0.0018691 0.135862 0.00038513 0 0 0.138118 0.136239 
151400 0.0018644 0.135814 0.00038353 0 0 0.138062 0.13619 
151600 0.00185971 0.135766 0.000381929 0 0 0.138007 0.136141 
151800 0.00185501 0.135718 0.000380328 0 0 0.137951 0.136092 
152000 0.00185032 0.13567 0.000378727 0 0 0.137896 0.136043 
152200 0.00184562 0.135622 0.000377126 0 0 0.13784 0.135994 
152400 0.00184093 0.135574 0.000375525 0 0 0.137785 0.135945 
152600 0.00183623 0.135526 0.000373924 0 0 0.137729 0.135896 
152800 0.00183154 0.135479 0.000372323 0 0 0.137674 0.135847 
153000 0.00182684 0.135431 0.000370722 0 0 0.137618 0.135798 
153200 0.00182214 0.135383 0.000369121 0 0 0.137563 0.135749 
153400 0.00181745 0.135335 0.00036752 0 0 0.137507 0.1357 
153600 0.00181293 0.135284 0.000366021 0 0 0.137452 0.135649 
153800 0.00180841 0.135234 0.000364522 0 0 0.137397 0.135598 
154000 0.00180389 0.135183 0.000363023 0 0 0.137342 0.135546 
154200 0.00179937 0.135132 0.000361523 0 0 0.137286 0.135495 
154400 0.00179485 0.135082 0.000360024 0 0 0.137231 0.135444 
154600 0.00179033 0.135031 0.000358525 0 0 0.137176 0.135392 
154800 0.00178581 0.134981 0.000357026 0 0 0.137121 0.135341 
155000 0.00178129 0.13493 0.000355527 0 0 0.137066 0.13529 
155200 0.00177677 0.134879 0.000354028 0 0 0.137011 0.135238 
155400 0.00177225 0.134829 0.000352529 0 0 0.136956 0.135187 
155600 0.00176773 0.134778 0.00035103 0 0 0.136901 0.135135 
155800 0.00176321 0.134728 0.000349531 0 0 0.136845 0.135084 
156000 0.00175869 0.134677 0.000348031 0 0 0.13679 0.135033 
156200 0.00175417 0.134626 0.000346532 0 0 0.136735 0.134981 
156400 0.00174965 0.134576 0.000345033 0 0 0.13668 0.13493 
156600 0.00174529 0.134527 0.000343631 0 0 0.136624 0.134881 
156800 0.00174093 0.134479 0.000342228 0 0 0.136569 0.134832 
157000 0.00173657 0.13443 0.000340826 0 0 0.136513 0.134783 
157200 0.00173222 0.134382 0.000339423 0 0 0.136457 0.134734 
157400 0.00172786 0.134334 0.000338021 0 0 0.136402 0.134684 
157600 0.0017235 0.134285 0.000336618 0 0 0.136346 0.134635 
157800 0.00171914 0.134237 0.000335216 0 0 0.13629 0.134586 
158000 0.00171478 0.134188 0.000333813 0 0 0.136235 0.134537 
158200 0.00171043 0.13414 0.000332411 0 0 0.136179 0.134488 
158400 0.00170607 0.134092 0.000331008 0 0 0.136123 0.134439 
158600 0.00170171 0.134043 0.000329606 0 0 0.136068 0.13439 
158800 0.00169735 0.133995 0.000328203 0 0 0.136012 0.13434 
159000 0.00169299 0.133946 0.000326801 0 0 0.135957 0.134291 
159200 0.00168864 0.133898 0.000325398 0 0 0.135901 0.134242 
159400 0.00168428 0.13385 0.000323996 0 0 0.135845 0.134193 
159600 0.00168021 0.133803 0.00032272 0 0 0.135794 0.134143 
159800 0.00167614 0.133756 0.000321444 0 0 0.135743 0.134094 
160000 0.00167207 0.133709 0.000320168 0 0 0.135692 0.134044 
160200 0.001668 0.133662 0.000318893 0 0 0.135641 0.133994 
160400 0.00166393 0.133615 0.000317617 0 0 0.13559 0.133944 
160600 0.00165986 0.133568 0.000316341 0 0 0.135539 0.133895 
160800 0.00165579 0.133521 0.000315065 0 0 0.135487 0.133845 
161000 0.00165172 0.133474 0.00031379 0 0 0.135436 0.133795 
161200 0.00164765 0.133427 0.000312514 0 0 0.135385 0.133746 
161400 0.00164358 0.13338 0.000311238 0 0 0.135334 0.133696 
161600 0.00163951 0.133333 0.000309962 0 0 0.135283 0.133646 
161800 0.00163544 0.133286 0.000308687 0 0 0.135232 0.133597 
162000 0.00163137 0.133239 0.000307411 0 0 0.135181 0.133547 
162200 0.0016273 0.133192 0.000306135 0 0 0.13513 0.133497 
162400 0.00162323 0.133145 0.000304859 0 0 0.135078 0.133448 
162600 0.0016193 0.133098 0.00030364 0 0 0.135027 0.133399 
162800 0.00161549 0.133051 0.000302478 0 0 0.134976 0.13335 
163000 0.00161169 0.133003 0.000301315 0 0 0.134924 0.133302 
163200 0.00160789 0.132956 0.000300152 0 0 0.134872 0.133254 
163400 0.00160409 0.132908 0.00029899 0 0 0.134821 0.133206 
163600 0.00160029 0.132861 0.000297827 0 0 0.134769 0.133158 
163800 0.00159649 0.132813 0.000296664 0 0 0.134718 0.13311 
164000 0.00159268 0.132766 0.000295502 0 0 0.134666 0.133062 
164200 0.00158888 0.132719 0.000294339 0 0 0.134614 0.133014 
164400 0.00158508 0.132671 0.000293176 0 0 0.134563 0.132965 
164600 0.00158128 0.132624 0.000292014 0 0 0.134511 0.132917 
164800 0.00157748 0.132576 0.000290851 0 0 0.13446 0.132869 
165000 0.00157368 0.132529 0.000289688 0 0 0.134408 0.132821 
165200 0.00156988 0.132481 0.000288526 0 0 0.134357 0.132773 
165400 0.00156607 0.132434 0.000287363 0 0 0.134305 0.132725 
165600 0.00156227 0.132386 0.0002862 0 0 0.134253 0.132677 
165800 0.00155861 0.132341 0.000285092 0 0 0.134202 0.13263 
166000 0.00155508 0.132297 0.000284038 0 0 0.134152 0.132586 
166200 0.00155155 0.132252 0.000282984 0 0 0.134101 0.132541 
166400 0.00154802 0.132208 0.00028193 0 0 0.134051 0.132496 
166600 0.00154449 0.132164 0.000280876 0 0 0.134 0.132452 
166800 0.00154096 0.13212 0.000279822 0 0 0.133949 0.132407 
167000 0.00153743 0.132076 0.000278767 0 0 0.133899 0.132363 
167200 0.0015339 0.132032 0.000277713 0 0 0.133848 0.132318 
167400 0.00153037 0.131988 0.000276659 0 0 0.133798 0.132274 
167600 0.00152684 0.131944 0.000275605 0 0 0.133747 0.132229 
167800 0.00152331 0.1319 0.000274551 0 0 0.133696 0.132184 
168000 0.00151978 0.131855 0.000273497 0 0 0.133646 0.13214 
168200 0.00151625 0.131811 0.000272443 0 0 0.133595 0.132095 
168400 0.00151272 0.131767 0.000271389 0 0 0.133545 0.132051 
168600 0.00150919 0.131723 0.000270335 0 0 0.133494 0.132006 
168800 0.00150566 0.131679 0.000269281 0 0 0.133443 0.131961 
169000 0.00150213 0.131635 0.000268226 0 0 0.133393 0.131917 
169200 0.00149872 0.131589 0.000267238 0 0 0.133343 0.13187 
169400 0.0014953 0.131543 0.00026625 0 0 0.133293 0.131823 
169600 0.00149188 0.131496 0.000265262 0 0 0.133243 0.131776 
169800 0.00148847 0.13145 0.000264274 0 0 0.133193 0.131729 
170000 0.00148505 0.131404 0.000263286 0 0 0.133143 0.131683 
170200 0.00148163 0.131358 0.000262298 0 0 0.133093 0.131636 
170400 0.00147822 0.131312 0.00026131 0 0 0.133043 0.131589 
170600 0.0014748 0.131265 0.000260322 0 0 0.132993 0.131542 
170800 0.00147138 0.131219 0.000259334 0 0 0.132943 0.131495 
171000 0.00146797 0.131173 0.000258346 0 0 0.132894 0.131448 
171200 0.00146455 0.131127 0.000257358 0 0 0.132844 0.131401 
171400 0.00146113 0.131081 0.00025637 0 0 0.132794 0.131354 
171600 0.00145772 0.131034 0.000255382 0 0 0.132744 0.131308 
171800 0.0014543 0.130988 0.000254394 0 0 0.132694 0.131261 
172000 0.00145088 0.130942 0.000253406 0 0 0.132644 0.131214 
172200 0.00144747 0.130896 0.000252418 0 0 0.132594 0.131167 
172400 0.00144411 0.130851 0.000251458 0 0 0.132545 0.13112 
172600 0.00144083 0.130806 0.000250527 0 0 0.132497 0.131074 
172800 0.00143755 0.130762 0.000249595 0 0 0.132449 0.131027 
173000 0.00143426 0.130718 0.000248664 0 0 0.132401 0.13098 
173200 0.00143098 0.130674 0.000247733 0 0 0.132352 0.130933 
173400 0.00142769 0.13063 0.000246802 0 0 0.132304 0.130887 
173600 0.00142441 0.130586 0.00024587 0 0 0.132256 0.13084 
173800 0.00142112 0.130542 0.000244939 0 0 0.132208 0.130793 
174000 0.00141784 0.130498 0.000244007 0 0 0.13216 0.130747 
174200 0.00141455 0.130454 0.000243076 0 0 0.132112 0.1307 
174400 0.00141127 0.13041 0.000242145 0 0 0.132064 0.130653 
174600 0.00140798 0.130365 0.000241213 0 0 0.132016 0.130607 
174800 0.0014047 0.130321 0.000240282 0 0 0.131968 0.13056 
175000 0.00140141 0.130277 0.000239351 0 0 0.131919 0.130513 
175200 0.00139813 0.130233 0.000238419 0 0 0.131871 0.130467 
175400 0.00139484 0.130189 0.000237488 0 0 0.131823 0.13042 
175600 0.00139156 0.130145 0.000236557 0 0 0.131775 0.130373 
175800 0.00138859 0.130101 0.000235738 0 0 0.131728 0.130329 
176000 0.00138561 0.130057 0.00023492 0 0 0.131681 0.130285 
176200 0.00138264 0.130013 0.000234102 0 0 0.131633 0.130241 
176400 0.00137967 0.129969 0.000233283 0 0 0.131586 0.130197 
176600 0.0013767 0.129925 0.000232465 0 0 0.131539 0.130152 
176800 0.00137372 0.129881 0.000231647 0 0 0.131492 0.130108 
177000 0.00137075 0.129837 0.000230828 0 0 0.131444 0.130064 
177200 0.00136778 0.129793 0.00023001 0 0 0.131397 0.13002 
177400 0.00136481 0.129749 0.000229192 0 0 0.13135 0.129976 
177600 0.00136183 0.129705 0.000228373 0 0 0.131303 0.129931 
177800 0.00135886 0.129661 0.000227555 0 0 0.131255 0.129887 
178000 0.00135589 0.129617 0.000226737 0 0 0.131208 0.129843 
178200 0.00135292 0.129573 0.000225918 0 0 0.131161 0.129799 
178400 0.00134994 0.129529 0.0002251 0 0 0.131114 0.129755 
178600 0.00134697 0.129485 0.000224282 0 0 0.131066 0.12971 
178800 0.001344 0.129441 0.000223463 0 0 0.131019 0.129666 
179000 0.00134102 0.129397 0.000222645 0 0 0.130972 0.129622 
179200 0.0013381 0.129353 0.000221852 0 0 0.130925 0.129578 
179400 0.00133523 0.129309 0.000221085 0 0 0.130877 0.129533 
179600 0.00133236 0.129266 0.000220317 0 0 0.13083 0.129489 
179800 0.00132949 0.129222 0.00021955 0 0 0.130783 0.129444 
180000 0.00132662 0.129179 0.000218782 0 0 0.130736 0.1294 
180200 0.00132375 0.129135 0.000218015 0 0 0.130688 0.129355 
180400 0.00132088 0.129092 0.000217248 0 0 0.130641 0.129311 
180600 0.00131801 0.129048 0.00021648 0 0 0.130594 0.129266 
180800 0.00131514 0.129004 0.000215713 0 0 0.130547 0.129222 
181000 0.00131227 0.128961 0.000214945 0 0 0.130499 0.129178 
181200 0.0013094 0.128917 0.000214178 0 0 0.130452 0.129133 
181400 0.00130652 0.128874 0.000213411 0 0 0.130405 0.129089 
181600 0.00130365 0.12883 0.000212643 0 0 0.130358 0.129044 
181800 0.00130078 0.128787 0.000211876 0 0 0.13031 0.129 
182000 0.00129791 0.128743 0.000211108 0 0 0.130263 0.128955 
182200 0.00129504 0.128699 0.000210341 0 0 0.130216 0.128911 
182400 0.00129217 0.128656 0.000209573 0 0 0.130169 0.128866 
182600 0.0012893 0.128612 0.000208806 0 0 0.130121 0.128822 
182800 0.00128653 0.12857 0.000208083 0 0 0.130074 0.128778 
183000 0.00128376 0.128528 0.000207359 0 0 0.130027 0.128733 
183200 0.001281 0.128486 0.000206636 0 0 0.12998 0.128689 
183400 0.00127823 0.128444 0.000205912 0 0 0.129932 0.128645 
183600 0.00127546 0.128402 0.000205189 0 0 0.129885 0.128601 
183800 0.00127269 0.12836 0.000204465 0 0 0.129838 0.128557 
184000 0.00126993 0.128318 0.000203742 0 0 0.12979 0.128512 
184200 0.00126716 0.128276 0.000203018 0 0 0.129743 0.128468 
184400 0.00126439 0.128234 0.000202295 0 0 0.129696 0.128424 
184600 0.00126162 0.128192 0.000201571 0 0 0.129649 0.12838 
184800 0.00125885 0.12815 0.000200848 0 0 0.129601 0.128336 
185000 0.00125609 0.128108 0.000200124 0 0 0.129554 0.128291 
185200 0.00125332 0.128066 0.000199401 0 0 0.129507 0.128247 
185400 0.00125055 0.128024 0.000198677 0 0 0.12946 0.128203 
185600 0.00124778 0.127982 0.000197954 0 0 0.129412 0.128159 
185800 0.00124501 0.12794 0.00019723 0 0 0.129365 0.128115 
186000 0.00124225 0.127898 0.000196507 0 0 0.129318 0.128071 
186200 0.0012396 0.127856 0.000195824 0 0 0.129273 0.128029 
186400 0.00123707 0.127815 0.000195181 0 0 0.12923 0.127989 
186600 0.00123455 0.127774 0.000194538 0 0 0.129188 0.127949 
186800 0.00123202 0.127732 0.000193895 0 0 0.129145 0.127909 
187000 0.00122949 0.127691 0.000193252 0 0 0.129102 0.127869 
187200 0.00122697 0.12765 0.00019261 0 0 0.12906 0.127829 
187400 0.00122444 0.127608 0.000191967 0 0 0.129017 0.127789 
187600 0.00122192 0.127567 0.000191324 0 0 0.128974 0.12775 
187800 0.00121939 0.127526 0.000190681 0 0 0.128932 0.12771 
188000 0.00121686 0.127484 0.000190038 0 0 0.128889 0.12767 
188200 0.00121434 0.127443 0.000189395 0 0 0.128846 0.12763 
188400 0.00121181 0.127402 0.000188753 0 0 0.128804 0.12759 
188600 0.00120928 0.127361 0.00018811 0 0 0.128761 0.12755 
188800 0.00120676 0.127319 0.000187467 0 0 0.128718 0.127511 
189000 0.00120423 0.127278 0.000186824 0 0 0.128676 0.127471 
189200 0.00120171 0.127237 0.000186181 0 0 0.128633 0.127431 
189400 0.00119918 0.127195 0.000185539 0 0 0.128591 0.127391 
189600 0.00119665 0.127154 0.000184896 0 0 0.128548 0.127351 
189800 0.00119413 0.127113 0.000184253 0 0 0.128505 0.127311 
190000 0.00119171 0.127071 0.000183654 0 0 0.12846 0.127269 
190200 0.00118929 0.127029 0.000183054 0 0 0.128416 0.127228 
190400 0.00118687 0.126987 0.000182455 0 0 0.128371 0.127186 
190600 0.00118445 0.126946 0.000181856 0 0 0.128326 0.127144 
190800 0.00118203 0.126904 0.000181257 0 0 0.128281 0.127102 
191000 0.0011796 0.126862 0.000180658 0 0 0.128237 0.12706 
191200 0.00117718 0.12682 0.000180058 0 0 0.128192 0.127019 
191400 0.00117476 0.126778 0.000179459 0 0 0.128147 0.126977 
191600 0.00117234 0.126737 0.00017886 0 0 0.128102 0.126935 
191800 0.00116992 0.126695 0.000178261 0 0 0.128057 0.126893 
192000 0.0011675 0.126653 0.000177661 0 0 0.128013 0.126851 
192200 0.00116508 0.126611 0.000177062 0 0 0.127968 0.12681 
192400 0.00116266 0.126569 0.000176463 0 0 0.127923 0.126768 
192600 0.00116024 0.126528 0.000175864 0 0 0.127878 0.126726 
192800 0.00115782 0.126486 0.000175264 0 0 0.127833 0.126684 
193000 0.0011554 0.126444 0.000174665 0 0 0.127789 0.126642 
193200 0.00115298 0.126402 0.000174066 0 0 0.127744 0.126601 
193400 0.00115056 0.12636 0.000173467 0 0 0.127699 0.126559 
193600 0.00114821 0.126319 0.000172893 0 0 0.127655 0.126518 
193800 0.00114593 0.126279 0.000172345 0 0 0.127611 0.126477 
194000 0.00114365 0.126239 0.000171797 0 0 0.127568 0.126437 
194200 0.00114136 0.126199 0.000171248 0 0 0.127524 0.126396 
194400 0.00113908 0.126159 0.0001707 0 0 0.127481 0.126355 
194600 0.0011368 0.126119 0.000170152 0 0 0.127437 0.126315 
194800 0.00113452 0.126079 0.000169604 0 0 0.127394 0.126274 
195000 0.00113224 0.126039 0.000169055 0 0 0.12735 0.126234 
195200 0.00112996 0.125998 0.000168507 0 0 0.127307 0.126193 
195400 0.00112768 0.125958 0.000167959 0 0 0.127263 0.126153 
195600 0.0011254 0.125918 0.000167411 0 0 0.12722 0.126112 
195800 0.00112312 0.125878 0.000166862 0 0 0.127176 0.126072 
196000 0.00112083 0.125838 0.000166314 0 0 0.127133 0.126031 
196200 0.00111855 0.125798 0.000165766 0 0 0.127089 0.125991 
196400 0.00111627 0.125758 0.000165218 0 0 0.127046 0.12595 
196600 0.00111399 0.125718 0.00016467 0 0 0.127002 0.12591 
196800 0.00111171 0.125677 0.000164121 0 0 0.126959 0.125869 
197000 0.00110943 0.125637 0.000163573 0 0 0.126915 0.125828 
197200 0.00110715 0.125597 0.000163025 0 0 0.126872 0.125788 
197400 0.00110492 0.125558 0.000162491 0 0 0.126829 0.125747 
197600 0.00110273 0.125519 0.000161973 0 0 0.126787 0.125706 
197800 0.00110055 0.12548 0.000161454 0 0 0.126744 0.125664 
198000 0.00109837 0.125442 0.000160935 0 0 0.126702 0.125623 
198200 0.00109619 0.125403 0.000160416 0 0 0.12666 0.125582 
198400 0.00109401 0.125364 0.000159898 0 0 0.126618 0.125541 
198600 0.00109182 0.125325 0.000159379 0 0 0.126576 0.125499 
198800 0.00108964 0.125287 0.00015886 0 0 0.126534 0.125458 
199000 0.00108746 0.125248 0.000158341 0 0 0.126492 0.125417 
199200 0.00108528 0.125209 0.000157823 0 0 0.12645 0.125375 
199400 0.00108309 0.12517 0.000157304 0 0 0.126408 0.125334 
199600 0.00108091 0.125132 0.000156785 0 0 0.126365 0.125293 
199800 0.00107873 0.125093 0.000156266 0 0 0.126323 0.125251 
200000 0.00107655 0.125054 0.000155748 0 0 0.126281 0.12521 
