1000 7.51976 0.00709598 3284.1 0 0 3291.26 3284.1 
1200 7.37808 0.00930232 2197.45 0 0 2204.93 2197.45 
1400 7.2398 0.0116153 1563.36 0 0 1570.63 1563.36 
1600 7.09259 0.0139345 2098.57 0 0 2105.86 2098.64 
1800 6.94883 0.0162246 2937.82 0 0 2944.9 2937.82 
2000 6.79607 0.0185053 2634.83 0 0 2641.81 2634.83 
2200 6.63865 0.020762 2351.4 0 0 2358.1 2351.4 
2400 6.50057 0.0229874 2007.9 0 0 2014.39 2007.91 
2600 6.36016 0.0251756 1718.73 0 0 1725.12 1718.77 
2800 6.21108 0.0273174 1437.91 0 0 1444.09 1437.92 
3000 6.06355 0.0294112 1217.51 0 0 1223.53 1217.52 
3200 5.91946 0.0314562 1038.05 0 0 1044.05 1038.06 
3400 5.78104 0.0334565 893.889 0 0 899.658 893.906 
3600 5.64579 0.0354112 775.946 0 0 781.681 775.963 
3800 5.51467 0.0373008 679.132 0 0 684.646 679.148 
4000 5.38327 0.0391612 598.049 0 0 603.554 598.065 
4200 5.25564 0.0409639 528.681 0 0 533.968 528.698 
4400 5.13086 0.0427216 469.924 0 0 475.075 469.955 
4600 5.00796 0.0444293 419.766 0 0 424.792 419.786 
4800 4.8882 0.046087 376.625 0 0 381.651 376.861 
5000 4.77253 0.0476961 339.607 0 0 344.418 339.634 
5200 4.66036 0.0492547 307.1 0 0 311.688 307.129 
5400 4.55007 0.0507755 278.59 0 0 283.168 278.626 
5600 4.44416 0.0522351 253.586 0 0 258.152 253.619 
5800 4.34206 0.0536645 237.247 0 0 241.656 237.3 
6000 4.24086 0.0550502 217.431 0 0 221.726 217.485 
6200 4.14341 0.0563907 202.251 0 0 206.463 202.307 
6400 4.04965 0.0576953 186.12 0 0 190.233 186.177 
6600 3.9573 0.0589513 173.128 0 0 177.139 173.184 
6800 3.86775 0.0601728 160.112 0 0 164.032 160.168 
7000 3.78289 0.0613702 148.493 0 0 152.344 148.551 
7200 3.69849 0.0625294 137.91 0 0 141.673 137.974 
7400 3.61765 0.0636507 128.454 0 0 132.142 128.514 
7600 3.53902 0.0647607 119.788 0 0 123.38 119.85 
7800 3.46231 0.065809 111.962 0 0 115.49 112.024 
8000 3.38827 0.0668512 104.767 0 0 108.232 104.828 
8200 3.31694 0.0678529 98.1963 0 0 101.584 98.259 
8400 3.24582 0.0688459 92.092 0 0 95.4188 92.1548 
8600 3.17864 0.0698009 86.549 0 0 89.797 86.6111 
8800 3.11307 0.0707324 81.4494 0 0 84.6351 81.5119 
9000 3.04918 0.0716476 76.7569 0 0 79.8773 76.8227 
9200 2.98762 0.0725343 72.4111 0 0 75.4768 72.4781 
9400 2.92794 0.0734033 164.52 0 0 167.521 164.592 
9600 2.87002 0.0742461 155.702 0 0 158.648 155.769 
9800 2.81185 0.0750782 147.545 0 0 150.42 147.612 
10000 2.75695 0.0758898 139.973 0 0 142.798 140.04 
10200 2.70447 0.0766681 132.874 0 0 135.655 132.939 
10400 2.64954 0.0774763 170.16 0 0 172.889 170.247 
10600 2.5997 0.0782261 162.609 0 0 165.276 162.677 
10800 2.5519 0.0789489 155.418 0 0 158.063 155.507 
11000 2.50403 0.0796729 170.452 0 0 173.034 170.541 
11200 2.45657 0.0804086 162.569 0 0 165.106 162.659 
11400 2.41085 0.0811127 155.311 0 0 157.807 155.401 
11600 2.36699 0.0817776 148.651 0 0 151.093 148.728 
11800 2.32363 0.0824515 142.168 0 0 144.562 142.238 
12000 2.28212 0.0831123 136.109 0 0 138.465 136.189 
12200 2.24173 0.0837526 130.479 0 0 132.797 130.571 
12400 2.20033 0.0843993 124.984 0 0 127.262 125.073 
12600 2.16269 0.0849986 120.092 0 0 122.334 120.164 
12800 2.12401 0.0856141 115.229 0 0 117.435 115.301 
13000 2.08682 0.0862285 110.666 0 0 112.835 110.75 
13200 2.05112 0.08682 106.397 0 0 108.538 106.49 
13400 2.01647 0.0873864 102.366 0 0 104.483 102.457 
13600 1.98229 0.0879605 98.5189 0 0 100.586 98.5939 
13800 1.94963 0.0885064 94.9316 0 0 96.9632 95.0176 
14000 1.91748 0.0890507 91.4789 0 0 93.4852 91.573 
14200 1.88583 0.0895956 88.1565 0 0 90.143 88.251 
14400 1.85558 0.0901242 85.0688 0 0 87.0235 85.1634 
14600 1.82571 0.0906375 82.0979 0 0 84.0209 82.1927 
14800 1.79645 0.091146 79.2408 0 0 81.1317 79.3359 
15000 1.76809 0.0916551 76.5228 0 0 78.3807 76.6179 
15200 1.74076 0.0921392 73.9017 0 0 75.7319 73.997 
15400 1.71375 0.0926287 71.3528 0 0 73.1594 71.4483 
15600 1.68751 0.0931091 68.9241 0 0 70.7149 69.0199 
15800 1.66263 0.0935705 66.6901 0 0 68.4529 66.7859 
16000 1.63794 0.0940288 64.5057 0 0 66.2453 64.6015 
16200 1.61344 0.0944838 62.3803 0 0 64.1049 62.4764 
16400 1.58943 0.0949529 60.3616 0 0 62.0483 60.4466 
16600 1.56607 0.0954085 58.4222 0 0 60.0752 58.5016 
16800 1.54399 0.0958267 56.6236 0 0 58.2626 56.7153 
17000 1.52228 0.0962481 54.8846 0 0 56.5013 54.9809 
17200 1.50077 0.0966714 53.1776 0 0 54.7676 53.2745 
17400 1.47953 0.0970849 51.563 0 0 53.1263 51.66 
17600 1.45886 0.097492 50.0027 0 0 51.5481 50.0998 
17800 1.43922 0.0978871 48.5429 0 0 50.0871 48.6404 
18000 1.41991 0.0982833 47.135 0 0 48.6638 47.2326 
18200 1.40081 0.0986804 45.7616 0 0 47.2656 45.8592 
18400 1.38191 0.099068 44.4414 0 0 45.9304 44.539 
18600 1.3632 0.0994514 43.1446 0 0 44.6194 43.2423 
18800 1.34584 0.0998123 41.9745 0 0 43.4258 42.0724 
19000 1.32855 0.100173 40.8191 0 0 42.2468 40.9173 
19200 1.31144 0.100531 39.7079 0 0 41.1117 39.8061 
19400 1.29453 0.100888 38.6156 0 0 40.0001 38.7139 
19600 1.27791 0.101242 37.5517 0 0 38.924 37.65 
19800 1.26183 0.101589 36.5434 0 0 37.9022 36.6418 
20000 1.24619 0.10193 35.5806 0 0 36.9249 35.679 
20200 1.23102 0.102258 34.6396 0 0 35.9767 34.753 
20400 1.21583 0.102592 33.7195 0 0 35.0448 33.8222 
20600 1.2011 0.102916 32.8426 0 0 34.1565 32.9416 
20800 1.18663 0.103234 31.989 0 0 33.2915 32.088 
21000 1.17253 0.103547 31.1764 0 0 32.4611 31.2755 
21200 1.15864 0.103857 30.3858 0 0 31.6492 30.485 
21400 1.14513 0.104162 29.6313 0 0 30.8796 29.7305 
21600 1.13189 0.104463 28.9007 0 0 30.1384 29 
21800 1.11875 0.104759 28.1908 0 0 29.4127 28.2901 
22000 1.10573 0.105051 27.5015 0 0 28.7027 27.6008 
22200 1.09295 0.105341 26.8268 0 0 28.0153 26.9301 
22400 1.08053 0.105629 26.1741 0 0 27.362 26.2873 
22600 1.06827 0.105912 25.5372 0 0 26.7197 25.6555 
22800 1.05644 0.106179 24.948 0 0 26.1107 25.0569 
23000 1.04464 0.106446 24.3604 0 0 25.5038 24.4605 
23200 1.03319 0.106711 23.804 0 0 24.9374 23.9041 
23400 1.02173 0.106975 23.2475 0 0 24.371 23.3477 
23600 1.01071 0.107231 22.7233 0 0 23.837 22.8309 
23800 0.999799 0.107485 22.2072 0 0 23.3111 22.3239 
24000 0.9891 0.107736 21.7113 0 0 22.8046 21.8294 
24200 0.978616 0.107985 21.2354 0 0 22.3176 21.3475 
24400 0.968192 0.108231 20.7644 0 0 21.8358 20.8713 
24600 0.958115 0.108468 20.3202 0 0 21.384 20.4281 
24800 0.948038 0.108705 19.8761 0 0 20.9323 19.9849 
25000 0.938104 0.108936 19.4495 0 0 20.4968 19.5585 
25200 0.928217 0.109165 19.0287 0 0 20.0668 19.1379 
25400 0.918533 0.109392 18.6212 0 0 19.6497 18.7303 
25600 0.909226 0.109615 18.2381 0 0 19.2569 18.3473 
25800 0.899918 0.109837 17.8549 0 0 18.864 17.9642 
26000 0.890764 0.110053 17.488 0 0 18.4881 17.598 
26200 0.881638 0.110267 17.1239 0 0 18.1151 17.2349 
26400 0.872694 0.110477 16.7711 0 0 17.7535 16.8824 
26600 0.864091 0.110682 16.4394 0 0 17.4132 16.5499 
26800 0.855487 0.110886 16.1076 0 0 17.0729 16.2173 
27000 0.847018 0.111088 15.7883 0 0 16.7457 15.8985 
27200 0.838593 0.111289 15.4732 0 0 16.4228 15.5843 
27400 0.830228 0.111488 15.1621 0 0 16.1041 15.2739 
27600 0.822205 0.111673 14.8739 0 0 15.8084 14.9857 
27800 0.814182 0.111857 14.5857 0 0 15.5127 14.6975 
28000 0.80627 0.11204 14.3043 0 0 15.2238 14.4166 
28200 0.798493 0.112222 14.0313 0 0 14.9434 14.1444 
28400 0.790717 0.112403 13.7583 0 0 14.663 13.8722 
28600 0.783211 0.112581 13.503 0 0 14.3999 13.6166 
28800 0.775794 0.112758 13.2536 0 0 14.1427 13.3665 
29000 0.768378 0.112934 13.0042 0 0 13.8854 13.1163 
29200 0.761239 0.113101 12.7705 0 0 13.6447 12.8827 
29400 0.754115 0.113268 12.5377 0 0 13.4048 12.6499 
29600 0.747001 0.113434 12.3058 0 0 13.166 12.4182 
29800 0.739991 0.113598 12.0832 0 0 12.937 12.1966 
30000 0.732981 0.113763 11.8606 0 0 12.708 11.9751 
30200 0.725985 0.11393 11.6433 0 0 12.4826 11.7578 
30400 0.719409 0.114082 11.4375 0 0 12.2708 11.552 
30600 0.712833 0.114235 11.2316 0 0 12.0589 11.3462 
30800 0.706313 0.114386 11.0301 0 0 11.8511 11.1446 
31000 0.699924 0.114531 10.8385 0 0 11.6528 10.953 
31200 0.693535 0.114677 10.6468 0 0 11.4545 10.7614 
31400 0.687232 0.11482 10.4598 0 0 11.2611 10.5746 
31600 0.681127 0.114954 10.2835 0 0 11.079 10.399 
31800 0.675023 0.115088 10.1071 0 0 10.8969 10.2233 
32000 0.668961 0.115223 9.93268 0 0 10.7168 10.0493 
32200 0.663069 0.115356 9.76604 0 0 10.5444 9.88201 
32400 0.657177 0.115489 9.5994 0 0 10.372 9.71473 
32600 0.651311 0.115622 9.43409 0 0 10.201 9.54892 
32800 0.645675 0.115748 9.28076 0 0 10.0421 9.39627 
33000 0.640039 0.115875 9.12744 0 0 9.88324 9.24361 
33200 0.634404 0.116001 8.97412 0 0 9.72436 9.09096 
33400 0.628916 0.116125 8.83007 0 0 9.57485 8.94701 
33600 0.623444 0.116248 8.68705 0 0 9.42638 8.80402 
33800 0.617973 0.116371 8.54404 0 0 9.27792 8.66103 
34000 0.612682 0.116488 8.40711 0 0 9.13601 8.52412 
34200 0.607489 0.116601 8.27347 0 0 8.99765 8.39048 
34400 0.602296 0.116713 8.13983 0 0 8.85928 8.25685 
34600 0.59718 0.116824 8.01 0 0 8.72456 8.12703 
34800 0.592208 0.116933 7.88726 0 0 8.5966 8.00431 
35000 0.587237 0.117041 7.76453 0 0 8.46864 7.88158 
35200 0.582265 0.117149 7.64179 0 0 8.34068 7.75886 
35400 0.577421 0.117254 7.52506 0 0 8.21936 7.64216 
35600 0.572582 0.117359 7.40864 0 0 8.09838 7.52578 
35800 0.567744 0.117464 7.29223 0 0 7.97741 7.4094 
36000 0.563056 0.117562 7.18154 0 0 7.86226 7.29873 
36200 0.558489 0.117656 7.07555 0 0 7.75189 7.19272 
36400 0.553923 0.117749 6.96955 0 0 7.64152 7.08672 
36600 0.549356 0.117842 6.86356 0 0 7.53114 6.98072 
36800 0.544914 0.117936 6.76301 0 0 7.42622 6.88078 
37000 0.540472 0.118029 6.66247 0 0 7.3213 6.78084 
37200 0.536029 0.118122 6.56192 0 0 7.21637 6.6809 
37400 0.531697 0.118213 6.46501 0 0 7.11515 6.58433 
37600 0.527497 0.118302 6.37254 0 0 7.01844 6.49187 
37800 0.523298 0.11839 6.28008 0 0 6.92172 6.39942 
38000 0.519099 0.118479 6.18761 0 0 6.82501 6.30696 
38200 0.51504 0.118558 6.10079 0 0 6.73449 6.22015 
38400 0.511017 0.118634 6.01538 0 0 6.6455 6.13475 
38600 0.506994 0.118711 5.92997 0 0 6.55652 6.04935 
38800 0.502977 0.118787 5.84479 0 0 6.46774 5.96418 
39000 0.499071 0.118866 5.76398 0 0 6.3828 5.88337 
39200 0.495165 0.118945 5.68317 0 0 6.29787 5.80257 
39400 0.491259 0.119023 5.60236 0 0 6.21294 5.72177 
39600 0.487425 0.119101 5.52336 0 0 6.1299 5.64278 
39800 0.483758 0.119176 5.44861 0 0 6.05131 5.56803 
40000 0.480091 0.119251 5.37386 0 0 5.97271 5.49327 
40200 0.476487 0.119317 5.30136 0 0 5.89611 5.42077 
40400 0.472907 0.119383 5.22999 0 0 5.8209 5.3494 
40600 0.46937 0.119448 5.50137 0 0 6.0889 5.62077 
40800 0.465834 0.119513 5.42752 0 0 6.01168 5.54693 
41000 0.462298 0.119579 5.35368 0 0 5.93447 5.47308 
41200 0.45883 0.119643 5.28178 0 0 5.85945 5.40118 
41400 0.455447 0.119707 5.21226 0 0 5.78712 5.33166 
41600 0.452064 0.11977 5.14273 0 0 5.71479 5.26213 
41800 0.448681 0.119834 5.0732 0 0 5.64247 5.19261 
42000 0.445361 0.119896 5.00617 0 0 5.57243 5.12558 
42200 0.442118 0.119956 4.94219 0 0 5.50519 5.0616 
42400 0.438875 0.120016 4.87821 0 0 5.43796 4.99761 
42600 0.435632 0.120076 4.81424 0 0 5.37072 4.93363 
42800 0.43244 0.120133 4.75168 0 0 5.30493 4.87106 
43000 0.429343 0.120185 4.69176 0 0 5.24181 4.81114 
43200 0.426245 0.120237 4.63184 0 0 5.17869 4.75121 
43400 0.423148 0.120289 4.57191 0 0 5.11557 4.69129 
43600 0.420092 0.120341 4.51304 0 0 5.05352 4.63242 
43800 0.417203 0.120391 4.45838 0 0 4.99577 4.57774 
44000 0.414313 0.12044 4.40372 0 0 4.93802 4.52307 
44200 0.411424 0.12049 4.34905 0 0 4.88027 4.4684 
44400 0.408535 0.12054 4.29439 0 0 4.82251 4.41373 
44600 0.405696 0.120587 4.24211 0 0 4.7676 4.36146 
44800 0.402862 0.120633 4.1901 0 0 4.71299 4.30946 
45000 0.400029 0.12068 4.13809 0 0 4.65839 4.25746 
45200 0.397195 0.120727 4.08608 0 0 4.60378 4.20546 
45400 0.394477 0.12077 4.03667 0 0 4.55183 4.15632 
45600 0.391836 0.12081 3.98899 0 0 4.50165 4.10908 
45800 0.389194 0.120851 3.94132 0 0 4.45146 4.06185 
46000 0.386553 0.120891 3.89364 0 0 4.40128 4.01462 
46200 0.383924 0.120932 3.84642 0 0 4.35156 3.96777 
46400 0.381364 0.120972 3.80178 0 0 4.30445 3.92313 
46600 0.378803 0.121012 3.75715 0 0 4.25733 3.87848 
46800 0.376243 0.121051 3.71252 0 0 4.21022 3.83384 
47000 0.373682 0.121091 3.66788 0 0 4.16311 3.78919 
47200 0.37119 0.121128 3.62518 0 0 4.11796 3.74649 
47400 0.368735 0.121164 3.58351 0 0 4.07388 3.70484 
47600 0.36628 0.1212 3.54185 0 0 4.02979 3.66318 
47800 0.363825 0.121236 3.50019 0 0 3.98571 3.62152 
48000 0.361377 0.121271 3.45869 0 0 3.94179 3.58003 
48200 0.359068 0.121302 3.42031 0 0 3.90105 3.54164 
48400 0.356758 0.121332 3.38193 0 0 3.86031 3.50325 
48600 0.354449 0.121363 3.34356 0 0 3.81957 3.46486 
48800 0.352139 0.121393 3.30518 0 0 3.77883 3.42647 
49000 0.349863 0.121424 3.26774 0 0 3.73921 3.38918 
49200 0.347648 0.121453 3.23206 0 0 3.70166 3.35392 
49400 0.345433 0.121482 3.19638 0 0 3.66411 3.31867 
49600 0.343218 0.12151 3.1607 0 0 3.62657 3.28341 
49800 0.341003 0.121539 3.12502 0 0 3.58902 3.24815 
50000 0.338894 0.121566 3.09064 0 0 3.55156 3.21189 
50200 0.336783 0.121593 3.05719 0 0 3.51605 3.17842 
50400 0.334671 0.121621 3.02374 0 0 3.48053 3.14495 
50600 0.332559 0.121648 2.99029 0 0 3.44502 3.11148 
50800 0.330447 0.121676 2.95684 0 0 3.4095 3.07802 
51000 0.328418 0.121699 2.92508 0 0 3.37586 3.04654 
51200 0.326425 0.12172 2.89405 0 0 3.34303 3.01591 
51400 0.324431 0.121741 2.86302 0 0 3.3102 2.98529 
51600 0.322438 0.121763 2.83199 0 0 3.27736 2.95467 
51800 0.320444 0.121784 2.80096 0 0 3.24453 2.92404 
52000 0.318525 0.121803 2.77139 0 0 3.21288 2.89458 
52200 0.316637 0.121822 2.74243 0 0 3.18174 2.86561 
52400 0.314749 0.121841 2.71348 0 0 3.15061 2.83664 
52600 0.312861 0.12186 2.68453 0 0 3.11947 2.80768 
52800 0.310974 0.121878 2.65558 0 0 3.08833 2.77871 
53000 0.309123 0.121898 2.6283 0 0 3.05891 2.75115 
53200 0.307293 0.121918 2.60192 0 0 3.03041 2.72436 
53400 0.305463 0.121937 2.57553 0 0 3.00191 2.69756 
53600 0.303633 0.121957 2.54915 0 0 2.97341 2.67077 
53800 0.301803 0.121977 2.52277 0 0 2.94492 2.64397 
54000 0.300018 0.121993 2.49691 0 0 2.9173 2.61806 
54200 0.298288 0.122005 2.4717 0 0 2.89078 2.59323 
54400 0.296558 0.122017 2.44649 0 0 2.86425 2.5684 
54600 0.294828 0.122029 2.42128 0 0 2.83773 2.54357 
54800 0.293098 0.12204 2.39607 0 0 2.8112 2.51874 
55000 0.291383 0.122052 2.37124 0 0 2.78495 2.49418 
55200 0.289727 0.122065 2.34792 0 0 2.7598 2.47069 
55400 0.288071 0.122078 2.3246 0 0 2.73464 2.4472 
55600 0.286415 0.122091 2.30128 0 0 2.70949 2.42371 
55800 0.284759 0.122104 2.27796 0 0 2.68433 2.40022 
56000 0.283103 0.122117 2.25464 0 0 2.65918 2.37673 
56200 0.281521 0.122125 2.23291 0 0 2.636 2.35499 
56400 0.279951 0.122132 2.21146 0 0 2.61316 2.33356 
56600 0.278381 0.122138 2.19001 0 0 2.59033 2.31213 
56800 0.276812 0.122145 2.16856 0 0 2.5675 2.2907 
57000 0.275242 0.122152 2.14711 0 0 2.54467 2.26927 
57200 0.273709 0.122158 2.12617 0 0 2.52226 2.24835 
57400 0.272245 0.122164 2.10617 0 0 2.50066 2.22837 
57600 0.27078 0.12217 2.08617 0 0 2.47906 2.2084 
57800 0.269316 0.122176 2.06617 0 0 2.45745 2.18842 
58000 0.267851 0.122182 2.04617 0 0 2.43585 2.16844 
58200 0.266386 0.122188 2.02618 0 0 2.41425 2.14847 
58400 0.264943 0.122194 2.00721 0 0 2.3939 2.1295 
58600 0.263506 0.1222 1.98859 0 0 2.37397 2.11086 
58800 0.262069 0.122205 1.96997 0 0 2.35405 2.09223 
59000 0.260632 0.122211 1.95135 0 0 2.33412 2.07359 
59200 0.259196 0.122217 1.93273 0 0 2.3142 2.05495 
59400 0.257762 0.122222 1.91416 0 0 2.29431 2.03636 
59600 0.256383 0.122224 1.89646 0 0 2.27515 2.01864 
59800 0.255004 0.122226 1.87876 0 0 2.256 2.00092 
60000 0.253625 0.122227 1.86106 0 0 2.23685 1.98321 
60200 0.252258 0.122225 1.8441 0 0 2.21857 1.9663 
60400 0.250891 0.122224 1.82714 0 0 2.20028 1.94939 
60600 0.249546 0.122222 1.81037 0 0 2.18221 1.93266 
60800 0.248269 0.122222 1.79421 0 0 2.16475 1.91648 
61000 0.246992 0.122221 1.77805 0 0 2.1473 1.9003 
61200 0.245715 0.12222 1.76189 0 0 2.12985 1.88413 
61400 0.244438 0.12222 1.74573 0 0 2.11239 1.86795 
61600 0.243161 0.122219 1.72957 0 0 2.09494 1.85177 
61800 0.241896 0.122218 1.71382 0 0 2.07792 1.83602 
62000 0.240654 0.122216 1.69885 0 0 2.06172 1.82105 
62200 0.239411 0.122214 1.68387 0 0 2.04552 1.80609 
62400 0.238168 0.122212 1.66889 0 0 2.02932 1.79112 
62600 0.236925 0.12221 1.65391 0 0 2.01312 1.77616 
62800 0.235683 0.122208 1.63893 0 0 1.99691 1.7612 
63000 0.234454 0.122205 1.62412 0 0 1.98088 1.74639 
63200 0.233259 0.122198 1.60969 0 0 1.96525 1.73196 
63400 0.232096 0.122192 7.74541 0 0 8.10046 7.86767 
63600 0.23096 0.122189 7.68297 0 0 8.03648 7.80522 
63800 0.229824 0.122185 7.62052 0 0 7.9725 7.74276 
64000 0.228688 0.122182 7.55807 0 0 7.90852 7.68031 
64200 0.227552 0.122178 7.49606 0 0 7.84504 7.61829 
64400 0.22642 0.122172 7.43648 0 0 7.78438 7.55869 
64600 0.225288 0.122166 7.37691 0 0 7.72372 7.4991 
64800 0.224155 0.12216 7.31734 0 0 7.66306 7.43951 
65000 0.223023 0.122154 7.25776 0 0 7.6024 7.37992 
65200 0.221891 0.122148 7.19819 0 0 7.54173 7.32033 
65400 0.220758 0.122142 7.13862 0 0 7.48107 7.26074 
65600 0.219687 0.122132 7.083 0 0 7.42438 7.20509 
65800 0.218622 0.122121 7.02782 0 0 7.36813 7.14988 
66000 0.217557 0.12211 6.97264 0 0 7.31188 7.09467 
66200 0.216492 0.122099 6.91746 0 0 7.25564 7.03945 
66400 0.215427 0.122088 6.86228 0 0 7.19939 6.98424 
66600 0.214362 0.122078 6.8071 0 0 7.14314 6.92903 
66800 0.213326 0.122069 6.75385 0 0 7.08884 6.87576 
67000 0.21232 0.122062 6.70252 0 0 7.03649 6.82442 
67200 0.211313 0.122055 6.65119 0 0 6.98413 6.77308 
67400 0.210307 0.122049 6.59986 0 0 6.93178 6.72175 
67600 0.209301 0.122042 6.54854 0 0 6.87943 6.67041 
67800 0.208294 0.122035 6.49721 0 0 6.82708 6.61907 
68000 0.207288 0.122029 6.44588 0 0 6.77472 6.56773 
68200 0.206324 0.122018 6.39773 0 0 6.72555 6.51955 
68400 0.205362 0.122007 6.34974 0 0 6.67654 6.47154 
68600 0.2044 0.121996 6.30175 0 0 6.62754 6.42352 
68800 0.203439 0.121984 6.25377 0 0 6.57853 6.3755 
69000 0.202477 0.121973 6.20578 0 0 6.52952 6.32749 
69200 0.201515 0.121962 6.1578 0 0 6.48052 6.27947 
69400 0.200567 0.121951 6.11069 0 0 6.43249 6.23233 
69600 0.199649 0.12194 6.06562 0 0 6.38672 6.18725 
69800 0.198731 0.121928 6.02056 0 0 6.34096 6.14216 
70000 0.197813 0.121917 5.9755 0 0 6.29521 6.09708 
70200 0.196895 0.121905 5.93043 0 0 6.24945 6.05199 
70400 0.195977 0.121894 5.88537 0 0 6.20369 6.00691 
70600 0.195058 0.121882 5.84031 0 0 6.15793 5.96182 
70800 0.194164 0.121869 5.79697 0 0 6.11373 5.91863 
71000 0.193289 0.121853 5.75504 0 0 6.07082 5.87698 
71200 0.192414 0.121838 5.71311 0 0 6.02791 5.83533 
71400 0.191539 0.121822 5.67118 0 0 5.985 5.79368 
71600 0.190664 0.121807 5.62925 0 0 5.94209 5.75203 
71800 0.189789 0.121791 5.58732 0 0 5.89918 5.71039 
72000 0.188914 0.121776 5.54539 0 0 5.85627 5.66874 
72200 0.188067 0.12176 5.50541 0 0 5.81553 5.62866 
72400 0.187236 0.121744 5.46649 0 0 5.77595 5.58942 
72600 0.186404 0.121729 5.42757 0 0 5.73638 5.55018 
72800 0.185573 0.121713 5.38865 0 0 5.6968 5.51094 
73000 0.184742 0.121698 5.34973 0 0 5.65723 5.4717 
73200 0.18391 0.121682 5.31081 0 0 5.61765 5.43247 
73400 0.183079 0.121667 5.27189 0 0 5.57808 5.39323 
73600 0.182271 0.121651 5.23451 0 0 5.53988 5.35589 
73800 0.181478 0.121636 5.19818 0 0 5.5026 5.31982 
74000 0.180686 0.12162 5.16184 0 0 5.46533 5.28375 
74200 0.179894 0.121605 5.1255 0 0 5.42805 5.24768 
74400 0.179101 0.12159 5.08917 0 0 5.39077 5.21162 
74600 0.178309 0.121574 5.05283 0 0 5.35349 5.17555 
74800 0.177517 0.121559 5.01649 0 0 5.31622 5.13948 
75000 0.176737 0.121542 4.98117 0 0 5.27996 5.10419 
75200 0.175978 0.121524 4.94736 0 0 5.24524 5.07008 
75400 0.175218 0.121505 4.91356 0 0 5.21052 5.03597 
75600 0.174458 0.121487 4.87975 0 0 5.1758 5.00185 
75800 0.173699 0.121468 4.84595 0 0 5.14108 4.96774 
76000 0.172939 0.12145 4.81214 0 0 5.10636 4.93363 
76200 0.172179 0.121431 4.77834 0 0 5.07164 4.89952 
76400 0.171424 0.121413 4.74474 0 0 5.03715 4.86567 
76600 0.170708 0.121395 4.71298 0 0 5.00478 4.83417 
76800 0.169992 0.121377 4.68122 0 0 4.97241 4.80268 
77000 0.169276 0.121359 4.64946 0 0 4.94003 4.77119 
77200 0.16856 0.121341 4.61771 0 0 4.90766 4.7397 
77400 0.167844 0.121323 4.58595 0 0 4.87529 4.7082 
77600 0.167128 0.121304 4.55419 0 0 4.84292 4.67671 
77800 0.166412 0.121286 4.52243 0 0 4.81055 4.64522 
78000 0.16571 0.121268 4.4921 0 0 4.77944 4.61481 
78200 0.165018 0.121248 4.46271 0 0 4.74917 4.58513 
78400 0.164326 0.121229 4.43333 0 0 4.71891 4.55545 
78600 0.163634 0.121209 4.40395 0 0 4.68864 4.52576 
78800 0.162942 0.12119 4.37456 0 0 4.65837 4.49608 
79000 0.162251 0.121171 4.34518 0 0 4.6281 4.4664 
79200 0.161559 0.121151 4.3158 0 0 4.59784 4.43672 
79400 0.160867 0.121132 4.28641 0 0 4.56757 4.40703 
79600 0.160204 0.12111 4.25807 0 0 4.53915 4.37866 
79800 0.159542 0.121088 4.22972 0 0 4.51074 4.35029 
80000 0.158879 0.121066 4.20137 0 0 4.48232 4.32192 
80200 0.158224 0.121043 4.17406 0 0 4.45408 4.29459 
80400 0.157569 0.121021 4.14675 0 0 4.42583 4.26726 
80600 0.156913 0.120999 4.11945 0 0 4.39758 4.23993 
80800 0.156258 0.120977 4.09214 0 0 4.36934 4.21259 
81000 0.155611 0.120955 4.06524 0 0 4.34159 4.18574 
81200 0.154989 0.120933 4.03956 0 0 4.31533 4.1603 
81400 0.154367 0.120912 4.01389 0 0 4.28908 4.13487 
81600 0.153745 0.120891 3.98821 0 0 4.26282 4.10944 
81800 0.153123 0.12087 3.96254 0 0 4.23657 4.084 
82000 0.1525 0.120849 3.93686 0 0 4.21031 4.05857 
82200 0.151878 0.120828 3.91119 0 0 4.18405 4.03314 
82400 0.151256 0.120806 3.88551 0 0 4.1578 4.0077 
82600 0.150641 0.120785 3.86033 0 0 4.13204 3.9826 
82800 0.15004 0.120762 3.8363 0 0 4.10743 3.95829 
83000 0.14944 0.120739 3.81226 0 0 4.08282 3.93397 
83200 0.148839 0.120716 3.78823 0 0 4.05821 3.90965 
83400 0.148239 0.120693 3.76419 0 0 4.0336 3.88534 
83600 0.147639 0.12067 3.74015 0 0 4.00899 3.86102 
83800 0.147038 0.120647 3.71612 0 0 3.98439 3.8367 
84000 0.146438 0.120624 3.69208 0 0 3.95978 3.81239 
84200 0.145846 0.120601 3.66852 0 0 3.93558 3.7886 
84400 0.145279 0.120578 3.64635 0 0 3.9126 3.76642 
84600 0.144711 0.120555 3.62419 0 0 3.88963 3.74423 
84800 0.144144 0.120531 3.60202 0 0 3.86665 3.72204 
85000 0.143577 0.120508 3.57986 0 0 3.84368 3.69986 
85200 0.14301 0.120485 3.55769 0 0 3.8207 3.67767 
85400 0.142443 0.120461 3.53553 0 0 3.79773 3.65549 
85600 0.141876 0.120438 3.51336 0 0 3.77475 3.6333 
85800 0.141309 0.120415 3.4912 0 0 3.75177 3.61111 
86000 0.140762 0.12039 3.47007 0 0 3.73034 3.58996 
86200 0.140215 0.120364 3.44894 0 0 3.70891 3.56881 
86400 0.139668 0.120339 3.42781 0 0 3.68748 3.54766 
86600 0.139122 0.120314 3.40668 0 0 3.66605 3.52651 
86800 0.138575 0.120289 3.38555 0 0 3.64462 3.50536 
87000 0.138028 0.120264 3.36443 0 0 3.62319 3.48421 
87200 0.137481 0.120239 3.3433 0 0 3.60176 3.46305 
87400 0.136935 0.120214 3.32217 0 0 3.58034 3.4419 
87600 0.136406 0.120188 3.30217 0 0 3.55972 3.42188 
87800 0.135888 0.120162 3.28277 0 0 3.53954 3.40246 
88000 0.135369 0.120135 3.26338 0 0 3.51937 3.38305 
88200 0.134851 0.120109 3.24398 0 0 3.49919 3.36363 
88400 0.134333 0.120082 3.22459 0 0 3.47901 3.34422 
88600 0.133814 0.120056 3.2052 0 0 3.45884 3.3248 
88800 0.133296 0.120029 3.1858 0 0 3.43866 3.30538 
89000 0.132778 0.120003 3.16641 0 0 3.41848 3.28597 
89200 0.132262 0.119976 3.14713 0 0 3.39847 3.26667 
89400 0.13177 0.119949 3.12892 0 0 3.37997 3.24843 
89600 0.131279 0.119922 3.1107 0 0 3.36147 3.23019 
89800 0.130788 0.119895 3.09248 0 0 3.34296 3.21195 
90000 0.130296 0.119867 3.07427 0 0 3.32446 3.19371 
90200 0.129805 0.11984 3.05605 0 0 3.30596 3.17548 
90400 0.129314 0.119813 3.03784 0 0 3.28745 3.15724 
90600 0.128822 0.119786 3.01962 0 0 3.26895 3.139 
90800 0.128331 0.119758 3.0014 0 0 3.25044 3.12076 
91000 0.127848 0.119731 2.98363 0 0 3.2323 3.10304 
91200 0.12738 0.119705 2.96667 0 0 3.21483 3.0863 
91400 0.126911 0.119679 2.94972 0 0 3.19736 3.06956 
91600 0.126443 0.119653 2.93276 0 0 3.17989 3.05282 
91800 0.125975 0.119626 2.91581 0 0 3.16242 3.03608 
92000 0.125507 0.1196 2.89885 0 0 3.14495 3.01933 
92200 0.125039 0.119574 2.8819 0 0 3.12748 3.00259 
92400 0.124571 0.119548 2.86494 0 0 3.11001 2.98585 
92600 0.124103 0.119521 2.84799 0 0 3.09254 2.96911 
92800 0.123644 0.119494 2.83158 0 0 3.07562 2.9527 
93000 0.123196 0.119465 2.81584 0 0 3.05938 2.93672 
93200 0.122748 0.119436 2.80011 0 0 3.04313 2.92073 
93400 0.1223 0.119407 2.78437 0 0 3.02689 2.90474 
93600 0.121852 0.119378 2.76864 0 0 3.01065 2.88875 
93800 0.121404 0.119349 2.7529 0 0 2.99441 2.87276 
94000 0.120956 0.11932 2.73717 0 0 2.97816 2.85678 
94200 0.120508 0.11929 2.72143 0 0 2.96192 2.84079 
94400 0.12006 0.119261 2.7057 0 0 2.94568 2.8248 
94600 0.119621 0.119233 2.69037 0 0 2.92985 2.80932 
94800 0.119197 0.119204 2.67567 0 0 2.91465 2.79459 
95000 0.118773 0.119176 2.66096 0 0 2.89945 2.77987 
95200 0.118349 0.119147 2.64626 0 0 2.88425 2.76514 
95400 0.117925 0.119119 2.63156 0 0 2.86905 2.75042 
95600 0.117501 0.11909 2.61685 0 0 2.85385 2.73569 
95800 0.117077 0.119062 2.60215 0 0 2.83866 2.72097 
96000 0.116653 0.119034 2.58744 0 0 2.82346 2.70624 
96200 0.116229 0.119005 2.57274 0 0 2.80826 2.69152 
96400 0.115807 0.118977 2.55817 0 0 2.7932 2.67693 
96600 0.115399 0.118948 2.54438 0 0 2.77892 2.66312 
96800 0.114992 0.11892 2.53059 0 0 2.76464 2.6493 
97000 0.114584 0.118892 2.5168 0 0 2.75037 2.63549 
97200 0.114177 0.118863 2.50301 0 0 2.73609 2.62168 
97400 0.113769 0.118835 2.48923 0 0 2.72181 2.60787 
97600 0.113361 0.118806 2.47544 0 0 2.70754 2.59406 
97800 0.112954 0.118778 2.46165 0 0 2.69326 2.58024 
98000 0.112546 0.118749 2.44786 0 0 2.67898 2.56643 
98200 0.112139 0.118721 2.43407 0 0 2.66471 2.55262 
98400 0.111748 0.118692 2.42097 0 0 2.65128 2.5395 
98600 0.111363 0.118664 2.4081 0 0 2.63813 2.52661 
98800 0.110978 0.118635 2.39523 0 0 2.62497 2.51372 
99000 0.110592 0.118606 2.38236 0 0 2.61182 2.50083 
99200 0.110207 0.118577 2.36949 0 0 2.59867 2.48794 
99400 0.109822 0.118549 2.35662 0 0 2.58552 2.47504 
99600 0.109437 0.11852 2.34375 0 0 2.57237 2.46215 
99800 0.109051 0.118491 2.33088 0 0 2.55922 2.44926 
100000 0.108666 0.118462 2.31801 0 0 2.54607 2.43637 
100200 0.108336 0.118447 2.30738 0 0 2.53333 2.42572 
100400 0.107958 0.118415 2.29508 0 0 2.52076 2.4134 
100600 0.107581 0.118384 2.28278 0 0 2.5082 2.40108 
100800 0.107203 0.118352 2.27048 0 0 2.49564 2.38875 
101000 0.106825 0.11832 2.25818 0 0 2.48307 2.37643 
101200 0.106447 0.118289 2.24588 0 0 2.47051 2.36411 
101400 0.106069 0.118257 2.23357 0 0 2.45795 2.35178 
101600 0.105692 0.118225 2.22127 0 0 2.44539 2.33946 
101800 0.105314 0.118194 2.20897 0 0 2.43282 2.32713 
102000 0.104936 0.118162 2.19667 0 0 2.42026 2.31481 
102200 0.104573 0.118132 2.18495 0 0 2.40823 2.30311 
102400 0.104225 0.118102 2.17382 0 0 2.39672 2.29204 
102600 0.103878 0.118072 2.16269 0 0 2.38521 2.28097 
102800 0.10353 0.118043 2.15156 0 0 2.37371 2.2699 
103000 0.103182 0.118013 2.14043 0 0 2.3622 2.25883 
103200 0.102834 0.117983 2.12929 0 0 2.3507 2.24776 
103400 0.102487 0.117954 2.11816 0 0 2.33919 2.23669 
103600 0.102139 0.117924 2.10703 0 0 2.32768 2.22562 
103800 0.101791 0.117895 2.0959 0 0 2.31618 2.21455 
104000 0.101443 0.117865 2.08476 0 0 2.30467 2.20348 
104200 0.101109 0.117835 2.07416 0 0 2.29364 2.19285 
104400 0.100788 0.117804 2.06408 0 0 2.28309 2.18265 
104600 0.100467 0.117773 2.05401 0 0 2.27254 2.17245 
104800 0.100147 0.117742 2.04393 0 0 2.26199 2.16226 
105000 0.0998259 0.117711 2.03386 0 0 2.25144 2.15206 
105200 0.0995051 0.11768 2.02378 0 0 2.24089 2.14187 
105400 0.0991844 0.117649 2.01371 0 0 2.23034 2.13167 
105600 0.0988636 0.117618 2.00363 0 0 2.21979 2.12148 
105800 0.0985429 0.117587 1.99355 0 0 2.20924 2.11128 
106000 0.0982221 0.117556 1.98348 0 0 2.19869 2.10108 
106200 0.0979013 0.117525 1.9734 0 0 2.18814 2.09089 
106400 0.0975756 0.117493 1.96335 0 0 2.1778 2.08082 
106600 0.0972499 0.117461 1.95331 0 0 2.16747 2.07075 
106800 0.0969242 0.117429 1.94326 0 0 2.15713 2.06068 
107000 0.0965984 0.117397 1.93321 0 0 2.14679 2.05061 
107200 0.0962727 0.117365 1.92316 0 0 2.13646 2.04054 
107400 0.095947 0.117332 1.91311 0 0 2.12612 2.03047 
107600 0.0956213 0.1173 1.90306 0 0 2.11578 2.0204 
107800 0.0952956 0.117268 1.89302 0 0 2.10544 2.01033 
108000 0.0949699 0.117236 1.88297 0 0 2.09511 2.00026 
108200 0.0946441 0.117204 1.87292 0 0 2.08477 1.99019 
108400 0.0943561 0.117174 1.86425 0 0 2.07578 1.98148 
108600 0.094068 0.117145 1.85558 0 0 2.06679 1.97277 
108800 0.0937799 0.117115 1.84691 0 0 2.0578 1.96406 
109000 0.0934918 0.117086 1.83824 0 0 2.04881 1.95535 
109200 0.0932037 0.117056 1.82957 0 0 2.03982 1.94664 
109400 0.0929156 0.117026 1.8209 0 0 2.03083 1.93793 
109600 0.0926275 0.116997 1.81223 0 0 2.02184 1.92922 
109800 0.0923395 0.116967 1.80356 0 0 2.01285 1.92051 
110000 0.0920514 0.116938 1.79489 0 0 2.00386 1.9118 
110200 0.0917633 0.116908 1.78622 0 0 1.99487 1.90309 
110400 0.0914752 0.116878 1.77755 0 0 1.98588 1.89439 
110600 0.0911839 0.116847 1.76891 0 0 1.97693 1.88573 
110800 0.0908927 0.116816 1.76027 0 0 1.96798 1.87707 
111000 0.0906014 0.116785 1.75163 0 0 1.95902 1.86841 
111200 0.0903101 0.116753 1.74299 0 0 1.95007 1.85975 
111400 0.0900188 0.116722 1.73436 0 0 1.94112 1.85109 
111600 0.0897276 0.116691 1.72572 0 0 1.93217 1.84243 
111800 0.0894363 0.11666 1.71708 0 0 1.92322 1.83377 
112000 0.089145 0.116628 1.70844 0 0 1.91426 1.82511 
112200 0.0888537 0.116597 1.69981 0 0 1.90531 1.81645 
112400 0.0885625 0.116566 1.69117 0 0 1.89636 1.80779 
112600 0.0882819 0.116534 1.68294 0 0 1.88781 1.79953 
112800 0.088012 0.116502 1.67512 0 0 1.87967 1.79167 
113000 0.087742 0.11647 1.6673 0 0 1.87153 1.78381 
113200 0.0874721 0.116437 1.65948 0 0 1.86339 1.77595 
113400 0.0872022 0.116405 1.65166 0 0 1.85525 1.76809 
113600 0.0869323 0.116373 1.64384 0 0 1.84711 1.76023 
113800 0.0866624 0.116341 1.63602 0 0 1.83898 1.75237 
114000 0.0863925 0.116308 1.6282 0 0 1.83084 1.74451 
114200 0.0861226 0.116276 1.62038 0 0 1.8227 1.73666 
114400 0.0858526 0.116244 1.61256 0 0 1.81456 1.7288 
114600 0.0855827 0.116212 1.60474 0 0 1.80642 1.72094 
114800 0.0853225 0.11618 1.59727 0 0 1.79865 1.71343 
115000 0.085072 0.116149 1.59014 0 0 1.79125 1.70628 
115200 0.0848215 0.116117 1.58301 0 0 1.78385 1.69913 
115400 0.084571 0.116086 1.57588 0 0 1.77645 1.69199 
115600 0.0843206 0.116055 1.56875 0 0 1.76906 1.68484 
115800 0.08407 0.116024 1.56162 0 0 1.76166 1.67769 
116000 0.0838196 0.115993 1.55449 0 0 1.75426 1.67054 
116200 0.0835691 0.115961 1.54737 0 0 1.74686 1.66339 
116400 0.0833186 0.11593 1.54024 0 0 1.73947 1.65624 
116600 0.0830681 0.115899 1.53311 0 0 1.73207 1.64909 
116800 0.0828176 0.115868 1.52598 0 0 1.72467 1.64195 
117000 0.0825671 0.115836 1.51885 0 0 1.71727 1.6348 
117200 0.0823152 0.115804 1.51181 0 0 1.70993 1.62769 
117400 0.0820633 0.115771 1.50476 0 0 1.70258 1.62058 
117600 0.0818114 0.115738 1.49771 0 0 1.69523 1.61348 
117800 0.0815594 0.115705 1.49067 0 0 1.68789 1.60637 
118000 0.0813075 0.115672 1.48362 0 0 1.68054 1.59926 
118200 0.0810556 0.115639 1.47657 0 0 1.67319 1.59216 
118400 0.0808037 0.115606 1.46952 0 0 1.66585 1.58505 
118600 0.0805518 0.115573 1.46248 0 0 1.6585 1.57795 
118800 0.0802999 0.115541 1.45543 0 0 1.65116 1.57084 
119000 0.0800479 0.115508 1.44838 0 0 1.64381 1.56373 
119200 0.079796 0.115475 1.44134 0 0 1.63646 1.55663 
119400 0.0795706 0.115443 1.43518 0 0 1.63006 1.55045 
119600 0.0793452 0.115412 1.42902 0 0 1.62367 1.54427 
119800 0.0791199 0.11538 1.42286 0 0 1.61727 1.53809 
120000 0.0788945 0.115348 1.4167 0 0 1.61087 1.53192 
120200 0.0786691 0.115317 1.41055 0 0 1.60447 1.52574 
120400 0.0784437 0.115285 1.40439 0 0 1.59807 1.51956 
120600 0.0782183 0.115254 1.39823 0 0 1.59168 1.51338 
120800 0.077993 0.115222 1.39207 0 0 1.58528 1.50721 
121000 0.0777676 0.115191 1.38591 0 0 1.57888 1.50103 
121200 0.0775422 0.115159 1.37975 0 0 1.57248 1.49485 
121400 0.0773168 0.115127 1.3736 0 0 1.56608 1.48867 
121600 0.0770914 0.115096 1.36744 0 0 1.55969 1.4825 
121800 0.0768735 0.115064 1.3616 0 0 1.55359 1.47664 
122000 0.0766556 0.115032 1.35576 0 0 1.54749 1.47078 
122200 0.0764376 0.115 1.34992 0 0 1.5414 1.46492 
122400 0.0762197 0.114968 1.34408 0 0 1.5353 1.45906 
122600 0.0760018 0.114936 1.33824 0 0 1.5292 1.4532 
122800 0.0757838 0.114904 1.3324 0 0 1.52311 1.44734 
123000 0.0755659 0.114872 1.32656 0 0 1.51701 1.44148 
123200 0.0753479 0.11484 1.32072 0 0 1.51092 1.43562 
123400 0.07513 0.114808 1.31488 0 0 1.50482 1.42976 
123600 0.074912 0.114776 1.30904 0 0 1.49872 1.4239 
123800 0.0746941 0.114744 1.3032 0 0 1.49263 1.41804 
124000 0.0744762 0.114712 1.29736 0 0 1.48653 1.41218 
124200 0.0742672 0.11468 1.29183 0 0 1.48075 1.4066 
124400 0.0740582 0.114648 1.28629 0 0 1.47497 1.40103 
124600 0.0738493 0.114616 1.28075 0 0 1.4692 1.39545 
124800 0.0736403 0.114584 1.27521 0 0 1.46342 1.38988 
125000 0.0734313 0.114551 1.26967 0 0 1.45764 1.3843 
125200 0.0732223 0.114519 1.26413 0 0 1.45186 1.37873 
125400 0.0730134 0.114487 1.25859 0 0 1.44608 1.37315 
125600 0.0728044 0.114455 1.25306 0 0 1.44031 1.36757 
125800 0.0725954 0.114422 1.24752 0 0 1.43453 1.362 
126000 0.0723865 0.11439 1.24198 0 0 1.42875 1.35642 
126200 0.0721775 0.114358 1.23644 0 0 1.42297 1.35085 
126400 0.0719685 0.114326 1.2309 0 0 1.4172 1.34527 
126600 0.0717652 0.114293 1.22563 0 0 1.41168 1.33996 
126800 0.0715619 0.11426 1.22036 0 0 1.40617 1.33465 
127000 0.0713585 0.114228 1.21508 0 0 1.40066 1.32934 
127200 0.0711552 0.114195 1.20981 0 0 1.39515 1.32403 
127400 0.0709519 0.114162 1.20454 0 0 1.38964 1.31872 
127600 0.0707486 0.11413 1.19927 0 0 1.38413 1.31341 
127800 0.0705452 0.114097 1.19399 0 0 1.37862 1.3081 
128000 0.0703419 0.114064 1.18872 0 0 1.3731 1.30279 
128200 0.0701386 0.114032 1.18345 0 0 1.36759 1.29748 
128400 0.0699353 0.113999 1.17818 0 0 1.36208 1.29217 
128600 0.0697319 0.113966 1.1729 0 0 1.35657 1.28686 
128800 0.0695286 0.113933 1.16763 0 0 1.35106 1.28154 
129000 0.0693461 0.113901 1.16303 0 0 1.34623 1.2769 
129200 0.0691636 0.113869 1.15842 0 0 1.3414 1.27226 
129400 0.0689812 0.113837 1.15382 0 0 1.33658 1.26762 
129600 0.0687987 0.113805 1.14921 0 0 1.33175 1.26298 
129800 0.0686162 0.113774 1.1446 0 0 1.32692 1.25834 
130000 0.0684337 0.113742 1.14 0 0 1.3221 1.2537 
130200 0.0682512 0.11371 1.13539 0 0 1.31727 1.24906 
130400 0.0680687 0.113678 1.13079 0 0 1.31244 1.24442 
130600 0.0678863 0.113646 1.12618 0 0 1.30762 1.23978 
130800 0.0677038 0.113614 1.12158 0 0 1.30279 1.23514 
131000 0.0675213 0.113582 1.11697 0 0 1.29796 1.2305 
131200 0.0673388 0.11355 1.11237 0 0 1.29313 1.22586 
131400 0.0671563 0.113518 1.10776 0 0 1.28831 1.22122 
131600 0.0669735 0.113485 1.10321 0 0 1.28354 1.21663 
131800 0.0667906 0.113452 1.09866 0 0 1.27878 1.21204 
132000 0.0666078 0.11342 1.09411 0 0 1.27402 1.20745 
132200 0.0664249 0.113387 1.08956 0 0 1.26925 1.20286 
132400 0.0662421 0.113354 1.085 0 0 1.26449 1.19827 
132600 0.0660592 0.113322 1.08045 0 0 1.25972 1.19369 
132800 0.0658763 0.113289 1.0759 0 0 1.25496 1.1891 
133000 0.0656935 0.113256 1.07135 0 0 1.25019 1.18451 
133200 0.0655106 0.113224 1.0668 0 0 1.24543 1.17992 
133400 0.0653278 0.113191 1.06225 0 0 1.24067 1.17533 
133600 0.0651449 0.113158 1.05769 0 0 1.2359 1.17074 
133800 0.0649621 0.113126 1.05314 0 0 1.23114 1.16616 
134000 0.0647892 0.113094 1.04886 0 0 1.22666 1.16185 
134200 0.0646264 0.113063 1.04485 0 0 1.22247 1.15782 
134400 0.0644636 0.113032 1.04084 0 0 1.21828 1.15379 
134600 0.0643008 0.113001 1.03683 0 0 1.21409 1.14976 
134800 0.064138 0.112969 1.03282 0 0 1.2099 1.14574 
135000 0.0639751 0.112938 1.02881 0 0 1.2057 1.14171 
135200 0.0638123 0.112907 1.0248 0 0 1.20151 1.13768 
135400 0.0636495 0.112876 1.02079 0 0 1.19732 1.13365 
135600 0.0634867 0.112845 1.01678 0 0 1.19313 1.12962 
135800 0.0633239 0.112814 1.01277 0 0 1.18894 1.1256 
136000 0.063161 0.112783 1.00876 0 0 1.18475 1.12157 
136200 0.0629982 0.112752 1.00475 0 0 1.18056 1.11754 
136400 0.0628354 0.112721 1.00074 0 0 1.17637 1.11351 
136600 0.0626726 0.11269 0.996732 0 0 1.17218 1.10948 
136800 0.0625086 0.112656 0.992797 0 0 1.16804 1.1055 
137000 0.0623447 0.112623 0.988862 0 0 1.1639 1.10151 
137200 0.0621807 0.112589 0.984926 0 0 1.15976 1.09752 
137400 0.0620168 0.112555 0.980991 0 0 1.15562 1.09354 
137600 0.0618528 0.112522 0.977055 0 0 1.15148 1.08955 
137800 0.0616889 0.112488 0.97312 0 0 1.14734 1.08557 
138000 0.0615249 0.112454 0.969185 0 0 1.1432 1.08158 
138200 0.061361 0.112421 0.965249 0 0 1.13906 1.07759 
138400 0.061197 0.112387 0.961314 0 0 1.13492 1.07361 
138600 0.0610331 0.112353 0.957379 0 0 1.13078 1.06962 
138800 0.0608691 0.11232 0.953443 0 0 1.12664 1.06563 
139000 0.0607052 0.112286 0.949508 0 0 1.12251 1.06165 
139200 0.0605412 0.112252 0.945573 0 0 1.11837 1.05766 
139400 0.0603883 0.112219 0.941956 0 0 1.11457 1.05402 
139600 0.0602353 0.112186 0.93834 0 0 1.11077 1.05039 
139800 0.0600823 0.112152 0.934724 0 0 1.10697 1.04675 
140000 0.0599293 0.112119 0.931108 0 0 1.10318 1.04312 
140200 0.0597763 0.112086 0.927492 0 0 1.09938 1.03948 
140400 0.0596233 0.112052 0.923876 0 0 1.09558 1.03585 
140600 0.0594703 0.112019 0.92026 0 0 1.09178 1.03221 
140800 0.0593174 0.111986 0.916644 0 0 1.08799 1.02858 
141000 0.0591644 0.111952 0.913028 0 0 1.08419 1.02494 
141200 0.0590114 0.111919 0.909411 0 0 1.08039 1.02131 
141400 0.0588584 0.111886 0.905795 0 0 1.07659 1.01767 
141600 0.0587054 0.111852 0.902179 0 0 1.0728 1.01404 
141800 0.0585524 0.111819 0.898563 0 0 1.069 1.0104 
142000 0.0584045 0.111787 0.89511 0 0 1.06537 1.00692 
142200 0.0582617 0.111755 0.891819 0 0 1.0619 1.0036 
142400 0.0581189 0.111724 0.888529 0 0 1.05844 1.00028 
142600 0.0579761 0.111692 0.885238 0 0 1.05497 0.996953 
142800 0.0578333 0.111661 0.881948 0 0 1.05151 0.993629 
143000 0.0576905 0.111629 0.878658 0 0 1.04804 0.990305 
143200 0.0575477 0.111598 0.875367 0 0 1.04458 0.986982 
143400 0.0574049 0.111566 0.872077 0 0 1.04112 0.983658 
143600 0.0572621 0.111535 0.868786 0 0 1.03765 0.980334 
143800 0.0571193 0.111503 0.865496 0 0 1.03419 0.97701 
144000 0.0569765 0.111472 0.862206 0 0 1.03072 0.973687 
144200 0.0568337 0.11144 0.858915 0 0 1.02726 0.970363 
144400 0.0566909 0.111409 0.855625 0 0 1.02379 0.967039 
144600 0.0565481 0.111377 0.852334 0 0 1.02033 0.963715 
144800 0.0564076 0.111345 0.84912 0 0 1.01694 0.960468 
145000 0.0562696 0.111314 0.845982 0 0 1.01363 0.957297 
145200 0.0561315 0.111282 0.842844 0 0 1.01031 0.954126 
145400 0.0559935 0.11125 0.839706 0 0 1.007 0.950954 
145600 0.0558554 0.111218 0.836568 0 0 1.00369 0.947783 
145800 0.0557174 0.111186 0.83343 0 0 1.00038 0.944612 
146000 0.0555793 0.111155 0.830291 0 0 0.997064 0.941441 
146200 0.0554413 0.111123 0.827153 0 0 0.993751 0.93827 
146400 0.0553032 0.111091 0.824015 0 0 0.990438 0.935098 
146600 0.0551652 0.111059 0.820877 0 0 0.987126 0.931927 
146800 0.0550271 0.111027 0.817739 0 0 0.983813 0.928756 
147000 0.0548891 0.110996 0.814601 0 0 0.980501 0.925585 
147200 0.054751 0.110964 0.811463 0 0 0.977188 0.922414 
147400 0.054613 0.110932 0.808325 0 0 0.973875 0.919242 
147600 0.0544807 0.110901 0.805338 0 0 0.970722 0.916222 
147800 0.0543541 0.11087 0.802503 0 0 0.967729 0.913351 
148000 0.0542276 0.110838 0.799667 0 0 0.964736 0.910481 
148200 0.054101 0.110807 0.796832 0 0 0.961742 0.907611 
148400 0.0539744 0.110776 0.793997 0 0 0.958749 0.90474 
148600 0.0538479 0.110745 0.791161 0 0 0.955756 0.90187 
148800 0.0537213 0.110714 0.788326 0 0 0.952762 0.899 
149000 0.0535947 0.110683 0.785491 0 0 0.949769 0.896129 
149200 0.0534682 0.110652 0.782655 0 0 0.946775 0.893259 
149400 0.0533416 0.110621 0.77982 0 0 0.943782 0.890389 
149600 0.053215 0.11059 0.776985 0 0 0.940789 0.887518 
149800 0.0530885 0.110558 0.77415 0 0 0.937795 0.884648 
150000 0.0529619 0.110527 0.771314 0 0 0.934802 0.881778 
150200 0.05283 0.110497 0.768239 0 0 0.931593 0.878786 
150400 0.052698 0.110467 0.765163 0 0 0.928385 0.875795 
150600 0.0525779 0.110436 0.762546 0 0 0.925605 0.873132 
150800 0.0524578 0.110405 0.759928 0 0 0.922825 0.870469 
151000 0.0523377 0.110374 0.75731 0 0 0.920044 0.867806 
151200 0.0522176 0.110343 0.754693 0 0 0.917264 0.865143 
151400 0.0520975 0.110312 0.752075 0 0 0.914484 0.86248 
151600 0.0519774 0.11028 0.749457 0 0 0.911704 0.859817 
151800 0.0518573 0.110249 0.74684 0 0 0.908924 0.857154 
152000 0.0517372 0.110218 0.744222 0 0 0.906144 0.854491 
152200 0.051617 0.110187 0.741604 0 0 0.903364 0.851828 
152400 0.0514969 0.110156 0.738987 0 0 0.900583 0.849165 
152600 0.0513768 0.110125 0.736369 0 0 0.897803 0.846502 
152800 0.0512567 0.110094 0.733751 0 0 0.895023 0.843839 
153000 0.0511366 0.110063 0.731134 0 0 0.892243 0.841176 
153200 0.0510165 0.110032 0.728516 0 0 0.889463 0.838513 
153400 0.0508964 0.110001 0.725898 0 0 0.886683 0.83585 
153600 0.0507794 0.109969 0.723394 0 0 0.884044 0.833315 
153800 0.0506623 0.109938 0.72089 0 0 0.881406 0.830779 
154000 0.0505453 0.109906 0.718385 0 0 0.878767 0.828244 
154200 0.0504283 0.109874 0.715881 0 0 0.876129 0.825709 
154400 0.0503112 0.109843 0.713377 0 0 0.873491 0.823174 
154600 0.0501942 0.109811 0.710872 0 0 0.870852 0.820638 
154800 0.0500771 0.109779 0.708368 0 0 0.868214 0.818103 
155000 0.0499601 0.109748 0.705864 0 0 0.865575 0.815568 
155200 0.049843 0.109716 0.703359 0 0 0.862937 0.813033 
155400 0.049726 0.109685 0.700855 0 0 0.860299 0.810497 
155600 0.049609 0.109653 0.698351 0 0 0.85766 0.807962 
155800 0.0494919 0.109621 0.695846 0 0 0.855022 0.805427 
156000 0.0493749 0.10959 0.693342 0 0 0.852384 0.802891 
156200 0.0492578 0.109558 0.690838 0 0 0.849745 0.800356 
156400 0.0491408 0.109526 0.688333 0 0 0.847107 0.797821 
156600 0.0490295 0.109495 0.685971 0 0 0.844595 0.795427 
156800 0.0489182 0.109463 0.683609 0 0 0.842084 0.793032 
157000 0.0488069 0.109432 0.681247 0 0 0.839573 0.790638 
157200 0.0486956 0.1094 0.678885 0 0 0.837062 0.788244 
157400 0.0485843 0.109368 0.676522 0 0 0.834551 0.785849 
157600 0.048473 0.109337 0.67416 0 0 0.832039 0.783455 
157800 0.0483617 0.109305 0.671798 0 0 0.829528 0.781061 
158000 0.0482504 0.109273 0.669436 0 0 0.827017 0.778666 
158200 0.0481391 0.109242 0.667074 0 0 0.824506 0.776272 
158400 0.0480277 0.10921 0.664712 0 0 0.821995 0.773878 
158600 0.0479164 0.109179 0.662349 0 0 0.819483 0.771484 
158800 0.0478051 0.109147 0.659987 0 0 0.816972 0.769089 
159000 0.0476938 0.109115 0.657625 0 0 0.814461 0.766695 
159200 0.0475825 0.109084 0.655263 0 0 0.81195 0.764301 
159400 0.0474712 0.109052 0.652901 0 0 0.809439 0.761906 
159600 0.0473664 0.10902 0.650724 0 0 0.807132 0.759699 
159800 0.0472615 0.108988 0.648547 0 0 0.804825 0.757492 
160000 0.0471566 0.108955 0.64637 0 0 0.802519 0.755285 
160200 0.0470518 0.108923 0.644194 0 0 0.800212 0.753078 
160400 0.0469469 0.108891 0.642017 0 0 0.797905 0.750871 
160600 0.046842 0.108859 0.63984 0 0 0.795598 0.748663 
160800 0.0467372 0.108827 0.637663 0 0 0.793292 0.746456 
161000 0.0466323 0.108794 0.635486 0 0 0.790985 0.744249 
161200 0.0465275 0.108762 0.63331 0 0 0.788678 0.742042 
161400 0.0464226 0.10873 0.631133 0 0 0.786372 0.739835 
161600 0.0463177 0.108698 0.628956 0 0 0.784065 0.737628 
161800 0.0462129 0.108665 0.626779 0 0 0.781758 0.735421 
162000 0.046108 0.108633 0.624603 0 0 0.779451 0.733214 
162200 0.0460032 0.108601 0.622426 0 0 0.777145 0.731007 
162400 0.0458983 0.108569 0.620249 0 0 0.774838 0.728799 
162600 0.0457965 0.108537 0.618166 0 0 0.772621 0.726686 
162800 0.0456977 0.108506 0.616177 0 0 0.770493 0.724667 
163000 0.0455989 0.108475 0.614187 0 0 0.768364 0.722648 
163200 0.0455001 0.108444 0.612198 0 0 0.766236 0.720628 
163400 0.0454013 0.108413 0.610208 0 0 0.764108 0.718609 
163600 0.0453025 0.108382 0.608219 0 0 0.76198 0.71659 
163800 0.0452037 0.108352 0.606229 0 0 0.759852 0.714571 
164000 0.0451049 0.108321 0.60424 0 0 0.757724 0.712551 
164200 0.0450061 0.10829 0.602251 0 0 0.755596 0.710532 
164400 0.0449073 0.108259 0.600261 0 0 0.753468 0.708513 
164600 0.0448085 0.108228 0.598272 0 0 0.751339 0.706494 
164800 0.0447097 0.108197 0.596282 0 0 0.749211 0.704474 
165000 0.0446109 0.108166 0.594293 0 0 0.747083 0.702455 
165200 0.0445121 0.108135 0.592303 0 0 0.744955 0.700436 
165400 0.0444133 0.108104 0.590314 0 0 0.742827 0.698417 
165600 0.0443145 0.108073 0.588324 0 0 0.740699 0.696397 
165800 0.0442192 0.108043 0.58641 0 0 0.738654 0.694454 
166000 0.0441273 0.108014 0.584571 0 0 0.736693 0.692586 
166200 0.0440355 0.107985 0.582733 0 0 0.734732 0.690718 
166400 0.0439436 0.107956 0.580894 0 0 0.73277 0.688851 
166600 0.0438518 0.107927 0.579055 0 0 0.730809 0.686983 
166800 0.0437599 0.107898 0.577216 0 0 0.728848 0.685116 
167000 0.0436681 0.107869 0.575378 0 0 0.726887 0.683248 
167200 0.0435762 0.10784 0.573539 0 0 0.724925 0.68138 
167400 0.0434844 0.107811 0.5717 0 0 0.722964 0.679513 
167600 0.0433926 0.107782 0.569861 0 0 0.721003 0.677645 
167800 0.0433007 0.107753 0.568022 0 0 0.719042 0.675777 
168000 0.0432089 0.107724 0.566184 0 0 0.71708 0.67391 
168200 0.043117 0.107695 0.564345 0 0 0.715119 0.672042 
168400 0.0430252 0.107666 0.562506 0 0 0.713158 0.670174 
168600 0.0429333 0.107637 0.560667 0 0 0.711196 0.668307 
168800 0.0428415 0.107608 0.558829 0 0 0.709235 0.666439 
169000 0.0427497 0.107579 0.55699 0 0 0.707274 0.664571 
169200 0.0426618 0.107547 0.555254 0 0 0.705416 0.662806 
169400 0.042574 0.107516 0.553517 0 0 0.703558 0.661041 
169600 0.0424861 0.107484 0.551781 0 0 0.701701 0.659276 
169800 0.0423983 0.107453 0.550045 0 0 0.699843 0.65751 
170000 0.0423104 0.107421 0.548309 0 0 0.697985 0.655745 
170200 0.0422226 0.10739 0.546573 0 0 0.696128 0.65398 
170400 0.0421348 0.107358 0.544836 0 0 0.69427 0.652215 
170600 0.0420469 0.107327 0.5431 0 0 0.692412 0.65045 
170800 0.0419591 0.107295 0.541364 0 0 0.690554 0.648684 
171000 0.0418712 0.107264 0.539628 0 0 0.688697 0.646919 
171200 0.0417834 0.107232 0.537892 0 0 0.686839 0.645154 
171400 0.0416956 0.107201 0.536155 0 0 0.684981 0.643389 
171600 0.0416077 0.107169 0.534419 0 0 0.683124 0.641624 
171800 0.0415199 0.107138 0.532683 0 0 0.681266 0.639858 
172000 0.041432 0.107106 0.530947 0 0 0.679408 0.638093 
172200 0.0413442 0.107074 0.529211 0 0 0.677551 0.636328 
172400 0.041257 0.107044 0.527513 0 0 0.675738 0.634601 
172600 0.0411706 0.107013 0.525855 0 0 0.67397 0.632914 
172800 0.0410841 0.106983 0.524196 0 0 0.672202 0.631226 
173000 0.0409976 0.106953 0.522538 0 0 0.670434 0.629539 
173200 0.0409111 0.106923 0.520879 0 0 0.668666 0.627851 
173400 0.0408247 0.106892 0.519221 0 0 0.666898 0.626163 
173600 0.0407382 0.106862 0.517562 0 0 0.66513 0.624476 
173800 0.0406517 0.106832 0.515904 0 0 0.663362 0.622788 
174000 0.0405652 0.106802 0.514245 0 0 0.661595 0.6211 
174200 0.0404788 0.106772 0.512587 0 0 0.659827 0.619413 
174400 0.0403923 0.106741 0.510928 0 0 0.658059 0.617725 
174600 0.0403058 0.106711 0.50927 0 0 0.656291 0.616037 
174800 0.0402194 0.106681 0.507612 0 0 0.654523 0.61435 
175000 0.0401329 0.106651 0.505953 0 0 0.652755 0.612662 
175200 0.0400464 0.10662 0.504295 0 0 0.650987 0.610974 
175400 0.0399599 0.10659 0.502636 0 0 0.649219 0.609287 
175600 0.0398735 0.10656 0.500978 0 0 0.647451 0.607599 
175800 0.0397957 0.106531 0.499511 0 0 0.645869 0.606093 
176000 0.0397179 0.106502 0.498044 0 0 0.644288 0.604586 
176200 0.0396401 0.106473 0.496577 0 0 0.642706 0.60308 
176400 0.0395623 0.106444 0.49511 0 0 0.641124 0.601574 
176600 0.0394845 0.106415 0.493643 0 0 0.639542 0.600067 
176800 0.0394067 0.106386 0.492176 0 0 0.63796 0.598561 
177000 0.0393289 0.106357 0.490709 0 0 0.636378 0.597055 
177200 0.0392511 0.106328 0.489242 0 0 0.634797 0.595548 
177400 0.0391733 0.106299 0.487775 0 0 0.633215 0.594042 
177600 0.0390955 0.10627 0.486308 0 0 0.631633 0.592536 
177800 0.0390177 0.106241 0.484841 0 0 0.630051 0.591029 
178000 0.0389399 0.106212 0.483375 0 0 0.628469 0.589523 
178200 0.0388621 0.106183 0.481908 0 0 0.626887 0.588016 
178400 0.0387843 0.106154 0.480441 0 0 0.625306 0.58651 
178600 0.0387065 0.106125 0.478974 0 0 0.623724 0.585004 
178800 0.0386287 0.106096 0.477507 0 0 0.622142 0.583497 
179000 0.0385509 0.106067 0.47604 0 0 0.62056 0.581991 
179200 0.0384738 0.106037 0.474603 0 0 0.619015 0.580521 
179400 0.0383973 0.106007 0.473197 0 0 0.617506 0.579087 
179600 0.0383209 0.105977 0.471791 0 0 0.615997 0.577653 
179800 0.0382444 0.105947 0.470385 0 0 0.614489 0.576218 
180000 0.0381679 0.105917 0.468979 0 0 0.61298 0.574784 
180200 0.0380915 0.105887 0.467573 0 0 0.611471 0.57335 
180400 0.038015 0.105857 0.466167 0 0 0.609962 0.571916 
180600 0.0379385 0.105827 0.464761 0 0 0.608454 0.570482 
180800 0.0378621 0.105797 0.463355 0 0 0.606945 0.569048 
181000 0.0377856 0.105768 0.461949 0 0 0.605436 0.567614 
181200 0.0377091 0.105738 0.460543 0 0 0.603928 0.56618 
181400 0.0376327 0.105708 0.459137 0 0 0.602419 0.564746 
181600 0.0375562 0.105678 0.457731 0 0 0.60091 0.563312 
181800 0.0374797 0.105648 0.456324 0 0 0.599402 0.561877 
182000 0.0374033 0.105618 0.454918 0 0 0.597893 0.560443 
182200 0.0373268 0.105588 0.453512 0 0 0.596384 0.559009 
182400 0.0372504 0.105558 0.452106 0 0 0.594875 0.557575 
182600 0.0371739 0.105528 0.4507 0 0 0.593367 0.556141 
182800 0.0371011 0.105498 0.449379 0 0 0.591942 0.554792 
183000 0.0370284 0.105467 0.448057 0 0 0.590518 0.553444 
183200 0.0369556 0.105437 0.446736 0 0 0.589093 0.552095 
183400 0.0368829 0.105407 0.445415 0 0 0.587669 0.550746 
183600 0.0368101 0.105377 0.444093 0 0 0.586245 0.549397 
183800 0.0367374 0.105347 0.442772 0 0 0.58482 0.548048 
184000 0.0366646 0.105316 0.44145 0 0 0.583396 0.5467 
184200 0.0365919 0.105286 0.440129 0 0 0.581971 0.545351 
184400 0.0365191 0.105256 0.438808 0 0 0.580547 0.544002 
184600 0.0364464 0.105226 0.437486 0 0 0.579122 0.542653 
184800 0.0363736 0.105196 0.436165 0 0 0.577698 0.541305 
185000 0.0363009 0.105165 0.434844 0 0 0.576274 0.539956 
185200 0.0362281 0.105135 0.433522 0 0 0.574849 0.538607 
185400 0.0361554 0.105105 0.432201 0 0 0.573425 0.537258 
185600 0.0360826 0.105075 0.430879 0 0 0.572 0.53591 
185800 0.0360099 0.105044 0.429558 0 0 0.570576 0.534561 
186000 0.0359371 0.105014 0.428237 0 0 0.569151 0.533212 
186200 0.035867 0.104985 0.42698 0 0 0.567794 0.531928 
186400 0.0357994 0.104957 0.425787 0 0 0.566504 0.530709 
186600 0.0357318 0.104928 0.424595 0 0 0.565215 0.52949 
186800 0.0356642 0.1049 0.423402 0 0 0.563925 0.528271 
187000 0.0355966 0.104872 0.42221 0 0 0.562635 0.527053 
187200 0.0355291 0.104843 0.421018 0 0 0.561346 0.525834 
187400 0.0354615 0.104815 0.419825 0 0 0.560056 0.524615 
187600 0.0353939 0.104787 0.418633 0 0 0.558766 0.523396 
187800 0.0353263 0.104759 0.41744 0 0 0.557476 0.522177 
188000 0.0352587 0.10473 0.416248 0 0 0.556187 0.520958 
188200 0.0351911 0.104702 0.415055 0 0 0.554897 0.519739 
188400 0.0351236 0.104674 0.413863 0 0 0.553607 0.51852 
188600 0.035056 0.104645 0.41267 0 0 0.552317 0.517301 
188800 0.0349884 0.104617 0.411478 0 0 0.551028 0.516083 
189000 0.0349208 0.104589 0.410286 0 0 0.549738 0.514864 
189200 0.0348532 0.10456 0.409093 0 0 0.548448 0.513645 
189400 0.0347857 0.104532 0.407901 0 0 0.547158 0.512426 
189600 0.0347181 0.104504 0.406708 0 0 0.545869 0.511207 
189800 0.0346505 0.104475 0.405516 0 0 0.544579 0.509988 
190000 0.0345864 0.104447 0.404381 0 0 0.543358 0.508827 
190200 0.0345223 0.104418 0.403246 0 0 0.542138 0.507666 
190400 0.0344583 0.10439 0.402111 0 0 0.540917 0.506504 
190600 0.0343942 0.104361 0.400976 0 0 0.539696 0.505343 
190800 0.0343301 0.104332 0.399841 0 0 0.538475 0.504182 
191000 0.034266 0.104304 0.398706 0 0 0.537255 0.503021 
191200 0.034202 0.104275 0.397571 0 0 0.536034 0.50186 
191400 0.0341379 0.104247 0.396436 0 0 0.534813 0.500699 
191600 0.0340738 0.104218 0.395301 0 0 0.533592 0.499537 
191800 0.0340097 0.104189 0.394166 0 0 0.532372 0.498376 
192000 0.0339457 0.104161 0.393031 0 0 0.531151 0.497215 
192200 0.0338816 0.104132 0.391896 0 0 0.52993 0.496054 
192400 0.0338175 0.104103 0.390761 0 0 0.528709 0.494893 
192600 0.0337534 0.104075 0.389626 0 0 0.527489 0.493731 
192800 0.0336894 0.104046 0.388491 0 0 0.526268 0.49257 
193000 0.0336253 0.104018 0.387356 0 0 0.525047 0.491409 
193200 0.0335612 0.103989 0.386221 0 0 0.523826 0.490248 
193400 0.0334971 0.10396 0.385086 0 0 0.522606 0.489087 
193600 0.0334345 0.103932 0.384 0 0 0.521429 0.487974 
193800 0.0333733 0.103905 0.382961 0 0 0.520296 0.486911 
194000 0.0333121 0.103877 0.381923 0 0 0.519163 0.485847 
194200 0.033251 0.10385 0.380885 0 0 0.51803 0.484784 
194400 0.0331898 0.103822 0.379847 0 0 0.516897 0.48372 
194600 0.0331286 0.103795 0.378808 0 0 0.515764 0.482657 
194800 0.0330674 0.103767 0.37777 0 0 0.514631 0.481593 
195000 0.0330062 0.103739 0.376732 0 0 0.513498 0.48053 
195200 0.032945 0.103712 0.375694 0 0 0.512365 0.479466 
195400 0.0328838 0.103684 0.374656 0 0 0.511232 0.478402 
195600 0.0328226 0.103657 0.373617 0 0 0.510099 0.477339 
195800 0.0327615 0.103629 0.372579 0 0 0.508966 0.476275 
196000 0.0327003 0.103602 0.371541 0 0 0.507833 0.475212 
196200 0.0326391 0.103574 0.370503 0 0 0.5067 0.474148 
196400 0.0325779 0.103546 0.369464 0 0 0.505567 0.473085 
196600 0.0325167 0.103519 0.368426 0 0 0.504434 0.472021 
196800 0.0324555 0.103491 0.367388 0 0 0.503301 0.470958 
197000 0.0323943 0.103464 0.36635 0 0 0.502168 0.469894 
197200 0.0323332 0.103436 0.365311 0 0 0.501035 0.468831 
197400 0.0322733 0.103408 0.364297 0 0 0.499934 0.467789 
197600 0.0322148 0.103379 0.363307 0 0 0.498866 0.466769 
197800 0.0321562 0.103351 0.362318 0 0 0.497797 0.46575 
198000 0.0320977 0.103322 0.361328 0 0 0.496729 0.46473 
198200 0.0320392 0.103293 0.360338 0 0 0.49566 0.46371 
198400 0.0319806 0.103265 0.359348 0 0 0.494592 0.46269 
198600 0.0319221 0.103236 0.358358 0 0 0.493523 0.46167 
198800 0.0318636 0.103208 0.357369 0 0 0.492454 0.460651 
199000 0.031805 0.103179 0.356379 0 0 0.491386 0.459631 
199200 0.0317465 0.10315 0.355389 0 0 0.490317 0.458611 
199400 0.031688 0.103122 0.354399 0 0 0.489249 0.457591 
199600 0.0316294 0.103093 0.353409 0 0 0.48818 0.456572 
199800 0.0315709 0.103064 0.352419 0 0 0.487112 0.455552 
200000 0.0315124 0.103036 0.35143 0 0 0.486043 0.454532 
