1000 8.71707 0.00602186 3418.56 0 0 3426.99 3418.56 
1200 8.55913 0.00786723 2309.16 0 0 2317.85 2309.16 
1400 8.40481 0.00980964 1656.48 0 0 1664.91 1656.48 
1600 8.24015 0.0117808 1729.08 0 0 1737.49 1729.17 
1800 8.07933 0.0137361 2928.03 0 0 2936.19 2928.03 
2000 7.90738 0.0157042 2854.28 0 0 2862.36 2854.28 
2200 7.72928 0.0176728 2635.24 0 0 2643.07 2635.24 
2400 7.57394 0.0196333 2270.14 0 0 2277.7 2270.15 
2600 7.41525 0.0215708 1950.49 0 0 1957.92 1950.5 
2800 7.2456 0.0234719 1633.87 0 0 1641.08 1633.87 
3000 7.07728 0.0253358 1385.29 0 0 1392.3 1385.3 
3200 6.91259 0.0271599 1182.46 0 0 1189.46 1182.47 
3400 6.75424 0.0289482 1019.53 0 0 1026.26 1019.55 
3600 6.59929 0.0306956 886.139 0 0 892.85 886.152 
3800 6.44887 0.0323884 776.593 0 0 783.033 776.619 
4000 6.29785 0.0340532 684.715 0 0 691.148 684.728 
4200 6.15098 0.0356667 605.86 0 0 612.021 605.874 
4400 6.00725 0.0372404 539.036 0 0 545.042 539.05 
4600 5.86552 0.038769 481.911 0 0 487.813 481.937 
4800 5.72725 0.0402562 432.751 0 0 438.629 433.027 
5000 5.59367 0.041698 390.549 0 0 396.173 390.564 
5200 5.46404 0.0430969 353.413 0 0 358.775 353.439 
5400 5.33648 0.0444613 320.83 0 0 326.184 320.855 
5600 5.21395 0.0457741 292.228 0 0 297.571 292.25 
5800 5.09583 0.0470573 271.413 0 0 276.573 271.458 
6000 4.97864 0.0483046 248.87 0 0 253.896 248.919 
6200 4.8657 0.0495138 230.629 0 0 235.557 230.678 
6400 4.75709 0.050689 212.335 0 0 217.149 212.383 
6600 4.64998 0.0518217 197.107 0 0 201.802 197.157 
6800 4.5461 0.0529233 182.372 0 0 186.962 182.423 
7000 4.44768 0.054007 169.21 0 0 173.72 169.262 
7200 4.34961 0.0550568 157.219 0 0 161.625 157.274 
7400 4.25573 0.0560732 146.5 0 0 150.817 146.552 
7600 4.16436 0.0570839 136.673 0 0 140.881 136.727 
7800 4.07512 0.0580381 127.796 0 0 131.926 127.849 
8000 3.98902 0.0589871 119.63 0 0 123.688 119.682 
8200 3.90601 0.0599029 112.168 0 0 116.14 112.224 
8400 3.82317 0.0608094 105.236 0 0 109.133 105.292 
8600 3.74491 0.0616869 98.9395 0 0 102.746 98.994 
8800 3.6685 0.062542 93.1444 0 0 96.8759 93.1981 
9000 3.59399 0.0633857 87.8103 0 0 91.4658 87.8659 
9200 3.52218 0.0642055 82.8673 0 0 86.4592 82.9222 
9400 3.45253 0.0650106 194.142 0 0 197.656 194.202 
9600 3.38492 0.0657887 183.764 0 0 187.215 183.82 
9800 3.31692 0.066562 174.163 0 0 177.533 174.219 
10000 3.25274 0.0673214 165.249 0 0 168.561 165.305 
10200 3.19133 0.0680498 156.885 0 0 160.143 156.942 
10400 3.12707 0.0688051 202.009 0 0 205.208 202.089 
10600 3.06866 0.0695165 193.072 0 0 196.198 193.13 
10800 3.01272 0.0701969 184.56 0 0 187.659 184.642 
11000 2.95662 0.0708778 202.823 0 0 205.849 202.906 
11200 2.90099 0.0715775 193.461 0 0 196.435 193.545 
11400 2.84736 0.0722484 184.841 0 0 187.766 184.924 
11600 2.79587 0.0728798 176.929 0 0 179.79 176.996 
11800 2.74499 0.0735233 169.227 0 0 172.032 169.286 
12000 2.69626 0.0741571 162.03 0 0 164.789 162.099 
12200 2.64882 0.0747721 155.34 0 0 158.054 155.424 
12400 2.60017 0.0753939 148.809 0 0 151.478 148.89 
12600 2.55594 0.0759707 142.996 0 0 145.622 143.057 
12800 2.51048 0.0765652 137.217 0 0 139.799 137.277 
13000 2.46674 0.077162 131.793 0 0 134.332 131.867 
13200 2.42474 0.0777379 126.719 0 0 129.224 126.804 
13400 2.38398 0.0782897 121.926 0 0 124.405 122.008 
13600 2.34376 0.0788525 117.353 0 0 119.772 117.416 
13800 2.3053 0.0793859 113.088 0 0 115.464 113.164 
14000 2.26745 0.0799205 108.982 0 0 111.329 109.068 
14200 2.2302 0.0804585 105.031 0 0 107.355 105.117 
14400 2.19457 0.0809796 101.359 0 0 103.646 101.445 
14600 2.15938 0.0814869 97.826 0 0 100.075 97.9123 
14800 2.12491 0.0819909 94.4279 0 0 96.6386 94.5143 
15000 2.0915 0.0824972 91.1948 0 0 93.3667 91.2814 
15200 2.05929 0.0829807 88.0759 0 0 90.2147 88.1625 
15400 2.02747 0.0834687 85.0426 0 0 87.1535 85.1293 
15600 1.99654 0.0839476 82.1524 0 0 84.245 82.2393 
15800 1.96721 0.0844111 79.4934 0 0 81.553 79.5805 
16000 1.93809 0.084872 76.8934 0 0 78.9256 76.9806 
16200 1.90919 0.0853303 74.3636 0 0 76.3782 74.4509 
16400 1.88087 0.0858039 71.9609 0 0 73.9303 72.0345 
16600 1.85331 0.0862648 69.6523 0 0 71.5818 69.7191 
16800 1.82728 0.0866898 67.511 0 0 69.4241 67.5929 
17000 1.80167 0.0871172 65.4406 0 0 67.3272 65.528 
17200 1.77629 0.0875463 65.065 0 0 66.9205 65.1524 
17400 1.75123 0.0879686 63.0957 0 0 64.919 63.1831 
17600 1.72684 0.0883841 61.1923 0 0 62.9945 61.2799 
17800 1.70367 0.088787 59.4115 0 0 61.213 59.4993 
18000 1.68086 0.089193 57.6936 0 0 59.4771 57.7818 
18200 1.65829 0.0896009 56.0175 0 0 57.7716 56.1065 
18400 1.63598 0.0899992 54.4067 0 0 56.1421 54.4952 
18600 1.6139 0.0903933 52.8244 0 0 54.5421 52.9123 
18800 1.59343 0.0907652 51.3953 0 0 53.0859 51.4841 
19000 1.57302 0.0911366 49.9843 0 0 51.6474 50.0736 
19200 1.55283 0.0915068 48.6276 0 0 50.2621 48.7162 
19400 1.53286 0.0918754 47.2938 0 0 48.9054 47.382 
19600 1.51323 0.0922417 45.9944 0 0 47.5917 46.0826 
19800 1.49425 0.092602 44.7626 0 0 46.3441 44.8511 
20000 1.47579 0.0929574 43.5864 0 0 45.1506 43.6752 
20200 1.45788 0.0932978 42.4371 0 0 43.9929 42.5436 
20400 1.43994 0.0936442 41.3128 0 0 42.8548 41.4065 
20600 1.42255 0.0939827 40.2412 0 0 41.7697 40.3305 
20800 1.40547 0.0943169 39.198 0 0 40.713 39.2872 
21000 1.38883 0.0946451 38.2047 0 0 39.6986 38.2939 
21200 1.37242 0.0949701 37.2383 0 0 38.7069 37.3276 
21400 1.35647 0.0952899 36.3158 0 0 37.7667 36.4051 
21600 1.34083 0.0956063 35.4226 0 0 36.8607 35.5119 
21800 1.32532 0.095917 34.5543 0 0 35.9738 34.6437 
22000 1.30994 0.0962221 33.7111 0 0 35.1059 33.8006 
22200 1.29485 0.0965269 32.8858 0 0 34.2655 32.9801 
22400 1.2802 0.0968313 32.0875 0 0 33.4666 32.1936 
22600 1.26572 0.0971305 31.3085 0 0 32.6812 31.4206 
22800 1.25175 0.0974139 30.5875 0 0 31.9366 30.6882 
23000 1.23781 0.097697 29.8684 0 0 31.1946 29.9583 
23200 1.22429 0.0979762 29.1874 0 0 30.5019 29.2774 
23400 1.21077 0.0982554 28.5065 0 0 29.8091 28.5964 
23600 1.19775 0.0985271 27.8648 0 0 29.1559 27.9636 
23800 1.18487 0.098797 27.2329 0 0 28.5126 27.3427 
24000 1.17223 0.0990639 26.6257 0 0 27.893 26.7373 
24200 1.15984 0.0993278 26.0431 0 0 27.297 26.1473 
24400 1.14753 0.0995904 25.4663 0 0 26.7074 25.5643 
24600 1.13562 0.0998455 24.9224 0 0 26.1546 25.0216 
24800 1.12372 0.100101 24.3786 0 0 25.6018 24.4788 
25000 1.11198 0.100347 23.8561 0 0 25.0688 23.9567 
25200 1.1003 0.10059 23.3408 0 0 24.5425 23.4414 
25400 1.08886 0.100833 22.8415 0 0 24.032 22.9422 
25600 1.07787 0.101074 22.3722 0 0 23.5512 22.4729 
25800 1.06687 0.101315 21.9029 0 0 23.0703 22.0035 
26000 1.05605 0.101547 21.4533 0 0 22.61 21.5549 
26200 1.04527 0.101778 21.0073 0 0 22.1534 21.1099 
26400 1.0347 0.102005 20.5751 0 0 21.7108 20.6781 
26600 1.02453 0.102226 20.1685 0 0 21.2941 20.2706 
26800 1.01436 0.102447 19.762 0 0 20.8774 19.8631 
27000 1.00435 0.102666 19.3707 0 0 20.4768 19.4723 
27200 0.994397 0.102884 18.9846 0 0 20.0815 19.0872 
27400 0.98451 0.1031 18.6033 0 0 19.6912 18.7068 
27600 0.975023 0.1033 18.2501 0 0 19.3291 18.3536 
27800 0.965537 0.1035 17.8968 0 0 18.9671 18.0003 
28000 0.956183 0.103699 17.5519 0 0 18.6134 17.6559 
28200 0.946989 0.103896 17.2173 0 0 18.2699 17.3222 
28400 0.937795 0.104093 16.8827 0 0 17.9264 16.9886 
28600 0.928919 0.104287 16.5697 0 0 17.6043 16.6752 
28800 0.920149 0.104479 16.2639 0 0 17.2892 16.3685 
29000 0.91138 0.104672 15.9582 0 0 16.9741 16.0619 
29200 0.902937 0.104856 15.6717 0 0 16.6792 15.7754 
29400 0.894511 0.10504 15.3862 0 0 16.3854 15.4899 
29600 0.886098 0.105224 15.1019 0 0 16.0929 15.2058 
29800 0.877806 0.105405 14.829 0 0 15.8124 14.9341 
30000 0.869514 0.105586 14.5561 0 0 15.532 14.6624 
30200 0.86124 0.10577 14.2897 0 0 15.2559 14.396 
30400 0.85346 0.105939 14.0374 0 0 14.9965 14.1438 
30600 0.845679 0.106107 13.785 0 0 14.7371 13.8915 
30800 0.837966 0.106274 13.5379 0 0 14.4826 13.6445 
31000 0.830407 0.106437 13.303 0 0 14.2398 13.4096 
31200 0.822848 0.106599 13.0681 0 0 13.997 13.1746 
31400 0.81539 0.106758 12.8388 0 0 13.7601 12.9456 
31600 0.808164 0.106907 12.6226 0 0 13.5371 12.7302 
31800 0.800939 0.107056 12.4064 0 0 13.314 12.5147 
32000 0.793764 0.107205 12.1925 0 0 13.0934 12.3014 
32200 0.786791 0.107355 11.9882 0 0 12.8823 12.0963 
32400 0.779818 0.107504 11.7838 0 0 12.6711 11.8912 
32600 0.772875 0.107652 11.5811 0 0 12.4617 11.6879 
32800 0.766204 0.107794 11.3931 0 0 12.2671 11.5006 
33000 0.759533 0.107935 11.2051 0 0 12.0725 11.3134 
33200 0.752862 0.108077 11.0171 0 0 11.8779 11.1262 
33400 0.746363 0.108216 10.8404 0 0 11.6947 10.9496 
33600 0.739882 0.108355 10.665 0 0 11.5129 10.7743 
33800 0.733402 0.108494 10.4896 0 0 11.331 10.5989 
34000 0.727138 0.108625 10.3217 0 0 11.1571 10.431 
34200 0.720989 0.108752 10.1577 0 0 10.9876 10.267 
34400 0.714841 0.10888 9.99378 0 0 10.8181 10.1031 
34600 0.708784 0.109006 9.83452 0 0 10.6531 9.94381 
34800 0.702898 0.109129 9.68399 0 0 10.4963 9.79325 
35000 0.697011 0.109252 9.53346 0 0 10.3396 9.64268 
35200 0.691125 0.109375 9.38293 0 0 10.1828 9.49212 
35400 0.685387 0.109495 9.23973 0 0 10.0342 9.34898 
35600 0.679656 0.109615 9.09692 0 0 9.88595 9.20623 
35800 0.673926 0.109736 8.95411 0 0 9.73774 9.06348 
36000 0.668372 0.109849 8.81832 0 0 9.59666 8.92771 
36200 0.662961 0.109958 8.68828 0 0 9.46142 8.79765 
36400 0.657551 0.110066 8.55824 0 0 9.32618 8.6676 
36600 0.65214 0.110175 8.4282 0 0 9.19093 8.53755 
36800 0.646878 0.110282 8.30482 0 0 9.06239 8.41489 
37000 0.641615 0.11039 8.18144 0 0 8.93385 8.29224 
37200 0.636352 0.110498 8.05806 0 0 8.80531 8.16959 
37400 0.631219 0.110603 7.93914 0 0 8.68129 8.05107 
37600 0.626244 0.110706 7.82568 0 0 8.56277 7.93762 
37800 0.62127 0.110809 7.71222 0 0 8.44426 7.82417 
38000 0.616295 0.110912 7.59877 0 0 8.32575 7.71071 
38200 0.611485 0.111005 7.49221 0 0 8.21481 7.60416 
38400 0.606716 0.111096 7.38737 0 0 8.10577 7.49932 
38600 0.601948 0.111187 7.28254 0 0 7.99672 7.39449 
38800 0.597186 0.111278 7.17799 0 0 7.88792 7.28995 
39000 0.592557 0.111371 7.0788 0 0 7.78385 7.19079 
39200 0.587927 0.111464 6.9796 0 0 7.67977 7.09163 
39400 0.583297 0.111556 6.88041 0 0 7.5757 6.99247 
39600 0.578753 0.111648 6.78345 0 0 7.47393 6.89552 
39800 0.574407 0.111737 6.69171 0 0 7.37756 6.80373 
40000 0.57006 0.111826 6.59996 0 0 7.28119 6.71193 
40200 0.565787 0.111905 6.51097 0 0 7.18737 6.62294 
40400 0.561543 0.111984 6.42338 0 0 7.09526 6.53535 
40600 0.55735 0.112064 6.59749 0 0 7.26534 6.70945 
40800 0.553158 0.112143 6.50883 0 0 7.17266 6.62079 
41000 0.548966 0.112222 6.42018 0 0 7.07999 6.53213 
41200 0.544856 0.1123 6.33387 0 0 6.98998 6.44581 
41400 0.540845 0.112376 6.25041 0 0 6.90322 6.36235 
41600 0.536835 0.112452 6.16696 0 0 6.81646 6.2789 
41800 0.532824 0.112529 6.0835 0 0 6.7297 6.19544 
42000 0.528887 0.112604 6.00303 0 0 6.64569 6.11498 
42200 0.525041 0.112678 5.92621 0 0 6.56502 6.03819 
42400 0.521195 0.112753 5.84939 0 0 6.48436 5.9614 
42600 0.517349 0.112827 5.77257 0 0 6.4037 5.88461 
42800 0.513564 0.112898 5.69747 0 0 6.32476 5.80952 
43000 0.50989 0.112963 5.62557 0 0 6.24904 5.73758 
43200 0.506217 0.113027 5.55366 0 0 6.17333 5.66564 
43400 0.502544 0.113092 5.48176 0 0 6.09761 5.59371 
43600 0.49892 0.113156 5.41112 0 0 6.02318 5.52304 
43800 0.495495 0.113219 5.34551 0 0 5.95392 5.45743 
44000 0.492069 0.113281 5.27991 0 0 5.88466 5.39182 
44200 0.488644 0.113344 5.2143 0 0 5.81541 5.32621 
44400 0.485219 0.113406 5.14869 0 0 5.74615 5.2606 
44600 0.481851 0.113467 5.08595 0 0 5.68028 5.19786 
44800 0.47849 0.113528 5.02352 0 0 5.61479 5.13544 
45000 0.475129 0.113589 4.96109 0 0 5.5493 5.07301 
45200 0.471768 0.11365 4.89867 0 0 5.4838 5.01059 
45400 0.468545 0.113706 4.83936 0 0 5.42149 4.95161 
45600 0.465413 0.113759 4.78213 0 0 5.3613 4.89492 
45800 0.462281 0.113811 4.72489 0 0 5.30111 4.83824 
46000 0.459149 0.113864 4.66766 0 0 5.24091 4.78155 
46200 0.456032 0.113916 4.61098 0 0 5.18128 4.72534 
46400 0.452994 0.113968 4.5574 0 0 5.12478 4.67178 
46600 0.449957 0.11402 4.50383 0 0 5.06828 4.61822 
46800 0.44692 0.114072 4.45025 0 0 5.01178 4.56467 
47000 0.443883 0.114124 4.39668 0 0 4.95528 4.51111 
47200 0.440927 0.114174 4.34543 0 0 4.90114 4.45987 
47400 0.438015 0.114223 4.29542 0 0 4.84826 4.40987 
47600 0.435102 0.114272 4.24542 0 0 4.79538 4.35987 
47800 0.43219 0.114321 4.19541 0 0 4.7425 4.30987 
48000 0.429286 0.11437 4.14561 0 0 4.68983 4.26007 
48200 0.426546 0.114412 4.09955 0 0 4.64097 4.21401 
48400 0.423806 0.114454 4.0535 0 0 4.59212 4.16794 
48600 0.421066 0.114497 4.00744 0 0 4.54326 4.12187 
48800 0.418326 0.114539 3.96139 0 0 4.49441 4.0758 
49000 0.415626 0.114581 3.91646 0 0 4.44689 4.03106 
49200 0.412998 0.114622 3.87365 0 0 4.40187 3.98876 
49400 0.410371 0.114664 3.83083 0 0 4.35684 3.94646 
49600 0.407744 0.114705 3.78801 0 0 4.31182 3.90417 
49800 0.405116 0.114746 3.74519 0 0 4.2668 3.86187 
50000 0.402615 0.114783 3.70393 0 0 4.22191 3.81831 
50200 0.400109 0.114823 3.66379 0 0 4.17932 3.77817 
50400 0.397604 0.114862 3.62365 0 0 4.13673 3.73802 
50600 0.395099 0.114901 3.58351 0 0 4.09414 3.69788 
50800 0.392593 0.114941 3.54338 0 0 4.05156 3.65774 
51000 0.390186 0.114976 3.50527 0 0 4.01122 3.61998 
51200 0.387821 0.115008 3.46803 0 0 3.97186 3.58323 
51400 0.385456 0.115041 3.43079 0 0 3.9325 3.54648 
51600 0.383091 0.115074 3.39355 0 0 3.89314 3.50974 
51800 0.380726 0.115107 3.35632 0 0 3.85378 3.47299 
52000 0.378449 0.115138 3.32083 0 0 3.81584 3.43765 
52200 0.37621 0.115169 3.2861 0 0 3.77851 3.40291 
52400 0.373971 0.1152 3.25137 0 0 3.74118 3.36816 
52600 0.371732 0.115231 3.21663 0 0 3.70386 3.33342 
52800 0.369493 0.115262 3.1819 0 0 3.66653 3.29868 
53000 0.367298 0.115293 3.14917 0 0 3.63126 3.26563 
53200 0.365126 0.115324 3.11752 0 0 3.59709 3.23348 
53400 0.362954 0.115355 3.08587 0 0 3.56293 3.20134 
53600 0.360782 0.115385 3.05421 0 0 3.52876 3.1692 
53800 0.35861 0.115416 3.02256 0 0 3.4946 3.13705 
54000 0.356492 0.115443 2.99154 0 0 3.4615 3.10597 
54200 0.35444 0.115466 2.96129 0 0 3.4297 3.07619 
54400 0.352387 0.115489 2.93103 0 0 3.39791 3.04641 
54600 0.350335 0.115512 2.90078 0 0 3.36611 3.01663 
54800 0.348282 0.115535 2.87053 0 0 3.33432 2.98685 
55000 0.346247 0.115558 2.84073 0 0 3.30286 2.95739 
55200 0.344283 0.115582 2.81276 0 0 3.27272 2.92921 
55400 0.342318 0.115606 2.78479 0 0 3.24258 2.90104 
55600 0.340354 0.115629 2.75682 0 0 3.21244 2.87287 
55800 0.338389 0.115653 2.72884 0 0 3.1823 2.8447 
56000 0.336425 0.115677 2.70087 0 0 3.15216 2.81653 
56200 0.334547 0.115694 2.67481 0 0 3.12438 2.79046 
56400 0.332684 0.115711 2.64908 0 0 3.09702 2.76477 
56600 0.330821 0.115728 2.62335 0 0 3.06966 2.73908 
56800 0.328958 0.115745 2.59763 0 0 3.0423 2.71339 
57000 0.327095 0.115761 2.5719 0 0 3.01494 2.6877 
57200 0.325277 0.115778 2.54678 0 0 2.9881 2.66261 
57400 0.323539 0.115794 2.5228 0 0 2.96222 2.63866 
57600 0.321802 0.115811 2.49881 0 0 2.93634 2.61471 
57800 0.320064 0.115827 2.47483 0 0 2.91046 2.59075 
58000 0.318327 0.115844 2.45084 0 0 2.88459 2.5668 
58200 0.316589 0.11586 2.42686 0 0 2.85871 2.54285 
58400 0.314876 0.115876 2.40411 0 0 2.83434 2.52011 
58600 0.313172 0.115892 2.38179 0 0 2.81047 2.49777 
58800 0.311467 0.115908 2.35946 0 0 2.78661 2.47543 
59000 0.309763 0.115925 2.33713 0 0 2.76274 2.45309 
59200 0.308058 0.115941 2.3148 0 0 2.73888 2.43075 
59400 0.306357 0.115956 2.29253 0 0 2.71506 2.40847 
59600 0.30472 0.115969 2.27131 0 0 2.69211 2.38724 
59800 0.303083 0.115981 2.25009 0 0 2.66916 2.366 
60000 0.301447 0.115993 2.22886 0 0 2.64621 2.34477 
60200 0.299825 0.116 2.20852 0 0 2.62433 2.3245 
60400 0.298203 0.116007 2.18818 0 0 2.60245 2.30424 
60600 0.296607 0.116014 2.16808 0 0 2.58081 2.28419 
60800 0.295092 0.116024 2.1487 0 0 2.55991 2.2648 
61000 0.293577 0.116033 2.12932 0 0 2.539 2.24541 
61200 0.292062 0.116043 2.10994 0 0 2.51809 2.22602 
61400 0.290546 0.116052 2.09056 0 0 2.49719 2.20663 
61600 0.289031 0.116061 2.07119 0 0 2.47628 2.18724 
61800 0.28753 0.11607 2.05231 0 0 2.4559 2.16836 
62000 0.286055 0.116078 2.03435 0 0 2.4365 2.15044 
62200 0.284579 0.116086 2.0164 0 0 2.4171 2.13251 
62400 0.283104 0.116094 1.99844 0 0 2.3977 2.11459 
62600 0.281629 0.116102 1.98048 0 0 2.3783 2.09666 
62800 0.280154 0.11611 1.96253 0 0 2.3589 2.07874 
63000 0.278695 0.116116 1.94477 0 0 2.3397 2.061 
63200 0.277277 0.116118 1.92747 0 0 2.32098 2.0437 
63400 0.275897 0.116122 9.32186 0 0 9.71478 9.43807 
63600 0.27455 0.116128 9.24669 0 0 9.63779 9.3629 
63800 0.273202 0.116133 9.17153 0 0 9.5608 9.28773 
64000 0.271855 0.116139 9.09636 0 0 9.48381 9.21256 
64200 0.270508 0.116145 9.02171 0 0 9.40742 9.13791 
64400 0.269164 0.116148 8.95 0 0 9.33444 9.06619 
64600 0.26782 0.116152 8.8783 0 0 9.26145 8.99447 
64800 0.266476 0.116155 8.80659 0 0 9.18847 8.92275 
65000 0.265131 0.116158 8.73488 0 0 9.11548 8.85103 
65200 0.263787 0.116162 8.66317 0 0 9.04249 8.7793 
65400 0.262443 0.116165 8.59146 0 0 8.9695 8.70758 
65600 0.261171 0.116163 8.52451 0 0 8.9013 8.64061 
65800 0.259907 0.116161 8.45809 0 0 8.83362 8.57417 
66000 0.258643 0.116159 8.39166 0 0 8.76594 8.50772 
66200 0.257379 0.116157 8.32524 0 0 8.69826 8.44127 
66400 0.256115 0.116155 8.25882 0 0 8.63059 8.37483 
66600 0.254851 0.116153 8.19239 0 0 8.56291 8.30838 
66800 0.253622 0.116153 8.12829 0 0 8.49758 8.24427 
67000 0.252427 0.116156 8.06651 0 0 8.43459 8.18249 
67200 0.251233 0.116159 8.00473 0 0 8.3716 8.1207 
67400 0.250038 0.116162 7.94295 0 0 8.30862 8.05892 
67600 0.248843 0.116164 7.88118 0 0 8.24563 7.99713 
67800 0.247649 0.116167 7.8194 0 0 8.18264 7.93535 
68000 0.246454 0.11617 7.75762 0 0 8.11966 7.87356 
68200 0.24531 0.116168 7.69966 0 0 8.0605 7.81558 
68400 0.244169 0.116166 7.6419 0 0 8.00154 7.7578 
68600 0.243028 0.116163 7.58414 0 0 7.94258 7.70002 
68800 0.241886 0.116161 7.52638 0 0 7.88362 7.64224 
69000 0.240745 0.116159 7.46862 0 0 7.82466 7.58446 
69200 0.239604 0.116156 7.41086 0 0 7.7657 7.52668 
69400 0.238478 0.116154 7.35416 0 0 7.70791 7.46995 
69600 0.237389 0.116151 7.29991 0 0 7.65286 7.41569 
69800 0.2363 0.116149 7.24567 0 0 7.59781 7.36144 
70000 0.23521 0.116147 7.19143 0 0 7.54276 7.30718 
70200 0.234121 0.116144 7.13718 0 0 7.48771 7.25292 
70400 0.233031 0.116142 7.08294 0 0 7.43266 7.19867 
70600 0.231942 0.116139 7.0287 0 0 7.37761 7.14441 
70800 0.230881 0.116134 6.97653 0 0 7.32445 7.09243 
71000 0.229842 0.116127 6.92607 0 0 7.27283 7.04231 
71200 0.228803 0.11612 6.8756 0 0 7.22121 6.99219 
71400 0.227764 0.116113 6.82513 0 0 7.16959 6.94208 
71600 0.226726 0.116106 6.77467 0 0 7.11797 6.89196 
71800 0.225687 0.116099 6.7242 0 0 7.06634 6.84184 
72000 0.224648 0.116092 6.67373 0 0 7.01472 6.79172 
72200 0.223643 0.116084 6.62562 0 0 6.96571 6.74349 
72400 0.222657 0.116077 6.57877 0 0 6.9181 6.69627 
72600 0.22167 0.11607 6.53192 0 0 6.87048 6.64906 
72800 0.220683 0.116063 6.48507 0 0 6.82287 6.60184 
73000 0.219696 0.116056 6.43823 0 0 6.77526 6.55462 
73200 0.21871 0.116049 6.39138 0 0 6.72764 6.50741 
73400 0.217723 0.116042 6.34453 0 0 6.68003 6.46019 
73600 0.216764 0.116035 6.29955 0 0 6.63408 6.41526 
73800 0.215824 0.116028 6.25581 0 0 6.58924 6.37186 
74000 0.214883 0.11602 6.21208 0 0 6.5444 6.32846 
74200 0.213943 0.116013 6.16834 0 0 6.49957 6.28506 
74400 0.213003 0.116005 6.12461 0 0 6.45473 6.24167 
74600 0.212062 0.115998 6.08087 0 0 6.40989 6.19827 
74800 0.211122 0.115991 6.03713 0 0 6.36505 6.15487 
75000 0.210196 0.115982 5.99462 0 0 6.32144 6.11241 
75200 0.209294 0.115972 5.95393 0 0 6.27967 6.07136 
75400 0.208392 0.115961 5.91325 0 0 6.23791 6.03032 
75600 0.207489 0.115951 5.87256 0 0 6.19614 5.98927 
75800 0.206587 0.11594 5.83188 0 0 6.15437 5.94823 
76000 0.205684 0.11593 5.79119 0 0 6.1126 5.90718 
76200 0.204782 0.115919 5.75051 0 0 6.07084 5.86614 
76400 0.203885 0.115909 5.71007 0 0 6.02935 5.82541 
76600 0.203035 0.115898 5.67185 0 0 5.99041 5.78751 
76800 0.202185 0.115887 5.63362 0 0 5.95147 5.74962 
77000 0.201335 0.115877 5.5954 0 0 5.91253 5.71172 
77200 0.200485 0.115866 5.55718 0 0 5.87359 5.67383 
77400 0.199635 0.115855 5.51896 0 0 5.83465 5.63593 
77600 0.198785 0.115845 5.48073 0 0 5.79571 5.59804 
77800 0.197935 0.115834 5.44251 0 0 5.75676 5.56014 
78000 0.197102 0.115823 5.406 0 0 5.71935 5.52356 
78200 0.19628 0.115811 5.37064 0 0 5.68294 5.48784 
78400 0.195459 0.1158 5.33527 0 0 5.64654 5.45213 
78600 0.194637 0.115789 5.29991 0 0 5.61013 5.41641 
78800 0.193816 0.115777 5.26454 0 0 5.57372 5.3807 
79000 0.192994 0.115766 5.22918 0 0 5.53732 5.34499 
79200 0.192173 0.115754 5.19381 0 0 5.50091 5.30927 
79400 0.191351 0.115743 5.15844 0 0 5.46451 5.27356 
79600 0.190564 0.115729 5.12432 0 0 5.43033 5.23942 
79800 0.189777 0.115714 5.0902 0 0 5.39616 5.20529 
80000 0.188991 0.115699 5.05608 0 0 5.36198 5.17116 
80200 0.188212 0.115685 5.02321 0 0 5.32801 5.13828 
80400 0.187434 0.11567 4.99035 0 0 5.29404 5.10539 
80600 0.186655 0.115656 4.95748 0 0 5.26007 5.07251 
80800 0.185877 0.115641 4.92461 0 0 5.22609 5.03963 
81000 0.185109 0.115626 4.89224 0 0 5.19272 5.00732 
81200 0.18437 0.115612 4.86134 0 0 5.16114 4.97672 
81400 0.183631 0.115598 4.83043 0 0 5.12956 4.94612 
81600 0.182892 0.115583 4.79953 0 0 5.09798 4.91552 
81800 0.182153 0.115569 4.76863 0 0 5.0664 4.88492 
82000 0.181414 0.115555 4.73773 0 0 5.03482 4.85432 
82200 0.180676 0.11554 4.70683 0 0 5.00324 4.82372 
82400 0.179937 0.115526 4.67593 0 0 4.97166 4.79312 
82600 0.179206 0.115511 4.64562 0 0 4.94068 4.76292 
82800 0.178493 0.115496 4.61669 0 0 4.91108 4.73366 
83000 0.17778 0.115481 4.58776 0 0 4.88148 4.70441 
83200 0.177066 0.115465 4.55884 0 0 4.85189 4.67516 
83400 0.176353 0.11545 4.52991 0 0 4.82229 4.6459 
83600 0.17564 0.115435 4.50098 0 0 4.79269 4.61665 
83800 0.174927 0.11542 4.47205 0 0 4.76309 4.58739 
84000 0.174214 0.115404 4.44313 0 0 4.7335 4.55814 
84200 0.173511 0.115389 4.41476 0 0 4.70439 4.52952 
84400 0.172837 0.115372 4.38808 0 0 4.67676 4.50283 
84600 0.172164 0.115354 4.36141 0 0 4.64913 4.47614 
84800 0.17149 0.115337 4.33473 0 0 4.6215 4.44945 
85000 0.170816 0.11532 4.30805 0 0 4.59387 4.42276 
85200 0.170143 0.115303 4.28138 0 0 4.56623 4.39607 
85400 0.169469 0.115286 4.2547 0 0 4.5386 4.36938 
85600 0.168795 0.115269 4.22802 0 0 4.51097 4.34269 
85800 0.168122 0.115252 4.20135 0 0 4.48334 4.316 
86000 0.167472 0.115234 4.17592 0 0 4.45757 4.29055 
86200 0.166823 0.115216 4.15049 0 0 4.4318 4.26511 
86400 0.166173 0.115198 4.12506 0 0 4.40603 4.23967 
86600 0.165524 0.11518 4.09963 0 0 4.38025 4.21422 
86800 0.164874 0.115162 4.0742 0 0 4.35448 4.18878 
87000 0.164225 0.115144 4.04877 0 0 4.32871 4.16333 
87200 0.163575 0.115126 4.02334 0 0 4.30294 4.13789 
87400 0.162926 0.115109 3.99791 0 0 4.27717 4.11245 
87600 0.162298 0.115089 3.97384 0 0 4.25238 4.08836 
87800 0.161682 0.115068 3.9505 0 0 4.22811 4.065 
88000 0.161066 0.115048 3.92716 0 0 4.20385 4.04165 
88200 0.16045 0.115027 3.90382 0 0 4.17959 4.01829 
88400 0.159834 0.115007 3.88048 0 0 4.15532 3.99493 
88600 0.159218 0.114986 3.85714 0 0 4.13106 3.97157 
88800 0.158602 0.114966 3.8338 0 0 4.10679 3.94822 
89000 0.157986 0.114945 3.81045 0 0 4.08253 3.92486 
89200 0.157374 0.114924 3.78725 0 0 4.05847 3.90165 
89400 0.15679 0.114903 3.76533 0 0 4.03622 3.87971 
89600 0.156206 0.114883 3.7434 0 0 4.01397 3.85777 
89800 0.155622 0.114862 3.72148 0 0 3.99172 3.83583 
90000 0.155039 0.114841 3.69955 0 0 3.96947 3.81389 
90200 0.154455 0.11482 3.67763 0 0 3.94722 3.79195 
90400 0.153871 0.114799 3.6557 0 0 3.92497 3.77001 
90600 0.153287 0.114778 3.63378 0 0 3.90272 3.74807 
90800 0.152704 0.114757 3.61185 0 0 3.88047 3.72613 
91000 0.15213 0.114737 3.59046 0 0 3.85866 3.70482 
91200 0.151573 0.114717 3.57005 0 0 3.83765 3.68468 
91400 0.151017 0.114697 3.54965 0 0 3.81664 3.66454 
91600 0.150461 0.114677 3.52924 0 0 3.79563 3.64441 
91800 0.149905 0.114657 3.50884 0 0 3.77463 3.62427 
92000 0.149348 0.114638 3.48844 0 0 3.75362 3.60413 
92200 0.148792 0.114618 3.46803 0 0 3.73261 3.58399 
92400 0.148236 0.114598 3.44763 0 0 3.7116 3.56386 
92600 0.14768 0.114578 3.42722 0 0 3.69059 3.54372 
92800 0.147134 0.114557 3.40748 0 0 3.67025 3.52399 
93000 0.146602 0.114534 3.38854 0 0 3.65072 3.50476 
93200 0.146069 0.11451 3.3696 0 0 3.63119 3.48553 
93400 0.145537 0.114487 3.35066 0 0 3.61166 3.4663 
93600 0.145005 0.114464 3.33172 0 0 3.59213 3.44707 
93800 0.144472 0.11444 3.31279 0 0 3.57261 3.42784 
94000 0.14394 0.114417 3.29385 0 0 3.55308 3.40861 
94200 0.143407 0.114394 3.27491 0 0 3.53355 3.38938 
94400 0.142875 0.114371 3.25597 0 0 3.51402 3.37015 
94600 0.142354 0.114347 3.23753 0 0 3.49499 3.35152 
94800 0.14185 0.114324 3.21983 0 0 3.47672 3.33381 
95000 0.141346 0.114302 3.20213 0 0 3.45844 3.3161 
95200 0.140842 0.114279 3.18444 0 0 3.44017 3.29839 
95400 0.140338 0.114256 3.16674 0 0 3.42189 3.28068 
95600 0.139834 0.114233 3.14904 0 0 3.40362 3.26297 
95800 0.13933 0.11421 3.13134 0 0 3.38534 3.24526 
96000 0.138826 0.114187 3.11365 0 0 3.36706 3.22755 
96200 0.138322 0.114164 3.09595 0 0 3.34879 3.20984 
96400 0.137821 0.114141 3.07842 0 0 3.33068 3.19229 
96600 0.137336 0.114119 3.06182 0 0 3.31352 3.17568 
96800 0.136852 0.114096 3.04523 0 0 3.29635 3.15907 
97000 0.136367 0.114074 3.02863 0 0 3.27919 3.14246 
97200 0.135883 0.114051 3.01204 0 0 3.26202 3.12585 
97400 0.135399 0.114029 2.99545 0 0 3.24486 3.10924 
97600 0.134914 0.114006 2.97885 0 0 3.22769 3.09263 
97800 0.13443 0.113984 2.96226 0 0 3.21053 3.07602 
98000 0.133945 0.113961 2.94566 0 0 3.19336 3.05941 
98200 0.133461 0.113939 2.92907 0 0 3.1762 3.0428 
98400 0.132996 0.113916 2.9133 0 0 3.16005 3.02702 
98600 0.132539 0.113893 2.89781 0 0 3.14424 3.01151 
98800 0.132081 0.113869 2.88232 0 0 3.12844 2.99601 
99000 0.131623 0.113846 2.86683 0 0 3.11263 2.98051 
99200 0.131165 0.113823 2.85134 0 0 3.09682 2.965 
99400 0.130707 0.1138 2.83585 0 0 3.08101 2.9495 
99600 0.13025 0.113776 2.82036 0 0 3.0652 2.934 
99800 0.129792 0.113753 2.80488 0 0 3.04939 2.9185 
100000 0.129334 0.11373 2.78939 0 0 3.03358 2.90299 
100200 0.128942 0.113721 2.7766 0 0 3.01825 2.8902 
100400 0.128493 0.113695 2.7618 0 0 3.00315 2.87538 
100600 0.128044 0.113669 2.74699 0 0 2.98805 2.86056 
100800 0.127595 0.113643 2.73219 0 0 2.97295 2.84574 
101000 0.127145 0.113617 2.71738 0 0 2.95785 2.83092 
101200 0.126696 0.113591 2.70258 0 0 2.94275 2.8161 
101400 0.126247 0.113565 2.68778 0 0 2.92765 2.80128 
101600 0.125798 0.113539 2.67297 0 0 2.91254 2.78646 
101800 0.125349 0.113513 2.65817 0 0 2.89744 2.77164 
102000 0.1249 0.113488 2.64336 0 0 2.88234 2.75682 
102200 0.124469 0.113462 2.62926 0 0 2.86788 2.74276 
102400 0.124055 0.113438 2.61586 0 0 2.85405 2.72944 
102600 0.123642 0.113413 2.60247 0 0 2.84021 2.71613 
102800 0.123228 0.113388 2.58907 0 0 2.82638 2.70282 
103000 0.122815 0.113363 2.57567 0 0 2.81255 2.68951 
103200 0.122402 0.113339 2.56227 0 0 2.79872 2.6762 
103400 0.121988 0.113314 2.54888 0 0 2.78489 2.66289 
103600 0.121575 0.113289 2.53548 0 0 2.77105 2.64957 
103800 0.121161 0.113265 2.52208 0 0 2.75722 2.63626 
104000 0.120748 0.11324 2.50868 0 0 2.74339 2.62295 
104200 0.12035 0.113215 2.49592 0 0 2.73013 2.61017 
104400 0.119969 0.113189 2.4838 0 0 2.71745 2.59791 
104600 0.119588 0.113163 2.47167 0 0 2.70477 2.58565 
104800 0.119206 0.113137 2.45954 0 0 2.69209 2.57339 
105000 0.118825 0.113111 2.44742 0 0 2.67941 2.56113 
105200 0.118444 0.113085 2.43529 0 0 2.66673 2.54887 
105400 0.118062 0.113059 2.42317 0 0 2.65404 2.53661 
105600 0.117681 0.113033 2.41104 0 0 2.64136 2.52435 
105800 0.1173 0.113007 2.39892 0 0 2.62868 2.51209 
106000 0.116918 0.112981 2.38679 0 0 2.616 2.49983 
106200 0.116537 0.112955 2.37466 0 0 2.60332 2.48757 
106400 0.11615 0.112928 2.36257 0 0 2.5909 2.47546 
106600 0.115763 0.1129 2.35048 0 0 2.57847 2.46335 
106800 0.115375 0.112873 2.33839 0 0 2.56605 2.45125 
107000 0.114988 0.112845 2.32629 0 0 2.55362 2.43914 
107200 0.114601 0.112818 2.3142 0 0 2.5412 2.42703 
107400 0.114213 0.112791 2.30211 0 0 2.52878 2.41492 
107600 0.113826 0.112763 2.29002 0 0 2.51635 2.40282 
107800 0.113439 0.112736 2.27792 0 0 2.50393 2.39071 
108000 0.113052 0.112708 2.26583 0 0 2.4915 2.3786 
108200 0.112664 0.112681 2.25374 0 0 2.47908 2.3665 
108400 0.112322 0.112656 2.2433 0 0 2.46828 2.35603 
108600 0.111979 0.112631 2.23287 0 0 2.45747 2.34556 
108800 0.111637 0.112606 2.22243 0 0 2.44667 2.33508 
109000 0.111294 0.112581 2.212 0 0 2.43586 2.32461 
109200 0.110952 0.112556 2.20157 0 0 2.42506 2.31414 
109400 0.110609 0.112531 2.19113 0 0 2.41426 2.30367 
109600 0.110267 0.112506 2.1807 0 0 2.40345 2.2932 
109800 0.109924 0.112481 2.17026 0 0 2.39265 2.28273 
110000 0.109582 0.112456 2.15983 0 0 2.38184 2.27226 
110200 0.109239 0.112431 2.14939 0 0 2.37104 2.26179 
110400 0.108897 0.112407 2.13896 0 0 2.36024 2.25132 
110600 0.108551 0.11238 2.12856 0 0 2.34948 2.24091 
110800 0.108204 0.112354 2.11817 0 0 2.33872 2.2305 
111000 0.107858 0.112328 2.10777 0 0 2.32796 2.22009 
111200 0.107512 0.112302 2.09738 0 0 2.31721 2.20968 
111400 0.107165 0.112276 2.08698 0 0 2.30645 2.19927 
111600 0.106819 0.11225 2.07659 0 0 2.29569 2.18886 
111800 0.106473 0.112224 2.06619 0 0 2.28494 2.17845 
112000 0.106126 0.112198 2.0558 0 0 2.27418 2.16804 
112200 0.10578 0.112172 2.0454 0 0 2.26342 2.15763 
112400 0.105434 0.112146 2.03501 0 0 2.25266 2.14722 
112600 0.1051 0.112119 2.02511 0 0 2.24239 2.13729 
112800 0.104779 0.112091 2.0157 0 0 2.23261 2.12785 
113000 0.104458 0.112063 2.00628 0 0 2.22283 2.1184 
113200 0.104137 0.112035 1.99687 0 0 2.21305 2.10895 
113400 0.103816 0.112007 1.98746 0 0 2.20327 2.0995 
113600 0.103495 0.111979 1.97805 0 0 2.19349 2.09006 
113800 0.103174 0.111951 1.96864 0 0 2.18371 2.08061 
114000 0.102853 0.111923 1.95923 0 0 2.17393 2.07116 
114200 0.102532 0.111895 1.94982 0 0 2.16415 2.06171 
114400 0.102211 0.111867 1.94041 0 0 2.15437 2.05227 
114600 0.10189 0.111839 1.931 0 0 2.14459 2.04282 
114800 0.101581 0.111811 1.922 0 0 2.13525 2.0338 
115000 0.101283 0.111784 1.91342 0 0 2.12636 2.02521 
115200 0.100985 0.111757 1.90485 0 0 2.11747 2.01661 
115400 0.100687 0.11173 1.89627 0 0 2.10859 2.00802 
115600 0.100389 0.111703 1.88769 0 0 2.0997 1.99943 
115800 0.100091 0.111676 1.87911 0 0 2.09081 1.99084 
116000 0.0997932 0.111649 1.87053 0 0 2.08192 1.98224 
116200 0.0994953 0.111622 1.86195 0 0 2.07303 1.97365 
116400 0.0991974 0.111595 1.85337 0 0 2.06415 1.96506 
116600 0.0988994 0.111568 1.8448 0 0 2.05526 1.95647 
116800 0.0986016 0.111541 1.83622 0 0 2.04637 1.94788 
117000 0.0983037 0.111514 1.82764 0 0 2.03748 1.93928 
117200 0.0980041 0.111486 1.81916 0 0 2.02866 1.93074 
117400 0.0977044 0.111458 1.81068 0 0 2.01983 1.9222 
117600 0.0974048 0.11143 1.8022 0 0 2.011 1.91366 
117800 0.0971052 0.111402 1.79372 0 0 2.00218 1.90512 
118000 0.0968056 0.111374 1.78524 0 0 1.99335 1.89658 
118200 0.096506 0.111346 1.77676 0 0 1.98452 1.88804 
118400 0.0962064 0.111318 1.76828 0 0 1.9757 1.8795 
118600 0.0959068 0.11129 1.7598 0 0 1.96687 1.87096 
118800 0.0956072 0.111261 1.75132 0 0 1.95805 1.86242 
119000 0.0953076 0.111233 1.74283 0 0 1.94922 1.85388 
119200 0.095008 0.111205 1.73435 0 0 1.94039 1.84534 
119400 0.09474 0.111177 1.72694 0 0 1.93271 1.83791 
119600 0.0944719 0.11115 1.71953 0 0 1.92502 1.83049 
119800 0.0942039 0.111122 1.71212 0 0 1.91734 1.82306 
120000 0.0939358 0.111094 1.70471 0 0 1.90965 1.81564 
120200 0.0936678 0.111066 1.6973 0 0 1.90196 1.80822 
120400 0.0933997 0.111038 1.68989 0 0 1.89428 1.80079 
120600 0.0931317 0.11101 1.68248 0 0 1.88659 1.79337 
120800 0.0928636 0.110983 1.67507 0 0 1.8789 1.78594 
121000 0.0925956 0.110955 1.66766 0 0 1.87122 1.77852 
121200 0.0923276 0.110927 1.66025 0 0 1.86353 1.7711 
121400 0.0920595 0.110899 1.65284 0 0 1.85585 1.76367 
121600 0.0917915 0.110871 1.64542 0 0 1.84816 1.75625 
121800 0.0915322 0.110843 1.6384 0 0 1.84084 1.74921 
122000 0.091273 0.110815 1.63137 0 0 1.83352 1.74217 
122200 0.0910137 0.110787 1.62434 0 0 1.82619 1.73512 
122400 0.0907544 0.110759 1.61732 0 0 1.81887 1.72808 
122600 0.0904952 0.110731 1.61029 0 0 1.81155 1.72104 
122800 0.0902359 0.110703 1.60326 0 0 1.80422 1.714 
123000 0.0899767 0.110675 1.59623 0 0 1.7969 1.70696 
123200 0.0897174 0.110647 1.58921 0 0 1.78958 1.69992 
123400 0.0894581 0.110619 1.58218 0 0 1.78226 1.69288 
123600 0.0891989 0.110591 1.57515 0 0 1.77493 1.68584 
123800 0.0889396 0.110563 1.56812 0 0 1.76761 1.6788 
124000 0.0886803 0.110535 1.5611 0 0 1.76029 1.67176 
124200 0.0884318 0.110507 1.55443 0 0 1.75335 1.66506 
124400 0.0881833 0.110479 1.54777 0 0 1.74641 1.65836 
124600 0.0879347 0.110451 1.5411 0 0 1.73947 1.65166 
124800 0.0876862 0.110423 1.53444 0 0 1.73253 1.64496 
125000 0.0874377 0.110395 1.52777 0 0 1.72559 1.63826 
125200 0.0871892 0.110367 1.52111 0 0 1.71865 1.63156 
125400 0.0869407 0.110339 1.51444 0 0 1.71171 1.62486 
125600 0.0866922 0.110311 1.50778 0 0 1.70477 1.61816 
125800 0.0864436 0.110282 1.50111 0 0 1.69783 1.61146 
126000 0.0861951 0.110254 1.49445 0 0 1.69089 1.60476 
126200 0.0859466 0.110226 1.48778 0 0 1.68395 1.59806 
126400 0.0856981 0.110198 1.48112 0 0 1.67701 1.59137 
126600 0.0854562 0.11017 1.47477 0 0 1.67039 1.58499 
126800 0.0852143 0.110141 1.46843 0 0 1.66377 1.57861 
127000 0.0849725 0.110112 1.46208 0 0 1.65715 1.57223 
127200 0.0847306 0.110084 1.45574 0 0 1.65054 1.56585 
127400 0.0844887 0.110055 1.44939 0 0 1.64392 1.55947 
127600 0.0842469 0.110027 1.44305 0 0 1.6373 1.55309 
127800 0.084005 0.109998 1.4367 0 0 1.63068 1.54671 
128000 0.0837631 0.109969 1.43036 0 0 1.62406 1.54033 
128200 0.0835212 0.109941 1.42401 0 0 1.61744 1.53395 
128400 0.0832794 0.109912 1.41767 0 0 1.61082 1.52757 
128600 0.0830375 0.109884 1.41132 0 0 1.6042 1.52119 
128800 0.0827956 0.109855 1.40498 0 0 1.59758 1.51481 
129000 0.0825785 0.109827 1.39944 0 0 1.59179 1.50923 
129200 0.0823614 0.109798 1.39389 0 0 1.58599 1.50366 
129400 0.0821443 0.10977 1.38835 0 0 1.58019 1.49809 
129600 0.0819271 0.109741 1.38281 0 0 1.5744 1.49251 
129800 0.08171 0.109713 1.37727 0 0 1.5686 1.48694 
130000 0.0814929 0.109684 1.37172 0 0 1.56281 1.48136 
130200 0.0812757 0.109656 1.36618 0 0 1.55701 1.47579 
130400 0.0810586 0.109627 1.36064 0 0 1.55121 1.47021 
130600 0.0808415 0.109599 1.3551 0 0 1.54542 1.46464 
130800 0.0806244 0.10957 1.34956 0 0 1.53962 1.45906 
131000 0.0804073 0.109542 1.34401 0 0 1.53383 1.45349 
131200 0.0801901 0.109513 1.33847 0 0 1.52803 1.44791 
131400 0.079973 0.109485 1.33293 0 0 1.52223 1.44234 
131600 0.0797555 0.109456 1.32745 0 0 1.51651 1.43683 
131800 0.0795379 0.109426 1.32197 0 0 1.51079 1.43132 
132000 0.0793204 0.109397 1.3165 0 0 1.50507 1.42581 
132200 0.0791029 0.109368 1.31102 0 0 1.49935 1.4203 
132400 0.0788854 0.109339 1.30554 0 0 1.49363 1.41478 
132600 0.0786678 0.10931 1.30007 0 0 1.48791 1.40927 
132800 0.0784503 0.109281 1.29459 0 0 1.48219 1.40376 
133000 0.0782328 0.109252 1.28911 0 0 1.47647 1.39825 
133200 0.0780153 0.109223 1.28363 0 0 1.47075 1.39274 
133400 0.0777977 0.109193 1.27816 0 0 1.46503 1.38723 
133600 0.0775802 0.109164 1.27268 0 0 1.45931 1.38172 
133800 0.0773627 0.109135 1.2672 0 0 1.45359 1.37621 
134000 0.0771571 0.109107 1.26205 0 0 1.44822 1.37103 
134200 0.0769634 0.109079 1.25723 0 0 1.44319 1.3662 
134400 0.0767697 0.109052 1.2524 0 0 1.43815 1.36136 
134600 0.076576 0.109024 1.24757 0 0 1.43312 1.35652 
134800 0.0763823 0.108997 1.24275 0 0 1.42809 1.35168 
135000 0.0761886 0.108969 1.23792 0 0 1.42306 1.34684 
135200 0.075995 0.108942 1.2331 0 0 1.41803 1.34201 
135400 0.0758013 0.108914 1.22827 0 0 1.413 1.33717 
135600 0.0756076 0.108887 1.22345 0 0 1.40797 1.33233 
135800 0.0754139 0.108859 1.21862 0 0 1.40293 1.32749 
136000 0.0752202 0.108831 1.2138 0 0 1.3979 1.32266 
136200 0.0750265 0.108804 1.20897 0 0 1.39287 1.31782 
136400 0.0748328 0.108776 1.20415 0 0 1.38784 1.31298 
136600 0.0746391 0.108749 1.19932 0 0 1.38281 1.30814 
136800 0.074444 0.108718 1.19459 0 0 1.37784 1.30336 
137000 0.074249 0.108688 1.18985 0 0 1.37287 1.29857 
137200 0.0740539 0.108657 1.18511 0 0 1.3679 1.29378 
137400 0.0738588 0.108627 1.18038 0 0 1.36293 1.28899 
137600 0.0736637 0.108597 1.17564 0 0 1.35797 1.28421 
137800 0.0734686 0.108566 1.17091 0 0 1.353 1.27942 
138000 0.0732735 0.108536 1.16617 0 0 1.34803 1.27463 
138200 0.0730784 0.108505 1.16144 0 0 1.34306 1.26985 
138400 0.0728833 0.108475 1.1567 0 0 1.33809 1.26506 
138600 0.0726882 0.108444 1.15196 0 0 1.33312 1.26027 
138800 0.0724932 0.108414 1.14723 0 0 1.32815 1.25548 
139000 0.0722981 0.108383 1.14249 0 0 1.32318 1.2507 
139200 0.072103 0.108353 1.13776 0 0 1.31822 1.24591 
139400 0.071921 0.108323 1.13341 0 0 1.31366 1.24155 
139600 0.071739 0.108293 1.12905 0 0 1.3091 1.23718 
139800 0.0715569 0.108263 1.1247 0 0 1.30454 1.23282 
140000 0.0713749 0.108233 1.12035 0 0 1.29998 1.22845 
140200 0.0711929 0.108203 1.116 0 0 1.29543 1.22409 
140400 0.0710109 0.108173 1.11165 0 0 1.29087 1.21972 
140600 0.0708289 0.108143 1.1073 0 0 1.28631 1.21536 
140800 0.0706469 0.108113 1.10294 0 0 1.28175 1.21099 
141000 0.0704649 0.108083 1.09859 0 0 1.27719 1.20663 
141200 0.0702829 0.108053 1.09424 0 0 1.27264 1.20227 
141400 0.0701009 0.108023 1.08989 0 0 1.26808 1.1979 
141600 0.0699188 0.107993 1.08554 0 0 1.26352 1.19354 
141800 0.0697368 0.107963 1.08119 0 0 1.25896 1.18917 
142000 0.0695609 0.107934 1.07703 0 0 1.25461 1.185 
142200 0.0693909 0.107906 1.07307 0 0 1.25045 1.18101 
142400 0.069221 0.107877 1.06911 0 0 1.24629 1.17702 
142600 0.0690511 0.107849 1.06515 0 0 1.24213 1.17303 
142800 0.0688812 0.10782 1.06119 0 0 1.23798 1.16904 
143000 0.0687112 0.107792 1.05723 0 0 1.23382 1.16505 
143200 0.0685413 0.107763 1.05328 0 0 1.22966 1.16106 
143400 0.0683714 0.107735 1.04932 0 0 1.2255 1.15707 
143600 0.0682015 0.107706 1.04536 0 0 1.22135 1.15308 
143800 0.0680315 0.107678 1.0414 0 0 1.21719 1.14909 
144000 0.0678616 0.107649 1.03744 0 0 1.21303 1.1451 
144200 0.0676917 0.107621 1.03348 0 0 1.20887 1.14111 
144400 0.0675218 0.107593 1.02952 0 0 1.20472 1.13712 
144600 0.0673519 0.107564 1.02556 0 0 1.20056 1.13313 
144800 0.0671848 0.107536 1.02169 0 0 1.19649 1.12923 
145000 0.0670205 0.107507 1.01792 0 0 1.19252 1.12542 
145200 0.0668562 0.107479 1.01414 0 0 1.18854 1.12162 
145400 0.0666919 0.10745 1.01036 0 0 1.18457 1.11781 
145600 0.0665277 0.107422 1.00659 0 0 1.18059 1.114 
145800 0.0663634 0.107393 1.00281 0 0 1.17662 1.1102 
146000 0.0661991 0.107365 0.999035 0 0 1.17264 1.10639 
146200 0.0660349 0.107337 0.995259 0 0 1.16867 1.10258 
146400 0.0658706 0.107308 0.991482 0 0 1.1647 1.09878 
146600 0.0657063 0.10728 0.987706 0 0 1.16072 1.09497 
146800 0.065542 0.107251 0.98393 0 0 1.15675 1.09117 
147000 0.0653778 0.107223 0.980154 0 0 1.15277 1.08736 
147200 0.0652135 0.107195 0.976378 0 0 1.1488 1.08355 
147400 0.0650492 0.107166 0.972601 0 0 1.14482 1.07975 
147600 0.0648918 0.107138 0.969007 0 0 1.14104 1.07612 
147800 0.0647412 0.10711 0.965595 0 0 1.13745 1.07268 
148000 0.0645906 0.107081 0.962183 0 0 1.13386 1.06923 
148200 0.06444 0.107053 0.958772 0 0 1.13027 1.06579 
148400 0.0642894 0.107025 0.95536 0 0 1.12667 1.06234 
148600 0.0641388 0.106997 0.951948 0 0 1.12308 1.0589 
148800 0.0639882 0.106968 0.948536 0 0 1.11949 1.05545 
149000 0.0638376 0.10694 0.945124 0 0 1.1159 1.05201 
149200 0.063687 0.106912 0.941712 0 0 1.11231 1.04856 
149400 0.0635364 0.106884 0.9383 0 0 1.10872 1.04512 
149600 0.0633858 0.106855 0.934888 0 0 1.10513 1.04167 
149800 0.0632352 0.106827 0.931476 0 0 1.10154 1.03823 
150000 0.0630846 0.106799 0.928064 0 0 1.09795 1.03479 
150200 0.0629276 0.106772 0.924363 0 0 1.0941 1.0312 
150400 0.0627705 0.106745 0.920662 0 0 1.09025 1.02761 
150600 0.0626276 0.106717 0.917512 0 0 1.08692 1.02441 
150800 0.0624847 0.106689 0.914362 0 0 1.08358 1.02122 
151000 0.0623418 0.106661 0.911213 0 0 1.08025 1.01802 
151200 0.0621989 0.106632 0.908063 0 0 1.07691 1.01483 
151400 0.062056 0.106604 0.904913 0 0 1.07358 1.01163 
151600 0.0619131 0.106576 0.901763 0 0 1.07024 1.00844 
151800 0.0617702 0.106547 0.898613 0 0 1.06691 1.00524 
152000 0.0616273 0.106519 0.895463 0 0 1.06357 1.00205 
152200 0.0614843 0.106491 0.892313 0 0 1.06024 0.998851 
152400 0.0613414 0.106462 0.889163 0 0 1.0569 0.995656 
152600 0.0611985 0.106434 0.886013 0 0 1.05357 0.99246 
152800 0.0610556 0.106406 0.882864 0 0 1.05023 0.989265 
153000 0.0609127 0.106378 0.879714 0 0 1.0469 0.98607 
153200 0.0607698 0.106349 0.876564 0 0 1.04356 0.982874 
153400 0.0606269 0.106321 0.873414 0 0 1.04023 0.979679 
153600 0.0604875 0.106292 0.8704 0 0 1.03706 0.976637 
153800 0.0603482 0.106263 0.867387 0 0 1.0339 0.973595 
154000 0.0602089 0.106235 0.864374 0 0 1.03074 0.970554 
154200 0.0600696 0.106206 0.86136 0 0 1.02757 0.967512 
154400 0.0599302 0.106177 0.858347 0 0 1.02441 0.96447 
154600 0.0597909 0.106148 0.855334 0 0 1.02124 0.961429 
154800 0.0596516 0.106119 0.85232 0 0 1.01808 0.958387 
155000 0.0595123 0.106091 0.849307 0 0 1.01492 0.955345 
155200 0.0593729 0.106062 0.846294 0 0 1.01175 0.952304 
155400 0.0592336 0.106033 0.84328 0 0 1.00859 0.949262 
155600 0.0590943 0.106004 0.840267 0 0 1.00542 0.94622 
155800 0.058955 0.105975 0.837254 0 0 1.00226 0.943179 
156000 0.0588156 0.105946 0.83424 0 0 0.999095 0.940137 
156200 0.0586763 0.105918 0.831227 0 0 0.995931 0.937095 
156400 0.058537 0.105889 0.828214 0 0 0.992767 0.934054 
156600 0.0584045 0.10586 0.825371 0 0 0.989756 0.931182 
156800 0.0582721 0.105831 0.822528 0 0 0.986745 0.92831 
157000 0.0581396 0.105802 0.819686 0 0 0.983734 0.925438 
157200 0.0580071 0.105774 0.816843 0 0 0.980723 0.922566 
157400 0.0578746 0.105745 0.814 0 0 0.977712 0.919695 
157600 0.0577422 0.105716 0.811158 0 0 0.974701 0.916823 
157800 0.0576097 0.105687 0.808315 0 0 0.971689 0.913951 
158000 0.0574772 0.105658 0.805472 0 0 0.968678 0.911079 
158200 0.0573448 0.105629 0.80263 0 0 0.965667 0.908207 
158400 0.0572123 0.105601 0.799787 0 0 0.962656 0.905335 
158600 0.0570798 0.105572 0.796944 0 0 0.959645 0.902464 
158800 0.0569474 0.105543 0.794102 0 0 0.956634 0.899592 
159000 0.0568149 0.105514 0.791259 0 0 0.953623 0.89672 
159200 0.0566824 0.105485 0.788416 0 0 0.950612 0.893848 
159400 0.05655 0.105457 0.785574 0 0 0.947601 0.890976 
159600 0.0564252 0.105427 0.782954 0 0 0.944836 0.888329 
159800 0.0563004 0.105397 0.780335 0 0 0.94207 0.885683 
160000 0.0561756 0.105368 0.777716 0 0 0.939305 0.883036 
160200 0.0560508 0.105338 0.775097 0 0 0.93654 0.880389 
160400 0.055926 0.105308 0.772477 0 0 0.933775 0.877742 
160600 0.0558012 0.105279 0.769858 0 0 0.931009 0.875095 
160800 0.0556765 0.105249 0.767239 0 0 0.928244 0.872448 
161000 0.0555517 0.105219 0.76462 0 0 0.925479 0.869802 
161200 0.0554269 0.10519 0.762 0 0 0.922714 0.867155 
161400 0.0553021 0.10516 0.759381 0 0 0.919948 0.864508 
161600 0.0551773 0.105131 0.756762 0 0 0.917183 0.861861 
161800 0.0550525 0.105101 0.754143 0 0 0.914418 0.859214 
162000 0.0549277 0.105071 0.751523 0 0 0.911653 0.856567 
162200 0.054803 0.105042 0.748904 0 0 0.908887 0.853921 
162400 0.0546782 0.105012 0.746285 0 0 0.906122 0.851274 
162600 0.054557 0.104983 0.743778 0 0 0.903464 0.84874 
162800 0.0544394 0.104954 0.741384 0 0 0.900913 0.846319 
163000 0.0543218 0.104926 0.73899 0 0 0.898362 0.843898 
163200 0.0542042 0.104897 0.736597 0 0 0.895811 0.841477 
163400 0.0540866 0.104869 0.734203 0 0 0.89326 0.839056 
163600 0.053969 0.10484 0.731809 0 0 0.890709 0.836635 
163800 0.0538514 0.104811 0.729415 0 0 0.888158 0.834214 
164000 0.0537338 0.104783 0.727021 0 0 0.885607 0.831793 
164200 0.0536162 0.104754 0.724627 0 0 0.883056 0.829372 
164400 0.0534986 0.104726 0.722233 0 0 0.880505 0.826951 
164600 0.053381 0.104697 0.71984 0 0 0.877954 0.82453 
164800 0.0532634 0.104669 0.717446 0 0 0.875403 0.822109 
165000 0.0531458 0.10464 0.715052 0 0 0.872852 0.819689 
165200 0.0530282 0.104611 0.712658 0 0 0.870301 0.817268 
165400 0.0529106 0.104583 0.710264 0 0 0.86775 0.814847 
165600 0.052793 0.104554 0.70787 0 0 0.865199 0.812426 
165800 0.0526796 0.104527 0.705567 0 0 0.862749 0.810096 
166000 0.0525703 0.1045 0.703354 0 0 0.860399 0.807857 
166200 0.052461 0.104474 0.701142 0 0 0.858049 0.805618 
166400 0.0523517 0.104448 0.698929 0 0 0.855699 0.803379 
166600 0.0522424 0.104421 0.696716 0 0 0.853349 0.80114 
166800 0.0521331 0.104395 0.694504 0 0 0.850999 0.798901 
167000 0.0520238 0.104369 0.692291 0 0 0.848649 0.796662 
167200 0.0519145 0.104343 0.690079 0 0 0.846299 0.794423 
167400 0.0518052 0.104316 0.687866 0 0 0.843949 0.792184 
167600 0.0516959 0.10429 0.685653 0 0 0.841599 0.789945 
167800 0.0515866 0.104264 0.683441 0 0 0.839249 0.787706 
168000 0.0514773 0.104237 0.681228 0 0 0.836899 0.785467 
168200 0.051368 0.104211 0.679015 0 0 0.834549 0.783228 
168400 0.0512587 0.104185 0.676803 0 0 0.832199 0.780989 
168600 0.0511493 0.104158 0.67459 0 0 0.829849 0.77875 
168800 0.0510401 0.104132 0.672378 0 0 0.827499 0.776511 
169000 0.0509307 0.104106 0.670165 0 0 0.825149 0.774272 
169200 0.0508262 0.104076 0.668076 0 0 0.822923 0.772157 
169400 0.0507216 0.104047 0.665987 0 0 0.820698 0.770042 
169600 0.0506171 0.104017 0.663898 0 0 0.818472 0.767926 
169800 0.0505125 0.103988 0.661809 0 0 0.816246 0.765811 
170000 0.0504079 0.103959 0.65972 0 0 0.81402 0.763696 
170200 0.0503034 0.103929 0.657631 0 0 0.811794 0.76158 
170400 0.0501988 0.1039 0.655542 0 0 0.809568 0.759465 
170600 0.0500943 0.10387 0.653453 0 0 0.807343 0.757349 
170800 0.0499897 0.103841 0.651364 0 0 0.805117 0.755234 
171000 0.0498851 0.103811 0.649275 0 0 0.802891 0.753119 
171200 0.0497806 0.103782 0.647186 0 0 0.800665 0.751003 
171400 0.049676 0.103753 0.645097 0 0 0.798439 0.748888 
171600 0.0495715 0.103723 0.643008 0 0 0.796214 0.746773 
171800 0.0494669 0.103694 0.640919 0 0 0.793988 0.744657 
172000 0.0493623 0.103664 0.63883 0 0 0.791762 0.742542 
172200 0.0492578 0.103635 0.636741 0 0 0.789536 0.740427 
172400 0.049154 0.103606 0.634698 0 0 0.787365 0.738358 
172600 0.0490511 0.103578 0.632703 0 0 0.785247 0.736336 
172800 0.0489481 0.103551 0.630707 0 0 0.78313 0.734313 
173000 0.0488452 0.103523 0.628711 0 0 0.781012 0.732291 
173200 0.0487422 0.103495 0.626716 0 0 0.778895 0.730269 
173400 0.0486393 0.103467 0.62472 0 0 0.776777 0.728247 
173600 0.0485363 0.103439 0.622724 0 0 0.77466 0.726225 
173800 0.0484334 0.103412 0.620728 0 0 0.772542 0.724203 
174000 0.0483304 0.103384 0.618733 0 0 0.770425 0.722181 
174200 0.0482275 0.103356 0.616737 0 0 0.768308 0.720158 
174400 0.0481245 0.103328 0.614741 0 0 0.76619 0.718136 
174600 0.0480216 0.1033 0.612746 0 0 0.764073 0.716114 
174800 0.0479186 0.103273 0.61075 0 0 0.761955 0.714092 
175000 0.0478157 0.103245 0.608754 0 0 0.759838 0.71207 
175200 0.0477127 0.103217 0.606758 0 0 0.75772 0.710048 
175400 0.0476098 0.103189 0.604763 0 0 0.755603 0.708026 
175600 0.0475068 0.103161 0.602767 0 0 0.753485 0.706003 
175800 0.0474143 0.103135 0.601002 0 0 0.751591 0.704199 
176000 0.0473217 0.103108 0.599237 0 0 0.749697 0.702394 
176200 0.0472291 0.103081 0.597472 0 0 0.747802 0.70059 
176400 0.0471365 0.103055 0.595706 0 0 0.745908 0.698786 
176600 0.0470439 0.103028 0.593941 0 0 0.744014 0.696981 
176800 0.0469513 0.103001 0.592176 0 0 0.742119 0.695177 
177000 0.0468587 0.102974 0.590411 0 0 0.740225 0.693372 
177200 0.0467661 0.102948 0.588646 0 0 0.738331 0.691568 
177400 0.0466735 0.102921 0.586881 0 0 0.736436 0.689763 
177600 0.0465809 0.102894 0.585115 0 0 0.734542 0.687959 
177800 0.0464883 0.102868 0.58335 0 0 0.732648 0.686155 
178000 0.0463957 0.102841 0.581585 0 0 0.730753 0.68435 
178200 0.0463031 0.102814 0.57982 0 0 0.728859 0.682546 
178400 0.0462105 0.102788 0.578055 0 0 0.726964 0.680741 
178600 0.0461179 0.102761 0.57629 0 0 0.72507 0.678937 
178800 0.0460253 0.102734 0.574525 0 0 0.723176 0.677132 
179000 0.0459327 0.102707 0.572759 0 0 0.721281 0.675328 
179200 0.0458409 0.10268 0.571031 0 0 0.719431 0.673567 
179400 0.0457499 0.102652 0.569339 0 0 0.717625 0.67185 
179600 0.0456588 0.102625 0.567647 0 0 0.715818 0.670132 
179800 0.0455678 0.102597 0.565955 0 0 0.714012 0.668415 
180000 0.0454768 0.102569 0.564264 0 0 0.712206 0.666698 
180200 0.0453857 0.102541 0.562572 0 0 0.710399 0.66498 
180400 0.0452947 0.102514 0.56088 0 0 0.708593 0.663263 
180600 0.0452036 0.102486 0.559188 0 0 0.706787 0.661546 
180800 0.0451126 0.102458 0.557496 0 0 0.704981 0.659828 
181000 0.0450216 0.10243 0.555804 0 0 0.703174 0.658111 
181200 0.0449305 0.102402 0.554112 0 0 0.701368 0.656393 
181400 0.0448395 0.102375 0.552421 0 0 0.699562 0.654676 
181600 0.0447485 0.102347 0.550729 0 0 0.697755 0.652959 
181800 0.0446574 0.102319 0.549037 0 0 0.695949 0.651241 
182000 0.0445664 0.102291 0.547345 0 0 0.694143 0.649524 
182200 0.0444754 0.102263 0.545653 0 0 0.692336 0.647807 
182400 0.0443843 0.102236 0.543961 0 0 0.69053 0.646089 
182600 0.0442933 0.102208 0.54227 0 0 0.688724 0.644372 
182800 0.0442067 0.10218 0.54068 0 0 0.687019 0.642757 
183000 0.04412 0.102152 0.53909 0 0 0.685314 0.641142 
183200 0.0440334 0.102123 0.5375 0 0 0.68361 0.639527 
183400 0.0439468 0.102095 0.53591 0 0 0.681905 0.637912 
183600 0.0438602 0.102067 0.53432 0 0 0.6802 0.636298 
183800 0.0437736 0.102039 0.53273 0 0 0.678496 0.634683 
184000 0.0436869 0.102011 0.53114 0 0 0.676791 0.633068 
184200 0.0436003 0.101983 0.52955 0 0 0.675086 0.631453 
184400 0.0435137 0.101955 0.52796 0 0 0.673382 0.629838 
184600 0.0434271 0.101927 0.52637 0 0 0.671677 0.628223 
184800 0.0433405 0.101898 0.52478 0 0 0.669972 0.626609 
185000 0.0432539 0.10187 0.52319 0 0 0.668268 0.624994 
185200 0.0431672 0.101842 0.5216 0 0 0.666563 0.623379 
185400 0.0430806 0.101814 0.52001 0 0 0.664858 0.621764 
185600 0.042994 0.101786 0.51842 0 0 0.663154 0.620149 
185800 0.0429074 0.101758 0.51683 0 0 0.661449 0.618535 
186000 0.0428208 0.10173 0.51524 0 0 0.659744 0.61692 
186200 0.0427372 0.101702 0.513728 0 0 0.65812 0.615383 
186400 0.0426568 0.101676 0.512293 0 0 0.656577 0.613924 
186600 0.0425763 0.10165 0.510858 0 0 0.655034 0.612466 
186800 0.0424958 0.101623 0.509423 0 0 0.653491 0.611007 
187000 0.0424154 0.101597 0.507988 0 0 0.651947 0.609548 
187200 0.0423349 0.101571 0.506554 0 0 0.650404 0.60809 
187400 0.0422545 0.101544 0.505119 0 0 0.648861 0.606631 
187600 0.042174 0.101518 0.503684 0 0 0.647318 0.605172 
187800 0.0420935 0.101492 0.502249 0 0 0.645775 0.603714 
188000 0.0420131 0.101465 0.500814 0 0 0.644231 0.602255 
188200 0.0419326 0.101439 0.49938 0 0 0.642688 0.600797 
188400 0.0418522 0.101413 0.497945 0 0 0.641145 0.599338 
188600 0.0417717 0.101386 0.49651 0 0 0.639602 0.597879 
188800 0.0416912 0.10136 0.495075 0 0 0.638059 0.596421 
189000 0.0416108 0.101334 0.49364 0 0 0.636515 0.594962 
189200 0.0415303 0.101307 0.492206 0 0 0.634972 0.593503 
189400 0.0414499 0.101281 0.490771 0 0 0.633429 0.592045 
189600 0.0413694 0.101255 0.489336 0 0 0.631886 0.590586 
189800 0.0412889 0.101228 0.487901 0 0 0.630343 0.589127 
190000 0.0412126 0.101202 0.486536 0 0 0.628882 0.587738 
190200 0.0411364 0.101175 0.48517 0 0 0.627422 0.586348 
190400 0.0410601 0.101149 0.483804 0 0 0.625961 0.584959 
190600 0.0409838 0.101122 0.482438 0 0 0.624501 0.583569 
190800 0.0409075 0.101095 0.481073 0 0 0.623041 0.58218 
191000 0.0408312 0.101069 0.479707 0 0 0.62158 0.580791 
191200 0.0407549 0.101042 0.478341 0 0 0.62012 0.579401 
191400 0.0406786 0.101015 0.476976 0 0 0.61866 0.578012 
191600 0.0406023 0.100989 0.47561 0 0 0.617199 0.576622 
191800 0.0405261 0.100962 0.474244 0 0 0.615739 0.575233 
192000 0.0404498 0.100935 0.472879 0 0 0.614279 0.573843 
192200 0.0403735 0.100909 0.471513 0 0 0.612818 0.572454 
192400 0.0402972 0.100882 0.470147 0 0 0.611358 0.571064 
192600 0.0402209 0.100855 0.468782 0 0 0.609898 0.569675 
192800 0.0401446 0.100829 0.467416 0 0 0.608437 0.568285 
193000 0.0400683 0.100802 0.46605 0 0 0.606977 0.566896 
193200 0.0399921 0.100776 0.464685 0 0 0.605516 0.565506 
193400 0.0399158 0.100749 0.463319 0 0 0.604056 0.564117 
193600 0.0398412 0.100723 0.462011 0 0 0.602649 0.562786 
193800 0.0397683 0.100697 0.460762 0 0 0.601294 0.561514 
194000 0.0396955 0.100672 0.459513 0 0 0.599939 0.560242 
194200 0.0396226 0.100646 0.458264 0 0 0.598584 0.558969 
194400 0.0395498 0.10062 0.457014 0 0 0.59723 0.557697 
194600 0.0394769 0.100595 0.455765 0 0 0.595875 0.556425 
194800 0.0394041 0.100569 0.454516 0 0 0.59452 0.555153 
195000 0.0393312 0.100543 0.453267 0 0 0.593166 0.553881 
195200 0.0392584 0.100518 0.452017 0 0 0.591811 0.552608 
195400 0.0391855 0.100492 0.450768 0 0 0.590456 0.551336 
195600 0.0391126 0.100466 0.449519 0 0 0.589101 0.550064 
195800 0.0390398 0.100441 0.44827 0 0 0.587747 0.548792 
196000 0.0389669 0.100415 0.44702 0 0 0.586392 0.54752 
196200 0.0388941 0.10039 0.445771 0 0 0.585037 0.546247 
196400 0.0388212 0.100364 0.444522 0 0 0.583683 0.544975 
196600 0.0387484 0.100338 0.443272 0 0 0.582328 0.543703 
196800 0.0386755 0.100313 0.442023 0 0 0.580973 0.542431 
197000 0.0386027 0.100287 0.440774 0 0 0.579618 0.541158 
197200 0.0385298 0.100261 0.439525 0 0 0.578264 0.539886 
197400 0.0384585 0.100235 0.438305 0 0 0.576948 0.53864 
197600 0.0383889 0.100208 0.437114 0 0 0.57567 0.537421 
197800 0.0383192 0.100182 0.435923 0 0 0.574392 0.536201 
198000 0.0382495 0.100155 0.434732 0 0 0.573115 0.534982 
198200 0.0381798 0.100128 0.433541 0 0 0.571837 0.533762 
198400 0.0381101 0.100101 0.43235 0 0 0.570559 0.532543 
198600 0.0380405 0.100074 0.431159 0 0 0.569282 0.531323 
198800 0.0379708 0.100048 0.429968 0 0 0.568004 0.530104 
199000 0.0379011 0.100021 0.428777 0 0 0.566727 0.528884 
199200 0.0378314 0.0999941 0.427586 0 0 0.565449 0.527665 
199400 0.0377617 0.0999673 0.426395 0 0 0.564171 0.526445 
199600 0.0376921 0.0999405 0.425204 0 0 0.562894 0.525226 
199800 0.0376224 0.0999137 0.424013 0 0 0.561616 0.524006 
200000 0.0375527 0.099887 0.422822 0 0 0.560338 0.522787 
