1000 2.14572 0.0154314 920.232 0 0 922.462 920.232 
1200 2.06916 0.0195939 564.924 0 0 567.03 564.924 
1400 1.99396 0.0235378 4672.66 0 0 4675.14 4672.66 
1600 1.91918 0.0270433 3431.51 0 0 3433.98 3431.51 
1800 1.8479 0.0302036 2547.36 0 0 2549.52 2547.36 
2000 1.7805 0.0331026 1929.91 0 0 1931.64 1929.91 
2200 1.71754 0.0357986 1501.21 0 0 1502.95 1501.21 
2400 1.65833 0.0383591 1193.36 0 0 1195.09 1193.53 
2600 1.60242 0.0408278 965.152 0 0 966.745 965.259 
2800 1.54945 0.0432365 791.509 0 0 793.243 791.692 
3000 1.49928 0.0456151 656.848 0 0 658.335 656.848 
3200 1.45141 0.0479839 550.699 0 0 552.394 550.947 
3400 1.40587 0.050321 466.186 0 0 467.602 466.186 
3600 1.36181 0.0526523 397.705 0 0 399.192 397.765 
3800 1.31972 0.0549549 341.935 0 0 343.421 342.182 
4000 1.27851 0.0572605 296.09 0 0 297.329 296.09 
4200 1.23875 0.0595455 258.189 0 0 259.437 258.198 
4400 1.20022 0.0618047 226.307 0 0 227.58 226.381 
4600 1.16274 0.0640473 199.392 0 0 200.631 199.466 
4800 1.12628 0.0662529 176.614 0 0 177.801 176.666 
5000 1.09095 0.0684351 157.113 0 0 158.278 157.188 
5200 1.05663 0.0705912 140.443 0 0 141.558 140.492 
5400 1.02342 0.0727188 125.943 0 0 127.033 126.018 
5600 0.991131 0.0747913 113.386 0 0 114.451 113.46 
5800 0.959935 0.0768554 102.423 0 0 103.467 102.498 
6000 0.929647 0.0788664 92.7913 0 0 93.8072 92.8656 
6200 0.900513 0.080836 84.3773 0 0 85.3607 84.4688 
6400 0.872254 0.0827728 76.8788 0 0 77.8215 76.9531 
6600 0.84486 0.0846746 70.2739 0 0 71.202 70.373 
6800 0.818717 0.0865239 64.3718 0 0 65.2638 64.4482 
7000 0.7933 0.0883391 59.1293 0 0 60.007 59.2141 
7200 0.768997 0.0901336 54.3783 0 0 55.2446 54.4774 
7400 0.745555 0.091848 50.1874 0 0 51.0187 50.2754 
7600 0.722831 0.0935455 46.3544 0 0 47.1721 46.4493 
7800 0.701317 0.0951961 42.9403 0 0 43.7291 43.0354 
8000 0.680387 0.0968052 39.8172 0 0 40.5853 39.9164 
8200 0.660367 0.0983746 37.018 0 0 37.7861 37.1171 
8400 0.641086 0.0998948 34.4532 0 0 35.1966 34.5523 
8600 0.622461 0.101376 32.1236 0 0 32.8422 32.2228 
8800 0.604701 0.102828 29.9945 0 0 30.7032 30.0936 
9000 0.587746 0.104221 28.0531 0 0 28.7469 28.1522 
9200 0.571176 0.105598 26.2679 0 0 26.9446 26.367 
9400 0.555345 0.106926 24.6221 0 0 25.2911 24.7272 
9600 0.540168 0.108222 23.1079 0 0 23.757 23.2145 
9800 0.525612 0.109466 21.7156 0 0 22.3505 21.8245 
10000 0.511653 0.110681 20.4339 0 0 21.0558 20.5454 
10200 0.498521 0.11182 19.2768 0 0 19.8863 19.3883 
10400 0.485035 0.113014 18.1324 0 0 18.7315 18.2464 
10600 0.473 0.1141 17.1484 0 0 17.7356 17.2624 
10800 0.461201 0.115162 16.2187 0 0 16.7965 16.335 
11000 0.449627 0.116201 15.3383 0 0 15.9044 15.4547 
11200 0.438276 0.117239 14.505 0 0 15.0615 14.6236 
11400 0.427579 0.118238 13.7471 0 0 14.2925 13.866 
11600 0.417499 0.119164 13.0549 0 0 13.591 13.1738 
11800 0.407453 0.120094 12.3864 0 0 12.9137 12.5067 
12000 0.397945 0.121 11.7662 0 0 12.2848 11.8876 
12200 0.388951 0.121872 11.1929 0 0 11.7039 11.315 
12400 0.379827 0.122742 10.6375 0 0 11.1418 10.7614 
12600 0.371502 0.123535 10.1459 0 0 10.6423 10.2698 
12800 0.363051 0.124339 9.66194 0 0 10.1501 9.78582 
13000 0.354961 0.125122 9.21035 0 0 9.69043 9.33562 
13200 0.347255 0.125881 8.79101 0 0 9.26331 8.91738 
13400 0.33985 0.126619 8.39772 0 0 8.86268 8.52408 
13600 0.332608 0.127324 8.02225 0 0 8.48149 8.14861 
13800 0.325749 0.128007 7.67576 0 0 8.12946 7.80368 
14000 0.31905 0.128677 7.34539 0 0 7.79267 7.47423 
14200 0.312505 0.129332 7.03014 0 0 7.47038 7.15898 
14400 0.30631 0.129951 6.73812 0 0 7.17305 6.86696 
14600 0.300116 0.130571 6.45805 0 0 6.88767 6.58822 
14800 0.294098 0.131179 6.18994 0 0 6.61483 6.32126 
15000 0.288409 0.131766 5.93666 0 0 6.35787 6.06798 
15200 0.282838 0.132323 5.70213 0 0 6.11873 5.83593 
15400 0.277432 0.132879 5.4758 0 0 5.88661 5.60885 
15600 0.272312 0.133424 5.26106 0 0 5.66526 5.39247 
15800 0.267348 0.133922 5.06354 0 0 5.46437 5.19638 
16000 0.262456 0.134424 4.87139 0 0 5.26839 5.00519 
16200 0.257661 0.134935 4.68596 0 0 5.07816 4.81976 
16400 0.252865 0.13542 4.50868 0 0 4.89745 4.64384 
16600 0.248242 0.135886 4.33919 0 0 4.72437 4.47592 
16800 0.244023 0.136321 4.18452 0 0 4.56519 4.32275 
17000 0.239832 0.136757 4.03571 0 0 4.41285 4.17446 
17200 0.235658 0.137192 3.89005 0 0 4.26419 4.0288 
17400 0.231603 0.137628 3.7534 0 0 4.12303 3.89215 
17600 0.227664 0.138045 3.62196 0 0 3.98718 3.76071 
17800 0.223941 0.138427 3.50019 0 0 3.86116 3.63895 
18000 0.220277 0.138809 3.38183 0 0 3.74025 3.52058 
18200 0.216652 0.139192 3.26573 0 0 3.62274 3.40448 
18400 0.213112 0.139574 3.15685 0 0 3.51003 3.2956 
18600 0.209613 0.139951 3.05023 0 0 3.39932 3.18912 
18800 0.206359 0.140286 2.95246 0 0 3.29887 3.09269 
19000 0.203131 0.140621 2.85636 0 0 3.2001 2.99759 
19200 0.199984 0.140956 2.76529 0 0 3.10635 2.90652 
19400 0.196863 0.141291 2.67636 0 0 3.01474 2.81813 
19600 0.193783 0.141625 2.59064 0 0 2.92634 2.73375 
19800 0.190831 0.141943 2.50978 0 0 2.8426 2.6527 
20000 0.187986 0.142247 2.43289 0 0 2.76268 2.57437 
20200 0.185217 0.142546 2.3597 0 0 2.68796 2.50164 
20400 0.182459 0.142838 2.28728 0 0 2.613 2.42997 
20600 0.179795 0.143126 2.21876 0 0 2.54199 2.36189 
20800 0.177181 0.143411 2.15236 0 0 2.4731 2.29574 
21000 0.174648 0.143683 2.08945 0 0 2.40783 2.23306 
21200 0.172158 0.143949 2.02841 0 0 2.3445 2.17227 
21400 0.169746 0.144211 1.9703 0 0 2.28419 2.1144 
21600 0.167387 0.144471 1.91413 0 0 2.22591 2.05847 
21800 0.165062 0.144725 1.85957 0 0 2.16927 2.00419 
22000 0.162773 0.144972 1.80659 0 0 2.11429 1.95157 
22200 0.160529 0.145218 1.75535 0 0 2.06106 1.90064 
22400 0.15835 0.14546 1.70672 0 0 2.01047 1.85224 
22600 0.156196 0.145698 1.65904 0 0 1.96087 1.80478 
22800 0.154112 0.145923 1.61421 0 0 1.91424 1.76018 
23000 0.152035 0.146147 1.56957 0 0 1.8678 1.71576 
23200 0.150063 0.146357 1.52838 0 0 1.82474 1.67469 
23400 0.148092 0.146566 1.4872 0 0 1.78168 1.63361 
23600 0.146198 0.146771 1.44854 0 0 1.74135 1.59523 
23800 0.144324 0.146976 1.41051 0 0 1.70171 1.55753 
24000 0.14249 0.147173 1.374 0 0 1.6636 1.52123 
24200 0.140698 0.147363 1.33899 0 0 1.62701 1.48633 
24400 0.138919 0.147552 1.30439 0 0 1.59083 1.45185 
24600 0.137216 0.147738 1.27208 0 0 1.55697 1.41974 
24800 0.135512 0.147924 1.23976 0 0 1.52311 1.38763 
25000 0.13384 0.148102 1.20892 0 0 1.49079 1.35692 
25200 0.132178 0.148278 1.17857 0 0 1.459 1.32667 
25400 0.130553 0.148451 1.14919 0 0 1.4282 1.29747 
25600 0.128996 0.148619 1.12164 0 0 1.39926 1.27021 
25800 0.12744 0.148788 1.09409 0 0 1.37032 1.24296 
26000 0.125927 0.148948 1.06797 0 0 1.34289 1.21697 
26200 0.12442 0.149106 1.0421 0 0 1.31574 1.1912 
26400 0.122947 0.149259 1.01712 0 0 1.28945 1.16631 
26600 0.121537 0.149402 0.993768 0 0 1.26477 1.14306 
26800 0.120126 0.149545 0.97042 0 0 1.24008 1.1198 
27000 0.118737 0.149688 0.948002 0 0 1.2164 1.09762 
27200 0.117356 0.149831 0.925893 0 0 1.19305 1.0758 
27400 0.115988 0.149972 0.904113 0 0 1.17004 1.05426 
27600 0.114704 0.1501 0.884199 0 0 1.14894 1.03435 
27800 0.113419 0.150229 0.864285 0 0 1.12783 1.01444 
28000 0.112147 0.150357 0.844867 0 0 1.10726 0.995101 
28200 0.110889 0.150486 0.826055 0 0 1.08735 0.976472 
28400 0.109632 0.150614 0.807242 0 0 1.06743 0.957843 
28600 0.108435 0.150733 0.78973 0 0 1.04885 0.940443 
28800 0.107258 0.150848 0.772652 0 0 1.03071 0.923453 
29000 0.106081 0.150963 0.755573 0 0 1.01257 0.906463 
29200 0.104949 0.151076 0.73977 0 0 0.99572 0.890747 
29400 0.103819 0.151189 0.724034 0 0 0.978941 0.875098 
29600 0.102692 0.151301 0.708373 0 0 0.962247 0.859527 
29800 0.101594 0.151407 0.693389 0 0 0.946319 0.844661 
30000 0.100497 0.151514 0.678405 0 0 0.93039 0.829794 
30200 0.0994211 0.151613 0.664122 0 0 0.915134 0.81578 
30400 0.098388 0.151714 0.650599 0 0 0.900687 0.802342 
30600 0.0973549 0.151815 0.637077 0 0 0.886241 0.788903 
30800 0.0963369 0.151913 0.62387 0 0 0.872114 0.77578 
31000 0.0953541 0.152003 0.611398 0 0 0.858734 0.763391 
31200 0.0943712 0.152094 0.598927 0 0 0.845355 0.751002 
31400 0.0934027 0.152182 0.586792 0 0 0.83232 0.738949 
31600 0.0924676 0.152262 0.575443 0 0 0.820091 0.72768 
31800 0.0915324 0.152342 0.564093 0 0 0.807862 0.71641 
32000 0.0906037 0.152422 0.552871 0 0 0.795777 0.705268 
32200 0.0897005 0.152502 0.542161 0 0 0.784268 0.694638 
32400 0.0887973 0.152581 0.531451 0 0 0.772758 0.684007 
32600 0.0878993 0.15266 0.520836 0 0 0.761347 0.673472 
32800 0.0870476 0.15273 0.51108 0 0 0.750816 0.663794 
33000 0.0861958 0.1528 0.501324 0 0 0.740286 0.654115 
33200 0.0853441 0.152869 0.491568 0 0 0.729756 0.644436 
33400 0.0845248 0.152938 0.482427 0 0 0.71992 0.635372 
33600 0.083709 0.153007 0.473355 0 0 0.710162 0.626376 
33800 0.0828933 0.153075 0.464282 0 0 0.700403 0.61738 
34000 0.0821002 0.153138 0.45569 0 0 0.691082 0.608863 
34200 0.0813194 0.153199 0.447356 0 0 0.681997 0.600604 
34400 0.0805385 0.153259 0.439021 0 0 0.672912 0.592344 
34600 0.0797708 0.153318 0.430926 0 0 0.664099 0.584323 
34800 0.0790274 0.153376 0.423274 0 0 0.655792 0.576744 
35000 0.0782841 0.153435 0.415622 0 0 0.647484 0.569165 
35200 0.0775408 0.153493 0.40797 0 0 0.639176 0.561587 
35400 0.0768252 0.153544 0.400803 0 0 0.631284 0.554423 
35600 0.076111 0.153595 0.393661 0 0 0.623413 0.547281 
35800 0.0753968 0.153646 0.38652 0 0 0.615543 0.540139 
36000 0.0747069 0.153692 0.379736 0 0 0.608086 0.533394 
36200 0.0740369 0.153734 0.373245 0 0 0.600967 0.526973 
36400 0.0733669 0.153776 0.366754 0 0 0.593847 0.520552 
36600 0.0726968 0.153818 0.360263 0 0 0.586728 0.514131 
36800 0.0720477 0.15386 0.354191 0 0 0.580028 0.508058 
37000 0.0713986 0.153902 0.348119 0 0 0.573328 0.501986 
37200 0.0707495 0.153944 0.342046 0 0 0.566627 0.495914 
37400 0.0701145 0.153982 0.336202 0 0 0.560193 0.4901 
37600 0.0694968 0.154016 0.330635 0 0 0.554083 0.484601 
37800 0.0688791 0.15405 0.325069 0 0 0.547974 0.479103 
38000 0.0682613 0.154084 0.319503 0 0 0.541864 0.473604 
38200 0.0676726 0.154117 0.314266 0 0 0.536097 0.468434 
38400 0.0670912 0.15415 0.309113 0 0 0.530414 0.463347 
38600 0.0665097 0.154183 0.303959 0 0 0.524732 0.458259 
38800 0.0659293 0.154216 0.298825 0 0 0.519066 0.453188 
39000 0.0653677 0.154242 0.294068 0 0 0.513714 0.448431 
39200 0.0648061 0.154269 0.289311 0 0 0.508362 0.443674 
39400 0.0642444 0.154295 0.284553 0 0 0.503011 0.438916 
39600 0.0636897 0.15432 0.279898 0 0 0.49781 0.434261 
39800 0.0631511 0.154342 0.275481 0 0 0.492962 0.429844 
40000 0.0626124 0.154363 0.271064 0 0 0.488114 0.425428 
40200 0.0620859 0.154379 0.266883 0 0 0.483314 0.421246 
40400 0.0615693 0.154395 0.262769 0 0 0.478627 0.417132 
40600 0.0610675 0.154414 0.258754 0 0 0.47411 0.413117 
40800 0.0605656 0.154433 0.25474 0 0 0.469594 0.409103 
41000 0.0600638 0.154452 0.250725 0 0 0.465078 0.405088 
41200 0.0595676 0.154468 0.246822 0 0 0.460698 0.401208 
41400 0.0590782 0.15448 0.243056 0 0 0.456486 0.397491 
41600 0.0585889 0.154493 0.23929 0 0 0.452274 0.393774 
41800 0.0580995 0.154505 0.235524 0 0 0.448062 0.390058 
42000 0.0576237 0.154517 0.231908 0 0 0.444005 0.386464 
42200 0.0571644 0.154529 0.228475 0 0 0.440137 0.383019 
42400 0.0567051 0.154541 0.225043 0 0 0.436269 0.379574 
42600 0.0562459 0.154553 0.22161 0 0 0.432401 0.37613 
42800 0.0557927 0.154563 0.218265 0 0 0.428613 0.372783 
43000 0.0553509 0.154569 0.215083 0 0 0.424971 0.369619 
43200 0.0549091 0.154575 0.211901 0 0 0.421329 0.366454 
43400 0.0544672 0.154581 0.208718 0 0 0.417687 0.36329 
43600 0.0540308 0.154586 0.205594 0 0 0.414116 0.360182 
43800 0.0536159 0.154586 0.202701 0 0 0.410832 0.357301 
44000 0.0532011 0.154586 0.199809 0 0 0.407548 0.35442 
44200 0.0527862 0.154586 0.196916 0 0 0.404263 0.351539 
44400 0.0523713 0.154586 0.194024 0 0 0.400979 0.348658 
44600 0.0519668 0.154586 0.191292 0 0 0.39785 0.345933 
44800 0.0515634 0.154586 0.188578 0 0 0.394738 0.343224 
45000 0.0511601 0.154586 0.185864 0 0 0.391627 0.340516 
45200 0.0507567 0.154586 0.18315 0 0 0.388515 0.337808 
45400 0.0503716 0.154583 0.180581 0 0 0.385567 0.335221 
45600 0.0499985 0.154577 0.178109 0 0 0.382727 0.332716 
45800 0.0496255 0.154572 0.175637 0 0 0.379887 0.33021 
46000 0.0492524 0.154566 0.173164 0 0 0.377048 0.327704 
46200 0.0488808 0.15456 0.170719 0 0 0.374229 0.325228 
46400 0.0485174 0.154555 0.168423 0 0 0.371531 0.322915 
46600 0.048154 0.154549 0.166127 0 0 0.368833 0.320603 
46800 0.0477906 0.154544 0.16383 0 0 0.366135 0.31829 
47000 0.0474272 0.154538 0.161534 0 0 0.363437 0.315978 
47200 0.0470759 0.154526 0.159358 0 0 0.360918 0.313803 
47400 0.0467312 0.15451 0.157247 0 0 0.358494 0.311702 
47600 0.0463865 0.154494 0.155135 0 0 0.35607 0.309601 
47800 0.0460418 0.154478 0.153024 0 0 0.353646 0.307501 
48000 0.0456982 0.154462 0.150921 0 0 0.351227 0.305408 
48200 0.0453766 0.154451 0.148981 0 0 0.348908 0.303457 
48400 0.045055 0.154441 0.147041 0 0 0.346588 0.301506 
48600 0.0447334 0.15443 0.145101 0 0 0.344268 0.299556 
48800 0.0444119 0.154419 0.143161 0 0 0.341949 0.297605 
49000 0.0440944 0.154405 0.141275 0 0 0.3397 0.295705 
49200 0.0437847 0.154385 0.139489 0 0 0.337584 0.293898 
49400 0.043475 0.154364 0.137703 0 0 0.335468 0.292092 
49600 0.0431653 0.154343 0.135917 0 0 0.333351 0.290285 
49800 0.0428556 0.154323 0.134131 0 0 0.331235 0.288478 
50000 0.0425428 0.154314 0.132361 0 0 0.329291 0.286674 
50200 0.0422489 0.15429 0.130707 0 0 0.327332 0.285003 
50400 0.041955 0.154267 0.129053 0 0 0.325373 0.283332 
50600 0.0416611 0.154244 0.1274 0 0 0.323414 0.281661 
50800 0.0413673 0.154221 0.125746 0 0 0.321455 0.27999 
51000 0.0410849 0.154201 0.124188 0 0 0.319584 0.278413 
51200 0.0408073 0.154181 0.122672 0 0 0.31775 0.276877 
51400 0.0405298 0.154161 0.121155 0 0 0.315917 0.275341 
51600 0.0402523 0.154141 0.119639 0 0 0.314083 0.273805 
51800 0.0399748 0.154121 0.118123 0 0 0.312249 0.272269 
52000 0.0397027 0.154098 0.116679 0 0 0.310497 0.270812 
52200 0.0394328 0.154074 0.115266 0 0 0.30878 0.269389 
52400 0.039163 0.154049 0.113853 0 0 0.307063 0.267966 
52600 0.0388931 0.154025 0.112439 0 0 0.305346 0.266543 
52800 0.0386233 0.154 0.111026 0 0 0.303628 0.26512 
53000 0.0383678 0.153973 0.109696 0 0 0.302005 0.263755 
53200 0.03812 0.153944 0.108409 0 0 0.300433 0.262421 
53400 0.0378722 0.153916 0.107123 0 0 0.29886 0.261087 
53600 0.0376245 0.153887 0.105836 0 0 0.297288 0.259753 
53800 0.0373767 0.153858 0.10455 0 0 0.295716 0.258419 
54000 0.0371321 0.15383 0.103303 0 0 0.294192 0.257133 
54200 0.0368914 0.153802 0.102104 0 0 0.292729 0.255905 
54400 0.0366507 0.153773 0.100905 0 0 0.291266 0.254678 
54600 0.03641 0.153745 0.0997063 0 0 0.289803 0.253451 
54800 0.0361693 0.153717 0.0985075 0 0 0.28834 0.252224 
55000 0.0359304 0.153688 0.0973272 0 0 0.286901 0.251015 
55200 0.0356989 0.153655 0.0962203 0 0 0.285558 0.249875 
55400 0.0354673 0.153623 0.0951134 0 0 0.284215 0.248736 
55600 0.0352357 0.15359 0.0940065 0 0 0.282872 0.247597 
55800 0.0350042 0.153558 0.0928997 0 0 0.281529 0.246458 
56000 0.0347726 0.153525 0.0917928 0 0 0.280186 0.245318 
56200 0.0345541 0.15349 0.090769 0 0 0.278912 0.244263 
56400 0.0343378 0.153454 0.0897599 0 0 0.277651 0.243222 
56600 0.0341216 0.153418 0.0887508 0 0 0.276389 0.242182 
56800 0.0339054 0.153382 0.0877416 0 0 0.275128 0.241141 
57000 0.0336891 0.153346 0.0867325 0 0 0.273867 0.2401 
57200 0.0334773 0.15331 0.0857499 0 0 0.272629 0.239085 
57400 0.0332738 0.153275 0.0848163 0 0 0.271434 0.238116 
57600 0.0330703 0.153239 0.0838827 0 0 0.270239 0.237147 
57800 0.0328667 0.153204 0.0829491 0 0 0.269045 0.236178 
58000 0.0326632 0.153168 0.0820156 0 0 0.26785 0.235209 
58200 0.0324597 0.153133 0.081082 0 0 0.266655 0.23424 
58400 0.0322621 0.153098 0.080203 0 0 0.265542 0.233323 
58600 0.0320665 0.153063 0.0793424 0 0 0.264455 0.232423 
58800 0.0318709 0.153029 0.0784817 0 0 0.263368 0.231523 
59000 0.0316753 0.152994 0.077621 0 0 0.262282 0.230623 
59200 0.0314797 0.152959 0.0767603 0 0 0.261195 0.229723 
59400 0.0312845 0.152924 0.075902 0 0 0.26011 0.228826 
59600 0.0310976 0.152883 0.0750897 0 0 0.259054 0.227973 
59800 0.0309108 0.152843 0.0742773 0 0 0.257997 0.22712 
60000 0.0307239 0.152802 0.0734649 0 0 0.256941 0.226267 
60200 0.0305437 0.152766 0.0726901 0 0 0.25595 0.225456 
60400 0.0303636 0.15273 0.0719152 0 0 0.254959 0.224645 
60600 0.0301843 0.152692 0.0711503 0 0 0.253985 0.223843 
60800 0.0300079 0.15265 0.0704154 0 0 0.253061 0.223066 
61000 0.0298315 0.152608 0.0696805 0 0 0.252137 0.222289 
61200 0.0296552 0.152566 0.0689456 0 0 0.251213 0.221512 
61400 0.0294788 0.152524 0.0682106 0 0 0.250289 0.220735 
61600 0.0293024 0.152482 0.0674757 0 0 0.249365 0.219958 
61800 0.029129 0.152441 0.066763 0 0 0.24845 0.219204 
62000 0.0289611 0.1524 0.0660913 0 0 0.247549 0.218491 
62200 0.0287932 0.152359 0.0654197 0 0 0.246648 0.217779 
62400 0.0286252 0.152318 0.064748 0 0 0.245747 0.217066 
62600 0.0284573 0.152277 0.0640763 0 0 0.244846 0.216353 
62800 0.0282894 0.152236 0.0634047 0 0 0.243945 0.215641 
63000 0.0281247 0.152194 0.0627484 0 0 0.243067 0.214943 
63200 0.0279676 0.15215 0.062128 0 0 0.242245 0.214278 
63400 0.0278105 0.152105 0.0615075 0 0 0.241424 0.213613 
63600 0.0276534 0.152061 0.0608871 0 0 0.240602 0.212948 
63800 0.0274962 0.152017 0.0602666 0 0 0.23978 0.212284 
64000 0.0273391 0.151973 0.0596462 0 0 0.238958 0.211619 
64200 0.027183 0.151928 0.0590326 0 0 0.238144 0.210961 
64400 0.0270323 0.151885 0.0584578 0 0 0.237375 0.210342 
64600 0.0268817 0.151841 0.0578829 0 0 0.236606 0.209724 
64800 0.026731 0.151798 0.0573081 0 0 0.235837 0.209106 
65000 0.0265804 0.151754 0.0567333 0 0 0.235068 0.208487 
65200 0.0264297 0.15171 0.0561584 0 0 0.234298 0.207869 
65400 0.0262791 0.151667 0.0555836 0 0 0.233529 0.20725 
65600 0.0261351 0.151621 0.0550522 0 0 0.232808 0.206673 
65800 0.0259919 0.151574 0.0545257 0 0 0.232092 0.2061 
66000 0.0258486 0.151528 0.0539992 0 0 0.231375 0.205527 
66200 0.0257054 0.151481 0.0534727 0 0 0.230659 0.204954 
66400 0.0255621 0.151435 0.0529462 0 0 0.229943 0.204381 
66600 0.0254189 0.151388 0.0524196 0 0 0.229227 0.203808 
66800 0.0252805 0.151342 0.0519143 0 0 0.228536 0.203257 
67000 0.025147 0.151297 0.0514301 0 0 0.22787 0.202727 
67200 0.0250134 0.151252 0.0509459 0 0 0.227204 0.202197 
67400 0.0248799 0.151206 0.0504617 0 0 0.226538 0.201668 
67600 0.0247464 0.151161 0.0499775 0 0 0.225873 0.201138 
67800 0.0246128 0.151115 0.0494933 0 0 0.225207 0.200609 
68000 0.0244793 0.15107 0.0490091 0 0 0.224541 0.200079 
68200 0.0243512 0.151022 0.0485601 0 0 0.223917 0.199582 
68400 0.0242234 0.150973 0.048113 0 0 0.223294 0.199086 
68600 0.0240956 0.150925 0.0476659 0 0 0.222672 0.198591 
68800 0.0239678 0.150876 0.0472188 0 0 0.22205 0.198095 
69000 0.02384 0.150828 0.0467717 0 0 0.221428 0.1976 
69200 0.0237122 0.150779 0.0463246 0 0 0.220806 0.197104 
69400 0.0235862 0.15073 0.0458872 0 0 0.220195 0.196617 
69600 0.0234643 0.150679 0.0454724 0 0 0.219611 0.196151 
69800 0.0233425 0.150627 0.0450576 0 0 0.219028 0.195685 
70000 0.0232206 0.150576 0.0446428 0 0 0.218444 0.195219 
70200 0.0230987 0.150525 0.044228 0 0 0.21786 0.194753 
70400 0.0229769 0.150473 0.0438132 0 0 0.217277 0.194286 
70600 0.022855 0.150422 0.0433984 0 0 0.216693 0.19382 
70800 0.0227365 0.150373 0.0430024 0 0 0.21613 0.193375 
71000 0.0226209 0.150326 0.0426218 0 0 0.215584 0.192948 
71200 0.0225053 0.15028 0.0422411 0 0 0.215039 0.192521 
71400 0.0223897 0.150233 0.0418605 0 0 0.214493 0.192093 
71600 0.022274 0.150186 0.0414798 0 0 0.213947 0.191666 
71800 0.0221584 0.15014 0.0410992 0 0 0.213401 0.191239 
72000 0.0220428 0.150093 0.0407186 0 0 0.212855 0.190811 
72200 0.0219315 0.150042 0.0403569 0 0 0.212333 0.190401 
72400 0.0218225 0.14999 0.0400054 0 0 0.211823 0.190001 
72600 0.0217136 0.149937 0.039654 0 0 0.211314 0.1896 
72800 0.0216046 0.149884 0.0393025 0 0 0.210804 0.1892 
73000 0.0214957 0.149831 0.0389511 0 0 0.210295 0.188799 
73200 0.0213867 0.149779 0.0385996 0 0 0.209785 0.188398 
73400 0.0212778 0.149726 0.0382482 0 0 0.209275 0.187998 
73600 0.0211723 0.149674 0.0379156 0 0 0.208784 0.187612 
73800 0.021069 0.149622 0.0375955 0 0 0.208306 0.187237 
74000 0.0209658 0.149571 0.0372755 0 0 0.207828 0.186862 
74200 0.0208626 0.149519 0.0369555 0 0 0.207349 0.186487 
74400 0.0207593 0.149467 0.0366354 0 0 0.206871 0.186112 
74600 0.0206561 0.149416 0.0363154 0 0 0.206393 0.185737 
74800 0.0205528 0.149364 0.0359953 0 0 0.205914 0.185362 
75000 0.0204515 0.149313 0.0356838 0 0 0.205448 0.184997 
75200 0.0203531 0.149262 0.0353851 0 0 0.205 0.184647 
75400 0.0202547 0.149211 0.0350865 0 0 0.204552 0.184298 
75600 0.0201562 0.14916 0.0347878 0 0 0.204104 0.183948 
75800 0.0200578 0.149109 0.0344891 0 0 0.203656 0.183598 
76000 0.0199594 0.149058 0.0341904 0 0 0.203208 0.183249 
76200 0.0198609 0.149007 0.0338917 0 0 0.20276 0.182899 
76400 0.0197631 0.148957 0.0335955 0 0 0.202315 0.182552 
76600 0.0196702 0.148907 0.0333213 0 0 0.201899 0.182228 
76800 0.0195774 0.148858 0.0330471 0 0 0.201483 0.181905 
77000 0.0194846 0.148808 0.0327729 0 0 0.201066 0.181581 
77200 0.0193917 0.148758 0.0324987 0 0 0.20065 0.181257 
77400 0.0192989 0.148709 0.0322245 0 0 0.200234 0.180933 
77600 0.0192061 0.148659 0.0319503 0 0 0.199818 0.18061 
77800 0.0191132 0.14861 0.0316761 0 0 0.199401 0.180286 
78000 0.0190233 0.148557 0.0314158 0 0 0.198998 0.179972 
78200 0.0189353 0.148501 0.0311647 0 0 0.198604 0.179666 
78400 0.0188472 0.148446 0.0309137 0 0 0.198209 0.17936 
78600 0.0187592 0.14839 0.0306627 0 0 0.197815 0.179053 
78800 0.0186712 0.148335 0.0304116 0 0 0.19742 0.178747 
79000 0.0185832 0.14828 0.0301606 0 0 0.197026 0.17844 
79200 0.0184951 0.148224 0.0299096 0 0 0.196631 0.178134 
79400 0.0184071 0.148169 0.0296585 0 0 0.196237 0.177827 
79600 0.018322 0.148119 0.029419 0 0 0.195865 0.177538 
79800 0.018237 0.14807 0.0291795 0 0 0.195494 0.177249 
80000 0.0181519 0.14802 0.02894 0 0 0.195122 0.17696 
80200 0.018069 0.147968 0.0287105 0 0 0.194751 0.176678 
80400 0.017986 0.147916 0.0284809 0 0 0.194381 0.176397 
80600 0.0179031 0.147864 0.0282514 0 0 0.194011 0.176115 
80800 0.0178201 0.147811 0.0280219 0 0 0.19364 0.175833 
81000 0.0177382 0.147759 0.0277968 0 0 0.193277 0.175555 
81200 0.0176594 0.147706 0.0275849 0 0 0.192934 0.175287 
81400 0.0175805 0.147653 0.0273729 0 0 0.192591 0.175019 
81600 0.0175017 0.1476 0.027161 0 0 0.192248 0.174751 
81800 0.0174228 0.147547 0.0269491 0 0 0.191906 0.174483 
82000 0.017344 0.147494 0.0267371 0 0 0.191563 0.174215 
82200 0.0172651 0.147441 0.0265252 0 0 0.19122 0.173947 
82400 0.0171863 0.147388 0.0263133 0 0 0.190877 0.173679 
82600 0.0171085 0.147334 0.0261051 0 0 0.190539 0.173416 
82800 0.0170334 0.147279 0.0259056 0 0 0.190213 0.173167 
83000 0.0169583 0.147224 0.0257062 0 0 0.189887 0.172918 
83200 0.0168832 0.147168 0.0255067 0 0 0.18956 0.172668 
83400 0.0168081 0.147113 0.0253073 0 0 0.189234 0.172419 
83600 0.016733 0.147057 0.0251078 0 0 0.188908 0.17217 
83800 0.0166579 0.147002 0.0249084 0 0 0.188582 0.171921 
84000 0.0165828 0.146947 0.0247089 0 0 0.188255 0.171671 
84200 0.0165088 0.146892 0.024514 0 0 0.187934 0.171425 
84400 0.0164379 0.146838 0.0243326 0 0 0.187628 0.171188 
84600 0.016367 0.146783 0.0241512 0 0 0.187321 0.17095 
84800 0.0162962 0.146729 0.0239698 0 0 0.187015 0.170713 
85000 0.0162253 0.146675 0.0237884 0 0 0.186709 0.170476 
85200 0.0161544 0.146621 0.023607 0 0 0.186402 0.170239 
85400 0.0160835 0.146567 0.0234256 0 0 0.186096 0.170001 
85600 0.0160126 0.146513 0.0232442 0 0 0.18579 0.169764 
85800 0.0159418 0.146459 0.0230628 0 0 0.185483 0.169527 
86000 0.0158741 0.146406 0.0228945 0 0 0.185193 0.169304 
86200 0.0158065 0.146352 0.0227263 0 0 0.184902 0.169082 
86400 0.0157388 0.146299 0.022558 0 0 0.184611 0.168859 
86600 0.0156711 0.146245 0.0223898 0 0 0.18432 0.168637 
86800 0.0156035 0.146192 0.0222215 0 0 0.184029 0.168414 
87000 0.0155358 0.146139 0.0220533 0 0 0.183739 0.168192 
87200 0.0154682 0.146085 0.021885 0 0 0.183448 0.167969 
87400 0.0154005 0.146032 0.0217168 0 0 0.183157 0.167746 
87600 0.0153354 0.145977 0.0215577 0 0 0.182878 0.167533 
87800 0.0152716 0.145922 0.0214035 0 0 0.182606 0.167324 
88000 0.0152079 0.145867 0.0212494 0 0 0.182333 0.167116 
88200 0.0151441 0.145812 0.0210952 0 0 0.182061 0.166907 
88400 0.0150804 0.145757 0.020941 0 0 0.181789 0.166698 
88600 0.0150166 0.145702 0.0207868 0 0 0.181516 0.16649 
88800 0.0149529 0.145647 0.0206327 0 0 0.181244 0.166281 
89000 0.0148891 0.145592 0.0204785 0 0 0.180971 0.166072 
89200 0.0148257 0.145537 0.0203256 0 0 0.180701 0.165865 
89400 0.0147654 0.145483 0.0201837 0 0 0.180446 0.16567 
89600 0.0147051 0.145429 0.0200418 0 0 0.180191 0.165474 
89800 0.0146448 0.145376 0.0199 0 0 0.179936 0.165279 
90000 0.0145844 0.145322 0.0197581 0 0 0.179681 0.165083 
90200 0.0145241 0.145268 0.0196162 0 0 0.179426 0.164888 
90400 0.0144638 0.145214 0.0194744 0 0 0.179172 0.164693 
90600 0.0144035 0.14516 0.0193325 0 0 0.178917 0.164497 
90800 0.0143432 0.145107 0.0191906 0 0 0.178662 0.164302 
91000 0.014284 0.145053 0.0190527 0 0 0.178411 0.164111 
91200 0.0142269 0.145 0.0189221 0 0 0.178169 0.163927 
91400 0.0141699 0.144947 0.0187916 0 0 0.177927 0.163743 
91600 0.0141128 0.144894 0.018661 0 0 0.177685 0.163559 
91800 0.0140557 0.144841 0.0185304 0 0 0.177443 0.163376 
92000 0.0139986 0.144789 0.0183999 0 0 0.1772 0.163192 
92200 0.0139416 0.144736 0.0182693 0 0 0.176958 0.163008 
92400 0.0138845 0.144683 0.0181387 0 0 0.176716 0.162824 
92600 0.0138274 0.14463 0.0180082 0 0 0.176474 0.162641 
92800 0.0137716 0.144576 0.017882 0 0 0.176237 0.162461 
93000 0.0137174 0.144521 0.0177613 0 0 0.176007 0.162286 
93200 0.0136632 0.144467 0.0176405 0 0 0.175777 0.16211 
93400 0.013609 0.144412 0.0175198 0 0 0.175547 0.161935 
93600 0.0135548 0.144357 0.0173991 0 0 0.175317 0.16176 
93800 0.0135006 0.144302 0.0172783 0 0 0.175087 0.161585 
94000 0.0134464 0.144248 0.0171576 0 0 0.174857 0.161409 
94200 0.0133922 0.144193 0.0170368 0 0 0.174627 0.161234 
94400 0.013338 0.144138 0.0169161 0 0 0.174397 0.161059 
94600 0.0132849 0.144084 0.0167993 0 0 0.174173 0.160887 
94800 0.0132334 0.14403 0.0166884 0 0 0.173956 0.160721 
95000 0.013182 0.143977 0.0165775 0 0 0.173739 0.160555 
95200 0.0131306 0.143923 0.0164666 0 0 0.173522 0.160389 
95400 0.0130792 0.14387 0.0163557 0 0 0.173305 0.160223 
95600 0.0130277 0.143816 0.0162448 0 0 0.173088 0.160057 
95800 0.0129763 0.143762 0.0161339 0 0 0.172871 0.159891 
96000 0.0129249 0.143709 0.016023 0 0 0.172654 0.159725 
96200 0.0128734 0.143655 0.0159121 0 0 0.172437 0.159559 
96400 0.0128224 0.143601 0.0158025 0 0 0.172221 0.159394 
96600 0.0127736 0.143546 0.0157 0 0 0.172016 0.159239 
96800 0.0127249 0.143491 0.0155974 0 0 0.17181 0.159083 
97000 0.0126761 0.143435 0.0154949 0 0 0.171605 0.158928 
97200 0.0126274 0.14338 0.0153924 0 0 0.171399 0.158772 
97400 0.0125786 0.143325 0.0152898 0 0 0.171193 0.158617 
97600 0.0125298 0.143269 0.0151873 0 0 0.170988 0.158461 
97800 0.0124811 0.143214 0.0150847 0 0 0.170782 0.158306 
98000 0.0124323 0.143159 0.0149822 0 0 0.170577 0.15815 
98200 0.0123835 0.143103 0.0148797 0 0 0.170371 0.157995 
98400 0.0123367 0.143049 0.0147831 0 0 0.170173 0.157843 
98600 0.0122906 0.142995 0.0146885 0 0 0.169978 0.157693 
98800 0.0122444 0.142941 0.0145939 0 0 0.169782 0.157543 
99000 0.0121983 0.142888 0.0144994 0 0 0.169587 0.157393 
99200 0.0121521 0.142834 0.0144048 0 0 0.169392 0.157243 
99400 0.0121059 0.14278 0.0143102 0 0 0.169196 0.157093 
99600 0.0120598 0.142726 0.0142156 0 0 0.169001 0.156943 
99800 0.0120136 0.142672 0.0141211 0 0 0.168805 0.156793 
100000 0.0119675 0.142619 0.0140265 0 0 0.16861 0.156643 
100200 0.0119278 0.142569 0.0139497 0 0 0.168461 0.156519 
100400 0.011883 0.142514 0.0138602 0 0 0.168271 0.156373 
100600 0.0118381 0.142459 0.0137707 0 0 0.168081 0.156227 
100800 0.0117932 0.142405 0.0136813 0 0 0.16789 0.156081 
101000 0.0117484 0.14235 0.0135918 0 0 0.1677 0.155934 
101200 0.0117035 0.142295 0.0135024 0 0 0.167509 0.155788 
101400 0.0116587 0.14224 0.0134129 0 0 0.167319 0.155642 
101600 0.0116138 0.142186 0.0133235 0 0 0.167129 0.155496 
101800 0.0115689 0.142131 0.013234 0 0 0.166938 0.15535 
102000 0.0115241 0.142076 0.0131445 0 0 0.166748 0.155204 
102200 0.0114811 0.142021 0.0130599 0 0 0.166565 0.155065 
102400 0.01144 0.141967 0.0129801 0 0 0.166389 0.154934 
102600 0.0113988 0.141912 0.0129003 0 0 0.166213 0.154803 
102800 0.0113577 0.141858 0.0128206 0 0 0.166037 0.154672 
103000 0.0113166 0.141803 0.0127408 0 0 0.165861 0.15454 
103200 0.0112754 0.141749 0.012661 0 0 0.165685 0.154409 
103400 0.0112343 0.141694 0.0125812 0 0 0.165509 0.154278 
103600 0.0111932 0.14164 0.0125014 0 0 0.165333 0.154146 
103800 0.011152 0.141585 0.0124216 0 0 0.165157 0.154015 
104000 0.0111109 0.141531 0.0123419 0 0 0.164981 0.153884 
104200 0.0110714 0.141478 0.0122663 0 0 0.164813 0.153755 
104400 0.0110334 0.141426 0.0121951 0 0 0.164653 0.15363 
104600 0.0109954 0.141374 0.0121238 0 0 0.164492 0.153505 
104800 0.0109574 0.141322 0.0120525 0 0 0.164332 0.15338 
105000 0.0109194 0.14127 0.0119813 0 0 0.164171 0.153255 
105200 0.0108814 0.141218 0.01191 0 0 0.164011 0.15313 
105400 0.0108434 0.141166 0.0118387 0 0 0.16385 0.153005 
105600 0.0108054 0.141114 0.0117675 0 0 0.16369 0.15288 
105800 0.0107674 0.141062 0.0116962 0 0 0.16353 0.152755 
106000 0.0107294 0.14101 0.011625 0 0 0.163369 0.15263 
106200 0.0106914 0.140959 0.0115537 0 0 0.163209 0.152505 
106400 0.010653 0.140904 0.0114833 0 0 0.163045 0.152381 
106600 0.0106146 0.140849 0.011413 0 0 0.162882 0.152257 
106800 0.0105762 0.140795 0.0113426 0 0 0.162718 0.152133 
107000 0.0105378 0.14074 0.0112722 0 0 0.162554 0.152009 
107200 0.0104994 0.140686 0.0112019 0 0 0.162391 0.151885 
107400 0.010461 0.140631 0.0111315 0 0 0.162227 0.151761 
107600 0.0104226 0.140577 0.0110611 0 0 0.162064 0.151638 
107800 0.0103842 0.140522 0.0109907 0 0 0.1619 0.151514 
108000 0.0103458 0.140468 0.0109204 0 0 0.161737 0.15139 
108200 0.0103074 0.140413 0.01085 0 0 0.161573 0.151266 
108400 0.0102736 0.140362 0.0107901 0 0 0.161427 0.151153 
108600 0.0102398 0.14031 0.0107302 0 0 0.16128 0.151041 
108800 0.010206 0.140258 0.0106703 0 0 0.161134 0.150928 
109000 0.0101722 0.140206 0.0106103 0 0 0.160988 0.150815 
109200 0.0101385 0.140154 0.0105504 0 0 0.160841 0.150703 
109400 0.0101047 0.140103 0.0104905 0 0 0.160695 0.15059 
109600 0.0100709 0.140051 0.0104306 0 0 0.160548 0.150478 
109800 0.0100371 0.139999 0.0103707 0 0 0.160402 0.150365 
110000 0.0100033 0.139947 0.0103108 0 0 0.160256 0.150252 
110200 0.00996951 0.139895 0.0102509 0 0 0.160109 0.15014 
110400 0.00993573 0.139844 0.0101909 0 0 0.159963 0.150027 
110600 0.00990151 0.139789 0.0101319 0 0 0.159816 0.149914 
110800 0.0098673 0.139735 0.010073 0 0 0.15967 0.1498 
111000 0.00983308 0.139681 0.010014 0 0 0.159524 0.149687 
111200 0.00979886 0.139626 0.00995496 0 0 0.159378 0.149574 
111400 0.00976465 0.139572 0.00989597 0 0 0.159231 0.149461 
111600 0.00973043 0.139518 0.00983697 0 0 0.159085 0.149347 
111800 0.00969621 0.139464 0.00977798 0 0 0.158939 0.149234 
112000 0.009662 0.139409 0.00971898 0 0 0.158792 0.149121 
112200 0.00962778 0.139355 0.00965999 0 0 0.158646 0.149008 
112400 0.00959356 0.139301 0.009601 0 0 0.1585 0.148894 
112600 0.0095608 0.139248 0.00954503 0 0 0.158358 0.148786 
112800 0.00952949 0.139196 0.0094921 0 0 0.15822 0.148682 
113000 0.00949818 0.139144 0.00943917 0 0 0.158083 0.148579 
113200 0.00946687 0.139092 0.00938623 0 0 0.157946 0.148475 
113400 0.00943556 0.13904 0.0093333 0 0 0.157808 0.148371 
113600 0.00940425 0.138989 0.00928037 0 0 0.157671 0.148268 
113800 0.00937294 0.138937 0.00922743 0 0 0.157533 0.148164 
114000 0.00934163 0.138885 0.0091745 0 0 0.157396 0.148061 
114200 0.00931033 0.138833 0.00912157 0 0 0.157259 0.147957 
114400 0.00927901 0.138781 0.00906863 0 0 0.157121 0.147853 
114600 0.00924771 0.13873 0.0090157 0 0 0.156984 0.14775 
114800 0.00921751 0.138678 0.00896553 0 0 0.156852 0.147648 
115000 0.00918842 0.138626 0.00891813 0 0 0.156724 0.147549 
115200 0.00915933 0.138574 0.00887073 0 0 0.156597 0.14745 
115400 0.00913025 0.138523 0.00882333 0 0 0.15647 0.147351 
115600 0.00910116 0.138471 0.00877593 0 0 0.156343 0.147252 
115800 0.00907207 0.138419 0.00872853 0 0 0.156216 0.147153 
116000 0.00904299 0.138368 0.00868113 0 0 0.156089 0.147054 
116200 0.0090139 0.138316 0.00863373 0 0 0.155962 0.146955 
116400 0.00898482 0.138264 0.00858633 0 0 0.155835 0.146856 
116600 0.00895573 0.138213 0.00853893 0 0 0.155707 0.146756 
116800 0.00892664 0.138161 0.00849153 0 0 0.15558 0.146657 
117000 0.00889756 0.138109 0.00844413 0 0 0.155453 0.146558 
117200 0.00886827 0.138055 0.0083975 0 0 0.155325 0.146459 
117400 0.00883899 0.138001 0.00835088 0 0 0.155196 0.14636 
117600 0.00880971 0.137947 0.00830425 0 0 0.155068 0.146261 
117800 0.00878043 0.137893 0.00825762 0 0 0.15494 0.146162 
118000 0.00875114 0.137839 0.008211 0 0 0.154811 0.146063 
118200 0.00872186 0.137785 0.00816437 0 0 0.154683 0.145964 
118400 0.00869258 0.137731 0.00811775 0 0 0.154555 0.145864 
118600 0.0086633 0.137677 0.00807112 0 0 0.154426 0.145765 
118800 0.00863402 0.137623 0.00802449 0 0 0.154298 0.145666 
119000 0.00860473 0.137569 0.00797786 0 0 0.154169 0.145567 
119200 0.00857545 0.137514 0.00793124 0 0 0.154041 0.145468 
119400 0.00854964 0.137465 0.00789118 0 0 0.153925 0.145377 
119600 0.00852383 0.137415 0.00785112 0 0 0.15381 0.145286 
119800 0.00849802 0.137366 0.00781107 0 0 0.153694 0.145195 
120000 0.00847221 0.137316 0.00777101 0 0 0.153578 0.145105 
120200 0.0084464 0.137267 0.00773095 0 0 0.153463 0.145014 
120400 0.00842059 0.137217 0.0076909 0 0 0.153347 0.144923 
120600 0.00839478 0.137168 0.00765084 0 0 0.153232 0.144832 
120800 0.00836897 0.137118 0.00761078 0 0 0.153116 0.144741 
121000 0.00834316 0.137068 0.00757073 0 0 0.153 0.14465 
121200 0.00831735 0.137019 0.00753067 0 0 0.152885 0.144559 
121400 0.00829154 0.136969 0.00749061 0 0 0.152769 0.144469 
121600 0.00826573 0.13692 0.00745056 0 0 0.152653 0.144378 
121800 0.00824075 0.13687 0.00741277 0 0 0.15254 0.144289 
122000 0.00821576 0.136821 0.00737499 0 0 0.152426 0.1442 
122200 0.00819078 0.136771 0.0073372 0 0 0.152313 0.144111 
122400 0.0081658 0.136722 0.00729942 0 0 0.152199 0.144023 
122600 0.00814081 0.136672 0.00726163 0 0 0.152086 0.143934 
122800 0.00811583 0.136622 0.00722384 0 0 0.151972 0.143845 
123000 0.00809085 0.136573 0.00718606 0 0 0.151858 0.143756 
123200 0.00806586 0.136523 0.00714827 0 0 0.151745 0.143667 
123400 0.00804088 0.136474 0.00711049 0 0 0.151631 0.143579 
123600 0.00801589 0.136424 0.0070727 0 0 0.151518 0.14349 
123800 0.00799091 0.136375 0.00703492 0 0 0.151404 0.143401 
124000 0.00796593 0.136325 0.00699713 0 0 0.151291 0.143312 
124200 0.00794177 0.136274 0.00696182 0 0 0.151179 0.143228 
124400 0.00791761 0.136222 0.00692652 0 0 0.151068 0.143143 
124600 0.00789345 0.13617 0.00689121 0 0 0.150956 0.143058 
124800 0.00786929 0.136119 0.0068559 0 0 0.150845 0.142974 
125000 0.00784514 0.136067 0.00682059 0 0 0.150733 0.142889 
125200 0.00782098 0.136015 0.00678528 0 0 0.150622 0.142804 
125400 0.00779682 0.135964 0.00674998 0 0 0.15051 0.14272 
125600 0.00777266 0.135912 0.00671467 0 0 0.150399 0.142635 
125800 0.00774851 0.135861 0.00667936 0 0 0.150287 0.14255 
126000 0.00772435 0.135809 0.00664405 0 0 0.150176 0.142466 
126200 0.00770019 0.135757 0.00660875 0 0 0.150064 0.142381 
126400 0.00767603 0.135706 0.00657344 0 0 0.149953 0.142296 
126600 0.00765291 0.135654 0.0065402 0 0 0.149845 0.142212 
126800 0.00762978 0.135602 0.00650695 0 0 0.149738 0.142127 
127000 0.00760665 0.135551 0.00647371 0 0 0.149631 0.142043 
127200 0.00758353 0.135499 0.00644047 0 0 0.149523 0.141958 
127400 0.0075604 0.135448 0.00640722 0 0 0.149416 0.141873 
127600 0.00753728 0.135396 0.00637398 0 0 0.149308 0.141789 
127800 0.00751415 0.135344 0.00634074 0 0 0.149201 0.141704 
128000 0.00749103 0.135293 0.0063075 0 0 0.149094 0.141619 
128200 0.0074679 0.135241 0.00627425 0 0 0.148986 0.141535 
128400 0.00744477 0.13519 0.00624101 0 0 0.148879 0.14145 
128600 0.00742165 0.135138 0.00620777 0 0 0.148772 0.141365 
128800 0.00739852 0.135086 0.00617452 0 0 0.148664 0.141281 
129000 0.00737775 0.135039 0.00614593 0 0 0.148567 0.141202 
129200 0.00735697 0.134991 0.00611734 0 0 0.14847 0.141124 
129400 0.0073362 0.134943 0.00608875 0 0 0.148373 0.141046 
129600 0.00731543 0.134896 0.00606017 0 0 0.148275 0.140968 
129800 0.00729465 0.134848 0.00603158 0 0 0.148178 0.14089 
130000 0.00727388 0.1348 0.00600299 0 0 0.148081 0.140812 
130200 0.0072531 0.134753 0.0059744 0 0 0.147984 0.140734 
130400 0.00723233 0.134705 0.00594581 0 0 0.147887 0.140655 
130600 0.00721155 0.134657 0.00591722 0 0 0.147789 0.140577 
130800 0.00719078 0.13461 0.00588863 0 0 0.147692 0.140499 
131000 0.00717 0.134562 0.00586004 0 0 0.147595 0.140421 
131200 0.00714923 0.134514 0.00583145 0 0 0.147498 0.140343 
131400 0.00712845 0.134467 0.00580286 0 0 0.147401 0.140265 
131600 0.00710764 0.134417 0.00577471 0 0 0.147302 0.140187 
131800 0.00708683 0.134368 0.00574657 0 0 0.147202 0.14011 
132000 0.00706601 0.134318 0.00571842 0 0 0.147103 0.140033 
132200 0.0070452 0.134269 0.00569027 0 0 0.147004 0.139956 
132400 0.00702439 0.134219 0.00566213 0 0 0.146905 0.139878 
132600 0.00700357 0.134169 0.00563398 0 0 0.146806 0.139801 
132800 0.00698276 0.13412 0.00560583 0 0 0.146707 0.139724 
133000 0.00696195 0.13407 0.00557768 0 0 0.146608 0.139646 
133200 0.00694113 0.134021 0.00554954 0 0 0.146509 0.139569 
133400 0.00692032 0.133971 0.00552139 0 0 0.14641 0.139492 
133600 0.00689951 0.133922 0.00549324 0 0 0.14631 0.139414 
133800 0.00687869 0.133872 0.0054651 0 0 0.146211 0.139337 
134000 0.00685902 0.133824 0.00543882 0 0 0.146117 0.139263 
134200 0.00684048 0.133776 0.00541441 0 0 0.146027 0.139191 
134400 0.00682195 0.133728 0.00539 0 0 0.145937 0.139119 
134600 0.00680341 0.13368 0.00536559 0 0 0.145847 0.139048 
134800 0.00678487 0.133633 0.00534118 0 0 0.145757 0.138976 
135000 0.00676633 0.133585 0.00531677 0 0 0.145667 0.138905 
135200 0.0067478 0.133537 0.00529236 0 0 0.145577 0.138833 
135400 0.00672926 0.133489 0.00526795 0 0 0.145487 0.138762 
135600 0.00671072 0.133442 0.00524354 0 0 0.145397 0.13869 
135800 0.00669219 0.133394 0.00521913 0 0 0.145307 0.138618 
136000 0.00667365 0.133346 0.00519471 0 0 0.145217 0.138547 
136200 0.00665511 0.133299 0.0051703 0 0 0.145128 0.138475 
136400 0.00663657 0.133251 0.00514589 0 0 0.145038 0.138404 
136600 0.00661804 0.133203 0.00512148 0 0 0.144948 0.138332 
136800 0.00659936 0.133154 0.00509766 0 0 0.144856 0.13826 
137000 0.00658068 0.133104 0.00507384 0 0 0.144765 0.138187 
137200 0.006562 0.133055 0.00505001 0 0 0.144673 0.138115 
137400 0.00654332 0.133005 0.00502619 0 0 0.144582 0.138042 
137600 0.00652465 0.132955 0.00500236 0 0 0.14449 0.13797 
137800 0.00650597 0.132906 0.00497854 0 0 0.144399 0.137898 
138000 0.00648729 0.132856 0.00495471 0 0 0.144307 0.137825 
138200 0.00646861 0.132807 0.00493089 0 0 0.144216 0.137753 
138400 0.00644993 0.132757 0.00490706 0 0 0.144124 0.13768 
138600 0.00643125 0.132708 0.00488324 0 0 0.144033 0.137608 
138800 0.00641258 0.132658 0.00485942 0 0 0.143941 0.137535 
139000 0.0063939 0.132609 0.00483559 0 0 0.14385 0.137463 
139200 0.00637522 0.132559 0.00481177 0 0 0.143758 0.137391 
139400 0.00635797 0.132511 0.00479029 0 0 0.143672 0.137321 
139600 0.00634071 0.132464 0.00476882 0 0 0.143586 0.137251 
139800 0.00632346 0.132416 0.00474735 0 0 0.1435 0.137181 
140000 0.00630621 0.132368 0.00472587 0 0 0.143413 0.137112 
140200 0.00628896 0.13232 0.0047044 0 0 0.143327 0.137042 
140400 0.0062717 0.132273 0.00468292 0 0 0.143241 0.136972 
140600 0.00625445 0.132225 0.00466145 0 0 0.143155 0.136902 
140800 0.0062372 0.132177 0.00463998 0 0 0.143068 0.136833 
141000 0.00621995 0.132129 0.0046185 0 0 0.142982 0.136763 
141200 0.00620269 0.132082 0.00459703 0 0 0.142896 0.136693 
141400 0.00618544 0.132034 0.00457556 0 0 0.142809 0.136623 
141600 0.00616819 0.131986 0.00455408 0 0 0.142723 0.136554 
141800 0.00615094 0.131939 0.00453261 0 0 0.142637 0.136484 
142000 0.00613435 0.131892 0.00451205 0 0 0.142552 0.136416 
142200 0.00611842 0.131846 0.0044924 0 0 0.142469 0.136351 
142400 0.00610249 0.1318 0.00447276 0 0 0.142386 0.136285 
142600 0.00608656 0.131754 0.00445311 0 0 0.142303 0.13622 
142800 0.00607063 0.131708 0.00443347 0 0 0.142219 0.136154 
143000 0.00605471 0.131662 0.00441382 0 0 0.142136 0.136089 
143200 0.00603878 0.131616 0.00439418 0 0 0.142053 0.136023 
143400 0.00602285 0.13157 0.00437453 0 0 0.14197 0.135958 
143600 0.00600692 0.131524 0.00435489 0 0 0.141887 0.135892 
143800 0.00599099 0.131478 0.00433524 0 0 0.141804 0.135827 
144000 0.00597506 0.131432 0.0043156 0 0 0.14172 0.135761 
144200 0.00595914 0.131386 0.00429595 0 0 0.141637 0.135696 
144400 0.00594321 0.13134 0.00427631 0 0 0.141554 0.13563 
144600 0.00592728 0.131294 0.00425666 0 0 0.141471 0.135565 
144800 0.00591153 0.131248 0.00423773 0 0 0.141389 0.1355 
145000 0.00589595 0.131202 0.0042195 0 0 0.14131 0.135434 
145200 0.00588038 0.131156 0.00420127 0 0 0.14123 0.135369 
145400 0.00586481 0.131109 0.00418304 0 0 0.141151 0.135303 
145600 0.00584923 0.131063 0.00416481 0 0 0.141071 0.135238 
145800 0.00583366 0.131017 0.00414658 0 0 0.140991 0.135172 
146000 0.00581808 0.130971 0.00412835 0 0 0.140912 0.135107 
146200 0.00580251 0.130925 0.00411012 0 0 0.140832 0.135041 
146400 0.00578693 0.130879 0.0040919 0 0 0.140752 0.134976 
146600 0.00577136 0.130833 0.00407367 0 0 0.140673 0.13491 
146800 0.00575578 0.130787 0.00405544 0 0 0.140593 0.134845 
147000 0.00574021 0.130741 0.00403721 0 0 0.140513 0.134779 
147200 0.00572464 0.130695 0.00401898 0 0 0.140434 0.134714 
147400 0.00570906 0.130649 0.00400075 0 0 0.140354 0.134648 
147600 0.00569414 0.130604 0.00398341 0 0 0.140277 0.134585 
147800 0.00567987 0.130558 0.00396696 0 0 0.140201 0.134523 
148000 0.0056656 0.130512 0.00395051 0 0 0.140126 0.134462 
148200 0.00565132 0.130467 0.00393405 0 0 0.140051 0.1344 
148400 0.00563705 0.130421 0.0039176 0 0 0.139975 0.134339 
148600 0.00562278 0.130376 0.00390115 0 0 0.1399 0.134278 
148800 0.00560851 0.13033 0.0038847 0 0 0.139825 0.134216 
149000 0.00559424 0.130284 0.00386824 0 0 0.139749 0.134155 
149200 0.00557996 0.130239 0.00385179 0 0 0.139674 0.134093 
149400 0.00556569 0.130193 0.00383534 0 0 0.139599 0.134032 
149600 0.00555142 0.130148 0.00381889 0 0 0.139523 0.13397 
149800 0.00553715 0.130102 0.00380244 0 0 0.139448 0.133909 
150000 0.00552288 0.130056 0.00378598 0 0 0.139373 0.133847 
150200 0.00550801 0.130007 0.00376864 0 0 0.139286 0.133773 
150400 0.00549314 0.129957 0.00375129 0 0 0.139199 0.133699 
150600 0.0054796 0.129913 0.00373626 0 0 0.139127 0.133641 
150800 0.00546605 0.129868 0.00372123 0 0 0.139054 0.133583 
151000 0.00545251 0.129824 0.0037062 0 0 0.138981 0.133525 
151200 0.00543896 0.129779 0.00369117 0 0 0.138909 0.133467 
151400 0.00542542 0.129734 0.00367614 0 0 0.138836 0.13341 
151600 0.00541187 0.12969 0.00366111 0 0 0.138763 0.133352 
151800 0.00539833 0.129645 0.00364607 0 0 0.138691 0.133294 
152000 0.00538478 0.129601 0.00363104 0 0 0.138618 0.133236 
152200 0.00537124 0.129556 0.00361601 0 0 0.138545 0.133178 
152400 0.00535769 0.129511 0.00360098 0 0 0.138472 0.133121 
152600 0.00534415 0.129467 0.00358595 0 0 0.1384 0.133063 
152800 0.0053306 0.129422 0.00357092 0 0 0.138327 0.133005 
153000 0.00531706 0.129378 0.00355588 0 0 0.138254 0.132947 
153200 0.00530352 0.129333 0.00354085 0 0 0.138182 0.132889 
153400 0.00528997 0.129288 0.00352582 0 0 0.138109 0.132832 
153600 0.00527709 0.129244 0.00351162 0 0 0.138038 0.132772 
153800 0.0052642 0.129199 0.00349741 0 0 0.137967 0.132713 
154000 0.00525132 0.129155 0.0034832 0 0 0.137896 0.132653 
154200 0.00523843 0.12911 0.003469 0 0 0.137825 0.132594 
154400 0.00522555 0.129065 0.00345479 0 0 0.137754 0.132534 
154600 0.00521266 0.129021 0.00344059 0 0 0.137683 0.132475 
154800 0.00519978 0.128976 0.00342638 0 0 0.137612 0.132415 
155000 0.0051869 0.128932 0.00341217 0 0 0.137541 0.132356 
155200 0.00517401 0.128887 0.00339797 0 0 0.13747 0.132296 
155400 0.00516113 0.128842 0.00338376 0 0 0.137399 0.132237 
155600 0.00514824 0.128798 0.00336956 0 0 0.137328 0.132177 
155800 0.00513536 0.128753 0.00335535 0 0 0.137257 0.132118 
156000 0.00512247 0.128709 0.00334115 0 0 0.137186 0.132058 
156200 0.00510959 0.128664 0.00332694 0 0 0.137115 0.131999 
156400 0.00509671 0.128619 0.00331274 0 0 0.137044 0.13194 
156600 0.00508415 0.128575 0.00329952 0 0 0.136973 0.131882 
156800 0.0050716 0.12853 0.00328631 0 0 0.136902 0.131824 
157000 0.00505904 0.128486 0.00327309 0 0 0.136831 0.131766 
157200 0.00504649 0.128441 0.00325988 0 0 0.13676 0.131708 
157400 0.00503394 0.128396 0.00324666 0 0 0.136689 0.13165 
157600 0.00502138 0.128352 0.00323345 0 0 0.136617 0.131593 
157800 0.00500883 0.128307 0.00322023 0 0 0.136546 0.131535 
158000 0.00499628 0.128263 0.00320702 0 0 0.136475 0.131477 
158200 0.00498372 0.128218 0.0031938 0 0 0.136404 0.131419 
158400 0.00497117 0.128173 0.00318059 0 0 0.136333 0.131361 
158600 0.00495861 0.128129 0.00316737 0 0 0.136262 0.131304 
158800 0.00494606 0.128084 0.00315416 0 0 0.136191 0.131246 
159000 0.00493351 0.12804 0.00314095 0 0 0.13612 0.131188 
159200 0.00492095 0.127995 0.00312773 0 0 0.136049 0.13113 
159400 0.0049084 0.12795 0.00311452 0 0 0.135978 0.131072 
159600 0.00489673 0.127907 0.00310237 0 0 0.135911 0.131016 
159800 0.00488506 0.127864 0.00309022 0 0 0.135844 0.13096 
160000 0.00487339 0.127821 0.00307807 0 0 0.135777 0.130904 
160200 0.00486172 0.127778 0.00306592 0 0 0.13571 0.130849 
160400 0.00485005 0.127735 0.00305377 0 0 0.135643 0.130793 
160600 0.00483838 0.127691 0.00304162 0 0 0.135575 0.130737 
160800 0.00482671 0.127648 0.00302947 0 0 0.135508 0.130681 
161000 0.00481504 0.127605 0.00301733 0 0 0.135441 0.130625 
161200 0.00480337 0.127562 0.00300518 0 0 0.135374 0.130569 
161400 0.0047917 0.127519 0.00299303 0 0 0.135307 0.130513 
161600 0.00478004 0.127476 0.00298088 0 0 0.13524 0.130457 
161800 0.00476837 0.127432 0.00296873 0 0 0.135173 0.130401 
162000 0.0047567 0.127389 0.00295658 0 0 0.135105 0.130345 
162200 0.00474503 0.127346 0.00294443 0 0 0.135038 0.130289 
162400 0.00473336 0.127303 0.00293228 0 0 0.134971 0.130233 
162600 0.0047221 0.12726 0.00292071 0 0 0.134905 0.130178 
162800 0.00471126 0.127216 0.00290972 0 0 0.13484 0.130124 
163000 0.00470042 0.127173 0.00289872 0 0 0.134775 0.13007 
163200 0.00468958 0.12713 0.00288773 0 0 0.13471 0.130015 
163400 0.00467874 0.127086 0.00287673 0 0 0.134645 0.129961 
163600 0.0046679 0.127043 0.00286574 0 0 0.13458 0.129907 
163800 0.00465706 0.127 0.00285474 0 0 0.134515 0.129853 
164000 0.00464622 0.126956 0.00284375 0 0 0.13445 0.129799 
164200 0.00463538 0.126913 0.00283275 0 0 0.134385 0.129744 
164400 0.00462454 0.126869 0.00282176 0 0 0.13432 0.12969 
164600 0.0046137 0.126826 0.00281076 0 0 0.134255 0.129636 
164800 0.00460286 0.126783 0.00279977 0 0 0.13419 0.129582 
165000 0.00459202 0.126739 0.00278877 0 0 0.134125 0.129528 
165200 0.00458118 0.126696 0.00277778 0 0 0.13406 0.129473 
165400 0.00457034 0.126653 0.00276678 0 0 0.133995 0.129419 
165600 0.0045595 0.126609 0.00275579 0 0 0.133929 0.129365 
165800 0.00454898 0.126567 0.00274533 0 0 0.133866 0.129312 
166000 0.00453877 0.126527 0.00273542 0 0 0.133805 0.129261 
166200 0.00452855 0.126486 0.00272551 0 0 0.133743 0.12921 
166400 0.00451834 0.126446 0.0027156 0 0 0.133681 0.129159 
166600 0.00450813 0.126405 0.00270569 0 0 0.13362 0.129108 
166800 0.00449792 0.126365 0.00269578 0 0 0.133558 0.129057 
167000 0.00448771 0.126324 0.00268587 0 0 0.133497 0.129006 
167200 0.0044775 0.126284 0.00267596 0 0 0.133435 0.128955 
167400 0.00446729 0.126243 0.00266605 0 0 0.133374 0.128904 
167600 0.00445707 0.126202 0.00265613 0 0 0.133312 0.128853 
167800 0.00444686 0.126162 0.00264622 0 0 0.13325 0.128802 
168000 0.00443665 0.126121 0.00263631 0 0 0.133189 0.128751 
168200 0.00442644 0.126081 0.0026264 0 0 0.133127 0.1287 
168400 0.00441623 0.12604 0.00261649 0 0 0.133066 0.128649 
168600 0.00440602 0.126 0.00260658 0 0 0.133004 0.128598 
168800 0.00439581 0.125959 0.00259667 0 0 0.132943 0.128547 
169000 0.0043856 0.125919 0.00258676 0 0 0.132881 0.128495 
169200 0.00437583 0.125877 0.00257734 0 0 0.132821 0.128444 
169400 0.00436607 0.125835 0.00256793 0 0 0.132761 0.128393 
169600 0.00435631 0.125792 0.00255851 0 0 0.132701 0.128342 
169800 0.00434655 0.12575 0.0025491 0 0 0.132641 0.128291 
170000 0.00433679 0.125708 0.00253968 0 0 0.132581 0.12824 
170200 0.00432703 0.125666 0.00253027 0 0 0.132521 0.128189 
170400 0.00431727 0.125624 0.00252085 0 0 0.132461 0.128138 
170600 0.00430751 0.125582 0.00251143 0 0 0.132401 0.128087 
170800 0.00429775 0.12554 0.00250202 0 0 0.13234 0.128036 
171000 0.00428799 0.125498 0.0024926 0 0 0.13228 0.127985 
171200 0.00427823 0.125456 0.00248319 0 0 0.13222 0.127934 
171400 0.00426847 0.125414 0.00247377 0 0 0.13216 0.127883 
171600 0.00425871 0.125372 0.00246436 0 0 0.1321 0.127832 
171800 0.00424894 0.12533 0.00245494 0 0 0.13204 0.127781 
172000 0.00423918 0.125288 0.00244553 0 0 0.13198 0.12773 
172200 0.00422942 0.125246 0.00243611 0 0 0.13192 0.127679 
172400 0.00421981 0.125204 0.002427 0 0 0.13186 0.127628 
172600 0.00421035 0.125162 0.00241818 0 0 0.1318 0.127576 
172800 0.00420089 0.12512 0.00240937 0 0 0.13174 0.127525 
173000 0.00419143 0.125078 0.00240055 0 0 0.13168 0.127474 
173200 0.00418197 0.125036 0.00239174 0 0 0.13162 0.127423 
173400 0.00417251 0.124994 0.00238292 0 0 0.13156 0.127372 
173600 0.00416305 0.124952 0.00237411 0 0 0.1315 0.127321 
173800 0.00415359 0.12491 0.00236529 0 0 0.131439 0.12727 
174000 0.00414413 0.124867 0.00235648 0 0 0.131379 0.127219 
174200 0.00413467 0.124825 0.00234766 0 0 0.131319 0.127168 
174400 0.00412521 0.124783 0.00233885 0 0 0.131259 0.127117 
174600 0.00411575 0.124741 0.00233003 0 0 0.131199 0.127066 
174800 0.00410629 0.124699 0.00232122 0 0 0.131139 0.127015 
175000 0.00409683 0.124657 0.00231241 0 0 0.131079 0.126964 
175200 0.00408737 0.124615 0.00230359 0 0 0.131019 0.126913 
175400 0.00407791 0.124573 0.00229478 0 0 0.130959 0.126862 
175600 0.00406844 0.124531 0.00228596 0 0 0.130899 0.126811 
175800 0.00405981 0.124491 0.00227816 0 0 0.130842 0.126764 
176000 0.00405117 0.124452 0.00227036 0 0 0.130786 0.126717 
176200 0.00404254 0.124412 0.00226256 0 0 0.130729 0.12667 
176400 0.0040339 0.124373 0.00225476 0 0 0.130672 0.126624 
176600 0.00402526 0.124333 0.00224695 0 0 0.130616 0.126577 
176800 0.00401663 0.124293 0.00223915 0 0 0.130559 0.12653 
177000 0.00400799 0.124254 0.00223135 0 0 0.130502 0.126484 
177200 0.00399935 0.124214 0.00222355 0 0 0.130446 0.126437 
177400 0.00399071 0.124174 0.00221575 0 0 0.130389 0.12639 
177600 0.00398208 0.124135 0.00220795 0 0 0.130333 0.126343 
177800 0.00397344 0.124095 0.00220015 0 0 0.130276 0.126297 
178000 0.00396481 0.124055 0.00219234 0 0 0.130219 0.12625 
178200 0.00395617 0.124016 0.00218454 0 0 0.130163 0.126203 
178400 0.00394753 0.123976 0.00217674 0 0 0.130106 0.126156 
178600 0.0039389 0.123936 0.00216894 0 0 0.130049 0.12611 
178800 0.00393026 0.123897 0.00216114 0 0 0.129993 0.126063 
179000 0.00392162 0.123857 0.00215334 0 0 0.129936 0.126016 
179200 0.00391313 0.123818 0.00214577 0 0 0.12988 0.12597 
179400 0.00390477 0.123778 0.00213844 0 0 0.129825 0.125923 
179600 0.00389642 0.123738 0.0021311 0 0 0.12977 0.125876 
179800 0.00388807 0.123699 0.00212377 0 0 0.129715 0.125829 
180000 0.00387971 0.123659 0.00211643 0 0 0.129659 0.125783 
180200 0.00387136 0.123619 0.0021091 0 0 0.129604 0.125736 
180400 0.00386301 0.12358 0.00210177 0 0 0.129549 0.125689 
180600 0.00385465 0.12354 0.00209443 0 0 0.129494 0.125643 
180800 0.0038463 0.1235 0.0020871 0 0 0.129438 0.125596 
181000 0.00383794 0.123461 0.00207976 0 0 0.129383 0.125549 
181200 0.00382959 0.123421 0.00207243 0 0 0.129328 0.125502 
181400 0.00382124 0.123381 0.0020651 0 0 0.129273 0.125456 
181600 0.00381288 0.123342 0.00205776 0 0 0.129218 0.125409 
181800 0.00380453 0.123302 0.00205043 0 0 0.129162 0.125362 
182000 0.00379618 0.123262 0.00204309 0 0 0.129107 0.125315 
182200 0.00378782 0.123223 0.00203576 0 0 0.129052 0.125269 
182400 0.00377947 0.123183 0.00202842 0 0 0.128997 0.125222 
182600 0.00377112 0.123144 0.00202109 0 0 0.128941 0.125175 
182800 0.00376319 0.123104 0.00201421 0 0 0.128886 0.125127 
183000 0.00375526 0.123064 0.00200733 0 0 0.128831 0.125079 
183200 0.00374733 0.123025 0.00200045 0 0 0.128776 0.125031 
183400 0.0037394 0.122985 0.00199357 0 0 0.128721 0.124983 
183600 0.00373147 0.122945 0.00198669 0 0 0.128665 0.124935 
183800 0.00372354 0.122906 0.0019798 0 0 0.12861 0.124886 
184000 0.00371562 0.122866 0.00197292 0 0 0.128555 0.124838 
184200 0.00370769 0.122826 0.00196604 0 0 0.1285 0.12479 
184400 0.00369976 0.122787 0.00195916 0 0 0.128445 0.124742 
184600 0.00369183 0.122747 0.00195228 0 0 0.128389 0.124694 
184800 0.0036839 0.122707 0.0019454 0 0 0.128334 0.124646 
185000 0.00367597 0.122668 0.00193852 0 0 0.128279 0.124598 
185200 0.00366804 0.122628 0.00193164 0 0 0.128224 0.12455 
185400 0.00366011 0.122589 0.00192476 0 0 0.128168 0.124501 
185600 0.00365219 0.122549 0.00191788 0 0 0.128113 0.124453 
185800 0.00364426 0.122509 0.00191099 0 0 0.128058 0.124405 
186000 0.00363633 0.12247 0.00190411 0 0 0.128003 0.124357 
186200 0.00362868 0.12243 0.00189761 0 0 0.12795 0.124311 
186400 0.00362131 0.122392 0.00189149 0 0 0.127899 0.124269 
186600 0.00361395 0.122353 0.00188537 0 0 0.127848 0.124226 
186800 0.00360658 0.122314 0.00187925 0 0 0.127797 0.124183 
187000 0.00359922 0.122275 0.00187313 0 0 0.127746 0.12414 
187200 0.00359185 0.122236 0.00186701 0 0 0.127695 0.124097 
187400 0.00358448 0.122197 0.00186089 0 0 0.127644 0.124054 
187600 0.00357712 0.122158 0.00185477 0 0 0.127593 0.124011 
187800 0.00356975 0.12212 0.00184865 0 0 0.127543 0.123969 
188000 0.00356238 0.122081 0.00184253 0 0 0.127492 0.123926 
188200 0.00355502 0.122042 0.00183641 0 0 0.127441 0.123883 
188400 0.00354765 0.122003 0.00183028 0 0 0.12739 0.12384 
188600 0.00354029 0.121964 0.00182416 0 0 0.127339 0.123797 
188800 0.00353292 0.121925 0.00181804 0 0 0.127288 0.123754 
189000 0.00352555 0.121887 0.00181192 0 0 0.127237 0.123711 
189200 0.00351819 0.121848 0.0018058 0 0 0.127186 0.123669 
189400 0.00351082 0.121809 0.00179968 0 0 0.127135 0.123626 
189600 0.00350345 0.12177 0.00179356 0 0 0.127085 0.123583 
189800 0.00349609 0.121731 0.00178744 0 0 0.127034 0.12354 
190000 0.00348912 0.121694 0.00178169 0 0 0.126983 0.123496 
190200 0.00348216 0.121656 0.00177595 0 0 0.126932 0.123452 
190400 0.00347519 0.121619 0.0017702 0 0 0.126881 0.123407 
190600 0.00346823 0.121581 0.00176446 0 0 0.12683 0.123363 
190800 0.00346127 0.121544 0.00175871 0 0 0.126779 0.123319 
191000 0.0034543 0.121506 0.00175297 0 0 0.126728 0.123275 
191200 0.00344734 0.121469 0.00174722 0 0 0.126677 0.123231 
191400 0.00344037 0.121431 0.00174147 0 0 0.126626 0.123186 
191600 0.00343341 0.121394 0.00173573 0 0 0.126576 0.123142 
191800 0.00342644 0.121356 0.00172998 0 0 0.126525 0.123098 
192000 0.00341948 0.121319 0.00172424 0 0 0.126474 0.123054 
192200 0.00341251 0.121281 0.00171849 0 0 0.126423 0.12301 
192400 0.00340555 0.121244 0.00171275 0 0 0.126372 0.122965 
192600 0.00339859 0.121206 0.001707 0 0 0.126321 0.122921 
192800 0.00339162 0.121169 0.00170125 0 0 0.12627 0.122877 
193000 0.00338466 0.121131 0.00169551 0 0 0.126219 0.122833 
193200 0.00337769 0.121094 0.00168976 0 0 0.126168 0.122789 
193400 0.00337073 0.121056 0.00168402 0 0 0.126118 0.122744 
193600 0.00336399 0.121019 0.00167852 0 0 0.126067 0.122701 
193800 0.00335746 0.120981 0.00167326 0 0 0.126018 0.122658 
194000 0.00335094 0.120943 0.00166801 0 0 0.125968 0.122615 
194200 0.00334442 0.120905 0.00166275 0 0 0.125919 0.122572 
194400 0.0033379 0.120867 0.0016575 0 0 0.125869 0.122529 
194600 0.00333138 0.120829 0.00165224 0 0 0.12582 0.122486 
194800 0.00332486 0.120792 0.00164698 0 0 0.12577 0.122443 
195000 0.00331834 0.120754 0.00164173 0 0 0.12572 0.1224 
195200 0.00331182 0.120716 0.00163647 0 0 0.125671 0.122357 
195400 0.0033053 0.120678 0.00163122 0 0 0.125621 0.122314 
195600 0.00329878 0.12064 0.00162596 0 0 0.125572 0.12227 
195800 0.00329226 0.120603 0.00162071 0 0 0.125522 0.122227 
196000 0.00328574 0.120565 0.00161545 0 0 0.125473 0.122184 
196200 0.00327922 0.120527 0.0016102 0 0 0.125423 0.122141 
196400 0.0032727 0.120489 0.00160494 0 0 0.125374 0.122098 
196600 0.00326618 0.120451 0.00159969 0 0 0.125324 0.122055 
196800 0.00325966 0.120413 0.00159443 0 0 0.125274 0.122012 
197000 0.00325314 0.120376 0.00158918 0 0 0.125225 0.121969 
197200 0.00324662 0.120338 0.00158392 0 0 0.125175 0.121926 
197400 0.00324015 0.120301 0.00157881 0 0 0.125127 0.121884 
197600 0.00323372 0.120264 0.00157386 0 0 0.125079 0.121841 
197800 0.0032273 0.120227 0.0015689 0 0 0.125031 0.121799 
198000 0.00322088 0.12019 0.00156395 0 0 0.124984 0.121757 
198200 0.00321445 0.120154 0.00155899 0 0 0.124936 0.121715 
198400 0.00320803 0.120117 0.00155404 0 0 0.124888 0.121673 
198600 0.0032016 0.12008 0.00154908 0 0 0.12484 0.12163 
198800 0.00319518 0.120044 0.00154413 0 0 0.124793 0.121588 
199000 0.00318876 0.120007 0.00153917 0 0 0.124745 0.121546 
199200 0.00318233 0.11997 0.00153422 0 0 0.124697 0.121504 
199400 0.00317591 0.119934 0.00152926 0 0 0.124649 0.121461 
199600 0.00316949 0.119897 0.0015243 0 0 0.124602 0.121419 
199800 0.00316306 0.11986 0.00151935 0 0 0.124554 0.121377 
200000 0.00315664 0.119823 0.00151439 0 0 0.124506 0.121335 
