1000 6.94235 0.00642763 4935.59 0 0 4942.5 4935.59 
1200 6.78228 0.00831387 3228.25 0 0 3235.16 3228.25 
1400 6.62312 0.0102535 2253.3 0 0 2260.21 2253.3 
1600 6.45639 0.0121628 1640.62 0 0 1646.9 1640.62 
1800 6.28156 0.0140156 1232.89 0 0 1239.17 1232.89 
2000 6.10563 0.0158368 953.474 0 0 959.751 953.474 
2200 5.9348 0.0176356 752.013 0 0 757.782 752.013 
2400 5.76681 0.0194044 605.458 0 0 611.277 605.521 
2600 5.59843 0.0211406 1796.13 0 0 1801.78 1796.13 
2800 5.43389 0.0228494 2071.13 0 0 2076.78 2071.13 
3000 5.27455 0.0245367 2006.13 0 0 2011.15 2006.13 
3200 5.1202 0.026193 1702.98 0 0 1708.1 1703.08 
3400 4.97127 0.0278082 1460.14 0 0 1465.16 1460.32 
3600 4.82767 0.0294022 1262.43 0 0 1267.45 1262.43 
3800 4.68945 0.0309549 1100.81 0 0 1105.21 1100.81 
4000 4.55647 0.032496 966.028 0 0 970.422 966.028 
4200 4.42854 0.0340083 851.114 0 0 856.013 851.619 
4400 4.30589 0.0354964 754.494 0 0 758.888 754.494 
4600 4.18762 0.0369618 672.03 0 0 676.424 672.03 
4800 4.07386 0.0384035 601.631 0 0 605.711 601.637 
5000 3.96517 0.0398212 541.013 0 0 545.031 541.076 
5200 3.86055 0.0412164 487.739 0 0 491.631 487.754 
5400 3.76073 0.0425858 441.233 0 0 444.999 441.233 
5600 3.66484 0.0439288 400.681 0 0 404.381 400.684 
5800 3.57331 0.0452474 365.114 0 0 368.701 365.177 
6000 3.48561 0.0465439 333.622 0 0 337.137 333.685 
6200 3.4021 0.0478055 305.583 0 0 309.035 305.645 
6400 3.32226 0.049049 280.431 0 0 283.824 280.494 
6600 3.24522 0.0502584 258.213 0 0 261.506 258.242 
6800 3.17095 0.0514473 238.209 0 0 241.41 238.214 
7000 3.09963 0.0526052 220.365 0 0 223.53 220.428 
7200 3.03012 0.0537402 204.198 0 0 207.271 204.2 
7400 2.96364 0.0548542 189.737 0 0 192.721 189.799 
7600 2.89809 0.0559432 176.541 0 0 179.491 176.604 
7800 2.83521 0.0570059 164.643 0 0 167.52 164.706 
8000 2.7738 0.0580496 153.723 0 0 156.548 153.786 
8200 2.71416 0.0590655 143.752 0 0 146.53 143.815 
8400 2.65608 0.0600658 134.499 0 0 137.198 134.561 
8600 2.60037 0.0610363 126.117 0 0 128.79 126.18 
8800 2.54618 0.0619884 118.461 0 0 121.035 118.524 
9000 2.49446 0.0629165 111.391 0 0 113.93 111.454 
9200 2.44509 0.0637925 104.876 0 0 107.387 104.939 
9400 2.39751 0.064679 98.8567 0 0 101.317 98.9194 
9600 2.35154 0.0655126 93.3197 0 0 95.7118 93.3825 
9800 2.3085 0.0663758 88.1463 0 0 90.5315 88.209 
10000 2.26725 0.0671638 83.4212 0 0 85.7436 83.4839 
10200 2.22896 0.067917 79.0273 0 0 81.3498 79.09 
10400 2.18956 0.0687061 74.6991 0 0 76.9559 74.7619 
10600 2.15489 0.0694235 70.9927 0 0 73.1897 71.0555 
10800 2.12022 0.0701408 67.4059 0 0 69.6028 67.5284 
11000 2.08611 0.0708014 64.0462 0 0 66.2431 64.1149 
11200 2.05204 0.0715128 60.8599 0 0 62.9869 60.928 
11400 2.01928 0.0722025 57.9352 0 0 60.0263 58.0091 
11600 1.98781 0.072824 55.258 0 0 57.3214 55.3333 
11800 1.95585 0.073475 52.6634 0 0 54.6954 52.7387 
12000 1.92416 0.0741312 50.2489 0 0 52.2481 50.3242 
12200 1.89289 0.0747671 48.0116 0 0 49.9806 48.0869 
12400 1.86093 0.0754142 45.8333 0 0 47.7739 45.9086 
12600 1.83029 0.0760168 43.9 0 0 45.8054 43.9753 
12800 1.79851 0.076642 41.9883 0 0 43.862 42.0637 
13000 1.7668 0.0772873 40.1993 0 0 42.0425 40.2747 
13200 1.73527 0.0779288 38.531 0 0 40.3446 38.6085 
13400 1.70382 0.0785565 36.9596 0 0 38.7442 37.0412 
13600 1.67195 0.0791842 35.458 0 0 37.2136 35.5396 
13800 1.64029 0.0797921 34.0708 0 0 35.7944 34.1524 
14000 1.60844 0.0804198 32.7387 0 0 34.4297 32.8203 
14200 1.57647 0.081074 31.4585 0 0 33.1172 31.5401 
14400 1.54508 0.0817465 30.2748 0 0 31.9021 30.3564 
14600 1.51269 0.0824191 29.1349 0 0 30.7308 29.2165 
14800 1.48018 0.0830841 28.0405 0 0 29.6046 28.1221 
15000 1.4481 0.083735 27.0036 0 0 28.5352 27.0852 
15200 1.41574 0.0844211 26.0274 0 0 27.5255 26.109 
15400 1.38395 0.0851034 25.0778 0 0 26.546 25.1613 
15600 1.35298 0.0857729 24.1739 0 0 25.6128 24.2616 
15800 1.32297 0.0864604 23.3439 0 0 24.7506 23.4318 
16000 1.29332 0.0871327 22.534 0 0 23.9115 22.6219 
16200 1.26417 0.0877806 21.7483 0 0 23.1015 21.8362 
16400 1.23638 0.088463 21.0006 0 0 22.326 21.0884 
16600 1.2098 0.0891161 20.2844 0 0 21.582 20.3722 
16800 1.18546 0.0896867 19.6262 0 0 20.8972 19.7141 
17000 1.16235 0.0902821 18.9879 0 0 20.2372 19.0782 
17200 1.1399 0.0908908 18.3602 0 0 19.5905 18.4543 
17400 1.11936 0.0914234 17.7705 0 0 18.9818 17.8609 
17600 1.09998 0.0919328 17.2027 0 0 18.3953 17.2906 
17800 1.08276 0.092399 16.6754 0 0 17.8501 16.7633 
18000 1.06705 0.0928438 16.1632 0 0 17.3222 16.2533 
18200 1.05235 0.0932742 15.6611 0 0 16.8056 15.7547 
18400 1.03947 0.0936437 15.1833 0 0 16.3166 15.2775 
18600 1.02722 0.0939936 14.7148 0 0 15.8373 14.8089 
18800 1.01772 0.0942651 14.2907 0 0 15.403 14.3848 
19000 1.00898 0.0945195 13.8725 0 0 14.9755 13.9666 
19200 1.00254 0.0947231 13.4721 0 0 14.5684 13.5663 
19400 0.99704 0.094886 13.0799 0 0 14.1707 13.174 
19600 0.992968 0.0949878 12.6999 0 0 13.7873 12.794 
19800 0.990468 0.0950559 12.3395 0 0 13.4255 12.4337 
20000 0.989253 0.0950963 11.9953 0 0 13.0812 12.0895 
20200 0.988287 0.0951157 78.3271 0 0 79.3942 78.3899 
20400 0.986678 0.0951479 78.1018 0 0 79.1689 78.1646 
20600 0.983667 0.0952203 77.6761 0 0 78.7432 77.7389 
20800 0.9799 0.0953145 77.1426 0 0 78.2097 77.2054 
21000 0.975199 0.0954469 76.4583 0 0 77.5254 76.5211 
21200 0.969994 0.0956 75.6928 0 0 76.7599 75.7556 
21400 0.963787 0.095751 74.7948 0 0 75.8619 74.8755 
21600 0.956912 0.0959004 73.8084 0 0 74.8755 73.919 
21800 0.94929 0.0960947 72.7323 0 0 73.7994 72.8579 
22000 0.94092 0.0963338 71.5666 0 0 72.6337 71.6922 
22200 0.932162 0.0965707 70.365 0 0 71.4204 70.4789 
22400 0.922819 0.0968043 69.1096 0 0 70.1358 69.1943 
22600 0.913316 0.0970436 67.8257 0 0 68.83 67.8956 
22800 0.90333 0.0973004 66.4562 0 0 67.4605 66.5546 
23000 0.893313 0.0975597 65.0861 0 0 66.0897 65.2109 
23200 0.882712 0.0978666 63.7051 0 0 64.6948 63.816 
23400 0.872111 0.0981735 62.3242 0 0 63.2999 62.4212 
23600 0.861476 0.098475 60.9236 0 0 61.8878 61.02 
23800 0.850832 0.0987752 59.5181 0 0 60.4714 59.6172 
24000 0.839901 0.0990856 58.1209 0 0 59.0634 58.2213 
24200 0.828682 0.0994061 56.7319 0 0 57.6637 56.8324 
24400 0.817499 0.0997296 55.3485 0 0 56.2693 55.4489 
24600 0.806514 0.10007 53.9963 0 0 54.904 54.0968 
24800 0.79553 0.10041 52.6442 0 0 53.5388 52.7446 
25000 0.784545 0.10075 51.3097 0 0 52.1931 51.4101 
25200 0.77356 0.10109 49.981 0 0 50.8541 50.0815 
25400 0.762641 0.101434 48.6851 0 0 49.5478 48.7855 
25600 0.751845 0.101785 47.4498 0 0 48.3024 47.5502 
25800 0.741049 0.102137 46.2144 0 0 47.0571 46.3149 
26000 0.730466 0.102488 45.0197 0 0 45.8523 45.1222 
26200 0.71992 0.10284 43.8321 0 0 44.6546 43.9372 
26400 0.709601 0.103186 42.6816 0 0 43.4942 42.7874 
26600 0.699703 0.103524 41.6 0 0 42.403 41.7035 
26800 0.689805 0.103862 40.5184 0 0 41.3117 40.6195 
27000 0.680087 0.1042 39.4821 0 0 40.2658 39.5826 
27200 0.670431 0.104538 38.4609 0 0 39.2349 38.5614 
27400 0.660897 0.104874 37.4551 0 0 38.2195 37.5556 
27600 0.652063 0.1052 36.5368 0 0 37.2919 36.6373 
27800 0.643228 0.105525 35.6185 0 0 36.3643 35.719 
28000 0.634509 0.10584 34.7295 0 0 35.4671 34.831 
28200 0.625931 0.106143 33.8763 0 0 34.6069 33.9801 
28400 0.617352 0.106445 33.0231 0 0 33.7467 33.1292 
28600 0.60934 0.106756 32.2415 0 0 32.9566 32.3482 
28800 0.601516 0.10707 31.4838 0 0 32.19 31.5905 
29000 0.593692 0.107384 30.7261 0 0 31.4233 30.8328 
29200 0.586417 0.10765 30.0396 0 0 30.7321 30.1484 
29400 0.579171 0.107915 29.3568 0 0 30.045 29.4678 
29600 0.571968 0.108179 28.6798 0 0 29.3631 28.7925 
29800 0.565153 0.108448 28.0551 0 0 28.7295 28.1648 
30000 0.558338 0.108717 27.4304 0 0 28.0958 27.5371 
30200 0.551858 0.108964 26.8434 0 0 27.5066 26.9558 
30400 0.545772 0.109198 26.3029 0 0 26.9576 26.4132 
30600 0.539687 0.109432 25.7625 0 0 26.4087 25.8707 
30800 0.533751 0.109659 25.2385 0 0 25.8775 25.3452 
31000 0.528165 0.109868 24.7531 0 0 25.3879 24.8598 
31200 0.522578 0.110077 24.2677 0 0 24.8983 24.3744 
31400 0.517143 0.110285 23.7991 0 0 24.4256 23.9064 
31600 0.51206 0.110487 23.3698 0 0 23.9923 23.4792 
31800 0.506978 0.11069 22.9406 0 0 23.5589 23.0519 
32000 0.501956 0.110888 22.5186 0 0 23.1329 22.6316 
32200 0.497178 0.11107 22.1258 0 0 22.7361 22.2388 
32400 0.492399 0.111253 21.733 0 0 22.3392 21.8459 
32600 0.487661 0.111432 21.3443 0 0 21.9465 21.4573 
32800 0.483287 0.111589 20.9932 0 0 21.5915 21.1062 
33000 0.478913 0.111746 20.6421 0 0 21.2364 20.7551 
33200 0.474538 0.111903 20.2909 0 0 20.8814 20.4039 
33400 0.470433 0.112058 19.969 0 0 20.5538 20.0803 
33600 0.466358 0.112212 19.6504 0 0 20.2294 19.7597 
33800 0.462283 0.112367 19.3317 0 0 19.9049 19.4391 
34000 0.458347 0.112507 19.0285 0 0 19.5985 19.1364 
34200 0.454485 0.112641 18.7337 0 0 19.3017 18.8435 
34400 0.450624 0.112774 18.4388 0 0 19.005 18.5506 
34600 0.446861 0.112899 18.1542 0 0 18.7171 18.2671 
34800 0.443279 0.11301 17.8883 0 0 18.4458 18.0013 
35000 0.439697 0.113121 17.6225 0 0 18.1744 17.7354 
35200 0.436116 0.113231 17.3566 0 0 17.903 17.4696 
35400 0.432657 0.113342 17.1048 0 0 17.6491 17.2195 
35600 0.429205 0.113453 16.8537 0 0 17.3962 16.9703 
35800 0.425752 0.113564 16.6026 0 0 17.1433 16.7211 
36000 0.422439 0.113672 16.3661 0 0 16.903 16.4844 
36200 0.419238 0.113778 16.1416 0 0 16.6732 16.2581 
36400 0.416038 0.113884 15.917 0 0 16.4433 16.0318 
36600 0.412837 0.11399 15.6925 0 0 16.2135 15.8055 
36800 0.409725 0.114096 15.4768 0 0 15.996 15.5897 
37000 0.406613 0.114202 15.261 0 0 15.7785 15.374 
37200 0.403502 0.114308 15.0453 0 0 15.561 15.1583 
37400 0.400451 0.114405 14.8377 0 0 15.3508 14.9507 
37600 0.397476 0.114491 14.6399 0 0 15.1496 14.7529 
37800 0.394501 0.114577 14.4421 0 0 14.9484 14.5551 
38000 0.391526 0.114663 14.2444 0 0 14.7472 14.3574 
38200 0.388668 0.114761 14.0562 0 0 14.557 14.1692 
38400 0.385839 0.114861 13.8704 0 0 14.3695 13.9834 
38600 0.38301 0.114962 13.6846 0 0 14.1821 13.7976 
38800 0.380182 0.115061 13.4992 0 0 13.9949 13.6122 
39000 0.37737 0.115145 13.3218 0 0 13.8141 13.4348 
39200 0.374558 0.115229 13.1443 0 0 13.6334 13.2573 
39400 0.371746 0.115312 12.9669 0 0 13.4526 13.0799 
39600 0.368975 0.115396 12.7928 0 0 13.2753 12.9058 
39800 0.3663 0.115477 12.6263 0 0 13.1061 12.7393 
40000 0.363626 0.115559 12.4598 0 0 12.9369 12.5728 
40200 0.360997 0.115638 12.299 0 0 12.7721 12.412 
40400 0.358371 0.115717 12.1395 0 0 12.6097 12.2532 
40600 0.355749 0.115796 11.9822 0 0 12.4508 12.0974 
40800 0.353127 0.115876 11.8249 0 0 12.2919 11.9417 
41000 0.350505 0.115955 11.6676 0 0 12.1329 11.786 
41200 0.347919 0.116041 11.514 0 0 11.9777 11.6332 
41400 0.345377 0.116135 11.3649 0 0 11.8271 11.4841 
41600 0.342835 0.116229 11.2158 0 0 11.6765 11.3351 
41800 0.340293 0.116324 11.0667 0 0 11.5258 11.186 
42000 0.337785 0.11641 10.922 0 0 11.3789 11.0413 
42200 0.33532 0.116486 10.7827 0 0 11.2365 10.902 
42400 0.332856 0.116563 10.6434 0 0 11.0941 10.7627 
42600 0.330391 0.116639 10.5041 0 0 10.9517 10.6233 
42800 0.327952 0.116716 10.3675 0 0 10.8126 10.4867 
43000 0.325562 0.116791 10.2359 0 0 10.6795 10.3551 
43200 0.323173 0.116867 10.1043 0 0 10.5464 10.2235 
43400 0.320783 0.116943 9.9727 0 0 10.4133 10.092 
43600 0.318418 0.117018 9.84319 0 0 10.282 9.96245 
43800 0.316156 0.117091 9.72203 0 0 10.1579 9.84129 
44000 0.313893 0.117164 9.60087 0 0 10.0338 9.72013 
44200 0.311631 0.117237 9.47971 0 0 9.90976 9.59897 
44400 0.309368 0.11731 9.35855 0 0 9.78568 9.47781 
44600 0.307145 0.117383 9.24264 0 0 9.66685 9.36059 
44800 0.304926 0.117456 9.12732 0 0 9.54861 9.24381 
45000 0.302707 0.117529 9.012 0 0 9.43037 9.12703 
45200 0.300488 0.117602 8.89668 0 0 9.31213 9.01025 
45400 0.298348 0.117673 8.78623 0 0 9.19967 8.90006 
45600 0.29626 0.117744 8.67903 0 0 9.09105 8.79427 
45800 0.294173 0.117814 8.57183 0 0 8.98244 8.68848 
46000 0.292085 0.117885 8.46462 0 0 8.87383 8.58269 
46200 0.290007 0.117953 8.35844 0 0 8.76623 8.4777 
46400 0.287985 0.118009 8.258 0 0 8.6644 8.37727 
46600 0.285962 0.118065 8.15757 0 0 8.56258 8.27684 
46800 0.28394 0.11812 8.05714 0 0 8.46075 8.1764 
47000 0.281917 0.118176 7.95671 0 0 8.35892 8.07597 
47200 0.279958 0.11824 7.86124 0 0 8.2612 7.98051 
47400 0.278034 0.118308 7.76845 0 0 8.16568 7.88772 
47600 0.27611 0.118376 7.67566 0 0 8.07016 7.79493 
47800 0.274186 0.118445 7.58287 0 0 7.97464 7.70214 
48000 0.272266 0.118512 7.49045 0 0 7.87956 7.60971 
48200 0.270423 0.118566 7.40497 0 0 7.79275 7.52424 
48400 0.26858 0.118619 7.3195 0 0 7.70594 7.43876 
48600 0.266737 0.118672 7.23403 0 0 7.61913 7.35329 
48800 0.264894 0.118726 7.14855 0 0 7.53232 7.26782 
49000 0.263087 0.118779 7.06508 0 0 7.44706 7.18434 
49200 0.261348 0.118831 6.98531 0 0 7.36467 7.10457 
49400 0.259609 0.118884 6.90554 0 0 7.28229 7.0248 
49600 0.25787 0.118936 6.82577 0 0 7.1999 6.94503 
49800 0.25613 0.118988 6.746 0 0 7.11752 6.86526 
50000 0.254406 0.119012 6.66616 0 0 7.0365 6.78542 
50200 0.252742 0.119055 6.59171 0 0 6.96205 6.71098 
50400 0.251078 0.119099 6.51726 0 0 6.88761 6.63653 
50600 0.249414 0.119143 6.44282 0 0 6.81316 6.56208 
50800 0.24775 0.119187 6.36837 0 0 6.73871 6.48763 
51000 0.246152 0.119226 6.29858 0 0 6.66716 6.41784 
51200 0.244583 0.119264 6.23079 0 0 6.59686 6.35005 
51400 0.243014 0.119302 6.163 0 0 6.52656 6.28226 
51600 0.241444 0.119339 6.09521 0 0 6.45626 6.21447 
51800 0.239875 0.119377 6.02741 0 0 6.38596 6.14668 
52000 0.238343 0.119414 5.96235 0 0 6.31927 6.0817 
52200 0.236826 0.119452 5.89847 0 0 6.25414 6.01794 
52400 0.23531 0.119489 5.83458 0 0 6.18901 5.95418 
52600 0.233794 0.119526 5.77069 0 0 6.12388 5.89041 
52800 0.232277 0.119564 5.7068 0 0 6.05875 5.82665 
53000 0.230828 0.1196 5.64639 0 0 5.99695 5.7662 
53200 0.229416 0.119636 5.58784 0 0 5.93696 5.70753 
53400 0.228004 0.119673 5.5293 0 0 5.87697 5.64887 
53600 0.226591 0.119709 5.47075 0 0 5.81698 5.5902 
53800 0.225179 0.119745 5.41221 0 0 5.75698 5.53154 
54000 0.223789 0.119776 5.35526 0 0 5.69864 5.47457 
54200 0.222426 0.1198 5.30026 0 0 5.64233 5.41969 
54400 0.221063 0.119823 5.24526 0 0 5.58602 5.36481 
54600 0.2197 0.119847 5.19026 0 0 5.5297 5.30994 
54800 0.218337 0.119871 5.13526 0 0 5.47339 5.25506 
55000 0.216986 0.119897 5.08108 0 0 5.4179 5.20097 
55200 0.215684 0.119933 5.03016 0 0 5.36569 5.15005 
55400 0.214381 0.119968 4.97924 0 0 5.31348 5.09913 
55600 0.213079 0.120003 4.92832 0 0 5.26126 5.04821 
55800 0.211777 0.120038 4.8774 0 0 5.20905 4.99729 
56000 0.210474 0.120073 4.82648 0 0 5.15684 4.94637 
56200 0.209241 0.120088 4.77888 0 0 5.10808 4.89886 
56400 0.20802 0.1201 4.73186 0 0 5.05991 4.85196 
56600 0.206799 0.120111 4.68483 0 0 5.01175 4.80505 
56800 0.205578 0.120123 4.63781 0 0 4.96359 4.75814 
57000 0.204356 0.120134 4.59079 0 0 4.91543 4.71124 
57200 0.203151 0.120149 4.54497 0 0 4.86843 4.66545 
57400 0.201974 0.120172 4.50137 0 0 4.8236 4.62173 
57600 0.200797 0.120194 4.45777 0 0 4.77876 4.57802 
57800 0.19962 0.120217 4.41416 0 0 4.73393 4.53431 
58000 0.198443 0.120239 4.37056 0 0 4.68909 4.49059 
58200 0.197266 0.120261 4.32696 0 0 4.64425 4.44687 
58400 0.196138 0.120275 4.2855 0 0 4.60174 4.40547 
58600 0.195025 0.120286 4.24475 0 0 4.56 4.36483 
58800 0.193913 0.120297 4.20401 0 0 4.51827 4.3242 
59000 0.192801 0.120308 4.16326 0 0 4.47653 4.28356 
59200 0.191689 0.120319 4.12252 0 0 4.4348 4.24293 
59400 0.190579 0.120331 4.08187 0 0 4.39315 4.20239 
59600 0.189508 0.120351 4.04318 0 0 4.35322 4.1637 
59800 0.188438 0.120372 4.00449 0 0 4.3133 4.12501 
60000 0.187368 0.120393 3.9658 0 0 4.27337 4.08632 
60200 0.186318 0.120415 3.92882 0 0 4.23548 4.04934 
60400 0.185268 0.120438 3.89185 0 0 4.19759 4.01236 
60600 0.184228 0.120455 3.85528 0 0 4.1601 3.9758 
60800 0.183217 0.120455 3.81996 0 0 4.12383 3.94048 
61000 0.182207 0.120455 3.78464 0 0 4.08755 3.90516 
61200 0.181196 0.120455 3.74932 0 0 4.05127 3.86984 
61400 0.180185 0.120455 3.714 0 0 4.01499 3.83452 
61600 0.179174 0.120455 3.67868 0 0 3.97871 3.79919 
61800 0.178183 0.120459 3.64432 0 0 3.94336 3.76483 
62000 0.177229 0.120469 3.61174 0 0 3.90975 3.73226 
62200 0.176274 0.12048 3.57916 0 0 3.87613 3.69968 
62400 0.17532 0.12049 3.54658 0 0 3.84252 3.6671 
62600 0.174365 0.120501 3.514 0 0 3.8089 3.63452 
62800 0.173411 0.120511 3.48142 0 0 3.77529 3.60194 
63000 0.17247 0.120521 3.44949 0 0 3.74235 3.57001 
63200 0.171562 0.120531 3.41908 0 0 3.71102 3.5396 
63400 0.170653 0.120542 3.38866 0 0 3.67969 3.50918 
63600 0.169745 0.120552 3.35825 0 0 3.64835 3.47877 
63800 0.168837 0.120562 3.32783 0 0 3.61702 3.44835 
64000 0.167928 0.120572 3.29742 0 0 3.58569 3.41794 
64200 0.167025 0.120581 3.26732 0 0 3.55467 3.38784 
64400 0.166151 0.120581 3.239 0 0 3.52544 3.35951 
64600 0.165278 0.120581 3.21067 0 0 3.49622 3.33119 
64800 0.164404 0.120581 3.18235 0 0 3.46699 3.30287 
65000 0.16353 0.120581 3.15403 0 0 3.43777 3.27455 
65200 0.162656 0.120581 3.12571 0 0 3.40854 3.24623 
65400 0.161783 0.120581 3.09739 0 0 3.37931 3.2179 
65600 0.160954 0.120581 3.0709 0 0 3.35212 3.19142 
65800 0.16013 0.120581 3.04461 0 0 3.32515 3.16513 
66000 0.159306 0.120581 3.01833 0 0 3.29817 3.13885 
66200 0.158482 0.120581 2.99204 0 0 3.2712 3.11256 
66400 0.157658 0.120581 2.96576 0 0 3.24423 3.08628 
66600 0.156834 0.120581 2.93947 0 0 3.21726 3.05999 
66800 0.15603 0.120581 2.91421 0 0 3.19122 3.03473 
67000 0.155244 0.120581 2.88996 0 0 3.16611 3.01048 
67200 0.154458 0.120581 2.86572 0 0 3.141 2.98624 
67400 0.153672 0.120581 2.84147 0 0 3.1159 2.96199 
67600 0.152886 0.120581 2.81723 0 0 3.09079 2.93774 
67800 0.152101 0.120581 2.79298 0 0 3.06568 2.9135 
68000 0.151315 0.120581 2.76874 0 0 3.04057 2.88925 
68200 0.150567 0.120572 2.746 0 0 3.01708 2.86652 
68400 0.149821 0.120563 2.72335 0 0 2.99367 2.84387 
68600 0.149076 0.120553 2.7007 0 0 2.97026 2.82121 
68800 0.14833 0.120544 2.67804 0 0 2.94685 2.79856 
69000 0.147584 0.120534 2.65539 0 0 2.92344 2.77591 
69200 0.146839 0.120525 2.63273 0 0 2.90003 2.75325 
69400 0.146105 0.120518 2.61054 0 0 2.87712 2.73106 
69600 0.145398 0.120518 2.58943 0 0 2.85536 2.70995 
69800 0.144691 0.120518 2.56832 0 0 2.8336 2.68884 
70000 0.143984 0.120518 2.54722 0 0 2.81184 2.66773 
70200 0.143278 0.120518 2.52611 0 0 2.79008 2.64662 
70400 0.142571 0.120518 2.505 0 0 2.76832 2.62551 
70600 0.141864 0.120518 2.48389 0 0 2.74656 2.60441 
70800 0.141176 0.120513 2.46363 0 0 2.72561 2.58415 
71000 0.140503 0.120504 2.44407 0 0 2.70532 2.56459 
71200 0.139829 0.120495 2.42451 0 0 2.68504 2.54503 
71400 0.139156 0.120486 2.40495 0 0 2.66475 2.52547 
71600 0.138483 0.120477 2.3854 0 0 2.64446 2.50591 
71800 0.13781 0.120468 2.36584 0 0 2.62418 2.48636 
72000 0.137137 0.120459 2.34628 0 0 2.60389 2.4668 
72200 0.136484 0.12045 2.32768 0 0 2.58458 2.4482 
72400 0.135843 0.120441 2.30961 0 0 2.56579 2.43013 
72600 0.135202 0.120432 2.29154 0 0 2.54701 2.41205 
72800 0.134561 0.120423 2.27346 0 0 2.52822 2.39398 
73000 0.13392 0.120414 2.25539 0 0 2.50943 2.37591 
73200 0.133279 0.120405 2.23731 0 0 2.49065 2.35783 
73400 0.132638 0.120396 2.21924 0 0 2.47186 2.33976 
73600 0.132015 0.120387 2.20191 0 0 2.45394 2.32243 
73800 0.131405 0.120379 2.18509 0 0 2.43659 2.30561 
74000 0.130795 0.12037 2.16826 0 0 2.41924 2.28878 
74200 0.130185 0.120361 2.15144 0 0 2.40189 2.27196 
74400 0.129574 0.120353 2.13461 0 0 2.38454 2.25513 
74600 0.128964 0.120344 2.11779 0 0 2.36719 2.2383 
74800 0.128354 0.120335 2.10096 0 0 2.34984 2.22148 
75000 0.127757 0.120323 2.0846 0 0 2.33293 2.20512 
75200 0.127181 0.120306 2.06896 0 0 2.31668 2.18947 
75400 0.126605 0.120289 2.05331 0 0 2.30043 2.17382 
75600 0.126029 0.120271 2.03766 0 0 2.28418 2.15817 
75800 0.125453 0.120254 2.02201 0 0 2.26793 2.14252 
76000 0.124877 0.120237 2.00636 0 0 2.25168 2.12688 
76200 0.124301 0.12022 1.99071 0 0 2.23542 2.11123 
76400 0.123728 0.120203 1.97518 0 0 2.2193 2.09569 
76600 0.123184 0.120195 1.96079 0 0 2.20432 2.08121 
76800 0.12264 0.120187 1.94639 0 0 2.18934 2.06674 
77000 0.122096 0.120178 1.932 0 0 2.17436 2.05226 
77200 0.121552 0.12017 1.9176 0 0 2.15938 2.03778 
77400 0.121008 0.120162 1.90321 0 0 2.14439 2.0233 
77600 0.120464 0.120153 1.88881 0 0 2.12941 2.00882 
77800 0.11992 0.120145 1.87442 0 0 2.11443 1.99434 
78000 0.11939 0.120132 1.86058 0 0 2.10002 1.98047 
78200 0.11887 0.120115 1.84712 0 0 2.08597 1.96701 
78400 0.118349 0.120099 1.83366 0 0 2.07193 1.95355 
78600 0.117829 0.120082 1.82019 0 0 2.05789 1.94008 
78800 0.117309 0.120066 1.80673 0 0 2.04385 1.92662 
79000 0.116788 0.120049 1.79327 0 0 2.02981 1.91316 
79200 0.116268 0.120033 1.77981 0 0 2.01577 1.8997 
79400 0.115748 0.120016 1.76634 0 0 2.00173 1.88623 
79600 0.115245 0.119995 1.75358 0 0 1.98855 1.87347 
79800 0.114743 0.119974 1.74082 0 0 1.97537 1.86071 
80000 0.114241 0.119953 1.72805 0 0 1.96219 1.84794 
80200 0.113752 0.11994 1.71576 0 0 1.94937 1.83566 
80400 0.113263 0.119927 1.70348 0 0 1.93655 1.82337 
80600 0.112774 0.119914 1.69119 0 0 1.92373 1.81108 
80800 0.112285 0.1199 1.6789 0 0 1.91091 1.79879 
81000 0.111802 0.119885 1.6668 0 0 1.8983 1.78669 
81200 0.111336 0.119861 1.65527 0 0 1.8863 1.77516 
81400 0.110871 0.119837 1.64374 0 0 1.8743 1.76363 
81600 0.110405 0.119813 1.63221 0 0 1.8623 1.7521 
81800 0.109939 0.11979 1.62069 0 0 1.85029 1.74058 
82000 0.109473 0.119766 1.60916 0 0 1.83829 1.72905 
82200 0.109007 0.119742 1.59763 0 0 1.82629 1.71752 
82400 0.108541 0.119719 1.5861 0 0 1.81429 1.70599 
82600 0.108082 0.119697 1.57481 0 0 1.80252 1.6947 
82800 0.107637 0.119682 1.56405 0 0 1.79129 1.68394 
83000 0.107193 0.119666 1.55329 0 0 1.78006 1.67318 
83200 0.106749 0.119651 1.54252 0 0 1.76884 1.66242 
83400 0.106304 0.119635 1.53176 0 0 1.75761 1.65165 
83600 0.10586 0.119619 1.521 0 0 1.74638 1.64089 
83800 0.105415 0.119604 1.51024 0 0 1.73515 1.63013 
84000 0.104971 0.119588 1.49948 0 0 1.72392 1.61937 
84200 0.104531 0.119571 1.48894 0 0 1.71291 1.60881 
84400 0.104105 0.119548 1.47905 0 0 1.70257 1.59884 
84600 0.103679 0.119525 1.46916 0 0 1.69222 1.58888 
84800 0.103253 0.119502 1.45927 0 0 1.68187 1.57891 
85000 0.102827 0.11948 1.44938 0 0 1.67152 1.56894 
85200 0.1024 0.119457 1.43948 0 0 1.66118 1.55898 
85400 0.101974 0.119434 1.42959 0 0 1.65083 1.54901 
85600 0.101548 0.119411 1.4197 0 0 1.64048 1.53904 
85800 0.101122 0.119388 1.40981 0 0 1.63013 1.52907 
86000 0.100724 0.119373 1.40049 0 0 1.62044 1.51975 
86200 0.100325 0.119358 1.39117 0 0 1.61074 1.51043 
86400 0.099927 0.119343 1.38185 0 0 1.60104 1.50111 
86600 0.0995286 0.119328 1.37253 0 0 1.59134 1.49179 
86800 0.0991302 0.119313 1.3632 0 0 1.58165 1.48247 
87000 0.0987317 0.119298 1.35388 0 0 1.57195 1.47315 
87200 0.0983333 0.119283 1.34456 0 0 1.56225 1.46382 
87400 0.0979349 0.119268 1.33524 0 0 1.55255 1.4545 
87600 0.0975473 0.119248 1.32644 0 0 1.54334 1.44566 
87800 0.0971656 0.119226 1.31793 0 0 1.53438 1.43707 
88000 0.0967838 0.119204 1.30941 0 0 1.52543 1.42848 
88200 0.096402 0.119182 1.30089 0 0 1.51647 1.41989 
88400 0.0960203 0.11916 1.29238 0 0 1.50751 1.4113 
88600 0.0956385 0.119138 1.28386 0 0 1.49856 1.40271 
88800 0.0952568 0.119116 1.27534 0 0 1.4896 1.39412 
89000 0.094875 0.119094 1.26683 0 0 1.48064 1.38553 
89200 0.0944956 0.119072 1.25837 0 0 1.47175 1.37701 
89400 0.0941369 0.119043 1.2504 0 0 1.46343 1.36912 
89600 0.0937782 0.119014 1.24244 0 0 1.45511 1.36123 
89800 0.0934195 0.118985 1.23448 0 0 1.44678 1.35334 
90000 0.0930608 0.118957 1.22652 0 0 1.43846 1.34545 
90200 0.0927021 0.118928 1.21855 0 0 1.43014 1.33755 
90400 0.0923434 0.118899 1.21059 0 0 1.42182 1.32966 
90600 0.0919848 0.118871 1.20263 0 0 1.4135 1.32177 
90800 0.0916261 0.118842 1.19466 0 0 1.40518 1.31388 
91000 0.091272 0.118816 1.18692 0 0 1.39708 1.30616 
91200 0.0909264 0.118795 1.17959 0 0 1.38939 1.29875 
91400 0.0905808 0.118774 1.17225 0 0 1.3817 1.29135 
91600 0.0902352 0.118752 1.16492 0 0 1.37401 1.28394 
91800 0.0898896 0.118731 1.15758 0 0 1.36633 1.27654 
92000 0.089544 0.11871 1.15025 0 0 1.35864 1.26913 
92200 0.0891985 0.118689 1.14291 0 0 1.35095 1.26173 
92400 0.0888529 0.118668 1.13558 0 0 1.34326 1.25432 
92600 0.0885073 0.118647 1.12824 0 0 1.33558 1.24692 
92800 0.0881705 0.118623 1.12115 0 0 1.3281 1.23975 
93000 0.0878445 0.118595 1.11435 0 0 1.32089 1.23289 
93200 0.0875185 0.118567 1.10756 0 0 1.31368 1.22602 
93400 0.0871926 0.118539 1.10076 0 0 1.30646 1.21915 
93600 0.0868666 0.118512 1.09396 0 0 1.29925 1.21229 
93800 0.0865406 0.118484 1.08716 0 0 1.29204 1.20542 
94000 0.0862146 0.118456 1.08037 0 0 1.28482 1.19855 
94200 0.0858886 0.118428 1.07357 0 0 1.27761 1.19169 
94400 0.0855626 0.118401 1.06677 0 0 1.2704 1.18482 
94600 0.0852449 0.118376 1.06014 0 0 1.26341 1.17818 
94800 0.0849395 0.118355 1.05376 0 0 1.25676 1.17187 
95000 0.0846341 0.118335 1.04738 0 0 1.25011 1.16556 
95200 0.0843288 0.118315 1.04101 0 0 1.24346 1.15924 
95400 0.0840234 0.118294 1.03463 0 0 1.23681 1.15293 
95600 0.083718 0.118274 1.02825 0 0 1.23016 1.14662 
95800 0.0834127 0.118254 1.02187 0 0 1.22351 1.14031 
96000 0.0831073 0.118233 1.01549 0 0 1.21686 1.134 
96200 0.0828019 0.118213 1.00911 0 0 1.21021 1.12769 
96400 0.0824983 0.118192 1.00281 0 0 1.20362 1.12143 
96600 0.0822045 0.118165 0.996933 0 0 1.19741 1.11549 
96800 0.0819107 0.118138 0.991056 0 0 1.1912 1.10955 
97000 0.0816169 0.118112 0.98518 0 0 1.18499 1.1036 
97200 0.081323 0.118085 0.979303 0 0 1.17878 1.09766 
97400 0.0810292 0.118058 0.973427 0 0 1.17257 1.09172 
97600 0.0807354 0.118031 0.967551 0 0 1.16636 1.08578 
97800 0.0804416 0.118005 0.961675 0 0 1.16015 1.07983 
98000 0.0801478 0.117978 0.955798 0 0 1.15394 1.07389 
98200 0.079854 0.117951 0.949922 0 0 1.14773 1.06795 
98400 0.0795707 0.117923 0.944364 0 0 1.14187 1.06232 
98600 0.0792909 0.117894 0.938912 0 0 1.13613 1.05679 
98800 0.0790111 0.117866 0.93346 0 0 1.1304 1.05127 
99000 0.0787314 0.117837 0.928008 0 0 1.12466 1.04575 
99200 0.0784516 0.117808 0.922556 0 0 1.11892 1.04022 
99400 0.0781718 0.11778 0.917104 0 0 1.11318 1.0347 
99600 0.077892 0.117751 0.911652 0 0 1.10744 1.02917 
99800 0.0776123 0.117722 0.9062 0 0 1.1017 1.02365 
100000 0.0773325 0.117694 0.900748 0 0 1.09596 1.01813 
100200 0.0770814 0.117694 0.896354 0 0 1.09094 1.01373 
100400 0.0768105 0.11766 0.891134 0 0 1.08546 1.00851 
100600 0.0765396 0.117627 0.885914 0 0 1.07997 1.00329 
100800 0.0762687 0.117594 0.880694 0 0 1.07449 0.998074 
101000 0.0759978 0.117561 0.875474 0 0 1.069 0.992854 
101200 0.0757269 0.117528 0.870255 0 0 1.06352 0.987635 
101400 0.075456 0.117495 0.865035 0 0 1.05804 0.982415 
101600 0.0751851 0.117462 0.859815 0 0 1.05255 0.977195 
101800 0.0749142 0.117429 0.854595 0 0 1.04707 0.971975 
102000 0.0746433 0.117396 0.849376 0 0 1.04158 0.966755 
102200 0.0743823 0.117367 0.844443 0 0 1.03636 0.961791 
102400 0.0741312 0.117342 0.839798 0 0 1.0314 0.957084 
102600 0.0738801 0.117317 0.835153 0 0 1.02644 0.952376 
102800 0.0736291 0.117292 0.830508 0 0 1.02149 0.947668 
103000 0.073378 0.117267 0.825863 0 0 1.01653 0.94296 
103200 0.0731269 0.117242 0.821218 0 0 1.01157 0.938253 
103400 0.0728758 0.117216 0.816573 0 0 1.00661 0.933545 
103600 0.0726247 0.117191 0.811928 0 0 1.00165 0.928837 
103800 0.0723737 0.117166 0.807283 0 0 0.996691 0.924129 
104000 0.0721226 0.117141 0.802638 0 0 0.991732 0.919422 
104200 0.0718835 0.117114 0.798194 0 0 0.987011 0.914946 
104400 0.0716563 0.117084 0.793949 0 0 0.982528 0.910701 
104600 0.0714291 0.117054 0.789705 0 0 0.978044 0.906457 
104800 0.071202 0.117024 0.78546 0 0 0.973561 0.902212 
105000 0.0709748 0.116994 0.781216 0 0 0.969077 0.897968 
105200 0.0707476 0.116964 0.776971 0 0 0.964594 0.893723 
105400 0.0705205 0.116934 0.772727 0 0 0.96011 0.889479 
105600 0.0702933 0.116904 0.768483 0 0 0.955626 0.885234 
105800 0.0700661 0.116875 0.764238 0 0 0.951143 0.88099 
106000 0.0698389 0.116845 0.759994 0 0 0.946659 0.876746 
106200 0.0696118 0.116815 0.755749 0 0 0.942176 0.872501 
106400 0.0693733 0.11679 0.751606 0 0 0.937719 0.868296 
106600 0.0691347 0.116765 0.747464 0 0 0.933263 0.86409 
106800 0.0688962 0.116739 0.743321 0 0 0.928806 0.859885 
107000 0.0686577 0.116714 0.739178 0 0 0.924349 0.855679 
107200 0.0684192 0.116689 0.735035 0 0 0.919892 0.851473 
107400 0.0681806 0.116664 0.730892 0 0 0.915436 0.847268 
107600 0.0679421 0.116639 0.72675 0 0 0.910979 0.843062 
107800 0.0677036 0.116614 0.722607 0 0 0.906522 0.838856 
108000 0.0674651 0.116589 0.718464 0 0 0.902066 0.834651 
108200 0.0672265 0.116564 0.714321 0 0 0.897609 0.830445 
108400 0.0670211 0.116535 0.710726 0 0 0.893786 0.82685 
108600 0.0668157 0.116507 0.707131 0 0 0.889963 0.823255 
108800 0.0666102 0.116478 0.703536 0 0 0.886139 0.81966 
109000 0.0664048 0.11645 0.699941 0 0 0.882316 0.816065 
109200 0.0661994 0.116421 0.696346 0 0 0.878493 0.81247 
109400 0.065994 0.116392 0.692751 0 0 0.87467 0.808875 
109600 0.0657885 0.116364 0.689156 0 0 0.870846 0.80528 
109800 0.0655831 0.116335 0.685561 0 0 0.867023 0.801685 
110000 0.0653777 0.116307 0.681966 0 0 0.8632 0.798091 
110200 0.0651722 0.116278 0.678371 0 0 0.859377 0.794495 
110400 0.0649668 0.11625 0.674776 0 0 0.855553 0.790901 
110600 0.0647576 0.11622 0.671189 0 0 0.851787 0.787314 
110800 0.0645484 0.11619 0.667603 0 0 0.848021 0.783727 
111000 0.0643391 0.11616 0.664016 0 0 0.844255 0.78014 
111200 0.0641299 0.11613 0.660429 0 0 0.840488 0.776553 
111400 0.0639207 0.1161 0.656842 0 0 0.836722 0.772966 
111600 0.0637114 0.11607 0.653255 0 0 0.832956 0.769379 
111800 0.0635022 0.116041 0.649668 0 0 0.82919 0.765792 
112000 0.0632929 0.116011 0.646081 0 0 0.825424 0.762205 
112200 0.0630837 0.115981 0.642494 0 0 0.821658 0.758619 
112400 0.0628745 0.115951 0.638907 0 0 0.817891 0.755032 
112600 0.062674 0.115919 0.635516 0 0 0.814296 0.751612 
112800 0.0624823 0.115885 0.632321 0 0 0.810873 0.74836 
113000 0.0622905 0.11585 0.629125 0 0 0.807449 0.745107 
113200 0.0620988 0.115816 0.62593 0 0 0.804025 0.741854 
113400 0.0619071 0.115782 0.622734 0 0 0.800601 0.738602 
113600 0.0617153 0.115748 0.619539 0 0 0.797177 0.735349 
113800 0.0615236 0.115713 0.616343 0 0 0.793754 0.732096 
114000 0.0613319 0.115679 0.613147 0 0 0.79033 0.728844 
114200 0.0611401 0.115645 0.609952 0 0 0.786906 0.725591 
114400 0.0609484 0.115611 0.606756 0 0 0.783482 0.722339 
114600 0.0607567 0.115576 0.603561 0 0 0.780058 0.719086 
114800 0.0605713 0.115546 0.600514 0 0 0.776791 0.715986 
115000 0.0603923 0.115518 0.597616 0 0 0.77368 0.713039 
115200 0.0602132 0.115491 0.594717 0 0 0.770568 0.710091 
115400 0.0600342 0.115464 0.591819 0 0 0.767457 0.707143 
115600 0.0598552 0.115437 0.588921 0 0 0.764346 0.704196 
115800 0.0596761 0.115409 0.586022 0 0 0.761235 0.701249 
116000 0.0594971 0.115382 0.583124 0 0 0.758124 0.698301 
116200 0.0593181 0.115355 0.580225 0 0 0.755012 0.695354 
116400 0.059139 0.115327 0.577327 0 0 0.751901 0.692406 
116600 0.05896 0.1153 0.574429 0 0 0.74879 0.689459 
116800 0.058781 0.115273 0.571531 0 0 0.745679 0.686511 
117000 0.058602 0.115245 0.568632 0 0 0.742568 0.683564 
117200 0.0584211 0.115217 0.565768 0 0 0.739486 0.680711 
117400 0.0582402 0.115188 0.562903 0 0 0.736405 0.677858 
117600 0.0580593 0.11516 0.560039 0 0 0.733323 0.675004 
117800 0.0578784 0.115131 0.557174 0 0 0.730242 0.672151 
118000 0.0576975 0.115103 0.554309 0 0 0.72716 0.669298 
118200 0.0575166 0.115074 0.551445 0 0 0.724079 0.666445 
118400 0.0573357 0.115046 0.54858 0 0 0.720998 0.663592 
118600 0.0571548 0.115017 0.545716 0 0 0.717916 0.660738 
118800 0.0569739 0.114989 0.542851 0 0 0.714835 0.657885 
119000 0.056793 0.11496 0.539986 0 0 0.711753 0.655032 
119200 0.0566122 0.114932 0.537122 0 0 0.708672 0.652179 
119400 0.0564516 0.1149 0.534642 0 0 0.706004 0.649658 
119600 0.056291 0.114869 0.532163 0 0 0.703336 0.647136 
119800 0.0561304 0.114837 0.529684 0 0 0.700669 0.644615 
120000 0.0559698 0.114806 0.527204 0 0 0.698001 0.642094 
120200 0.0558092 0.114775 0.524725 0 0 0.695333 0.639573 
120400 0.0556486 0.114743 0.522245 0 0 0.692665 0.637051 
120600 0.055488 0.114712 0.519766 0 0 0.689998 0.63453 
120800 0.0553274 0.114681 0.517286 0 0 0.68733 0.632009 
121000 0.0551669 0.114649 0.514807 0 0 0.684662 0.629488 
121200 0.0550063 0.114618 0.512328 0 0 0.681995 0.626966 
121400 0.0548457 0.114586 0.509848 0 0 0.679327 0.624445 
121600 0.0546851 0.114555 0.507369 0 0 0.676659 0.621924 
121800 0.0545303 0.114524 0.505025 0 0 0.674148 0.619549 
122000 0.0543754 0.114492 0.502682 0 0 0.671638 0.617174 
122200 0.0542206 0.114461 0.500339 0 0 0.669127 0.614799 
122400 0.0540658 0.114429 0.497995 0 0 0.666616 0.612425 
122600 0.053911 0.114398 0.495652 0 0 0.664105 0.61005 
122800 0.0537561 0.114367 0.493308 0 0 0.661594 0.607675 
123000 0.0536013 0.114335 0.490965 0 0 0.659084 0.6053 
123200 0.0534465 0.114304 0.488622 0 0 0.656573 0.602926 
123400 0.0532916 0.114273 0.486278 0 0 0.654062 0.600551 
123600 0.0531368 0.114241 0.483935 0 0 0.651551 0.598176 
123800 0.0529819 0.11421 0.481591 0 0 0.64904 0.595801 
124000 0.0528271 0.114178 0.479248 0 0 0.64653 0.593426 
124200 0.0526765 0.114147 0.47703 0 0 0.644108 0.591182 
124400 0.0525258 0.114116 0.474812 0 0 0.641686 0.588938 
124600 0.0523752 0.114084 0.472594 0 0 0.639264 0.586694 
124800 0.0522245 0.114053 0.470376 0 0 0.636842 0.58445 
125000 0.0520739 0.114021 0.468159 0 0 0.63442 0.582206 
125200 0.0519232 0.11399 0.465941 0 0 0.631998 0.579962 
125400 0.0517726 0.113959 0.463723 0 0 0.629577 0.577718 
125600 0.0516219 0.113927 0.461505 0 0 0.627155 0.575474 
125800 0.0514713 0.113896 0.459287 0 0 0.624733 0.57323 
126000 0.0513206 0.113865 0.457069 0 0 0.622311 0.570986 
126200 0.05117 0.113833 0.454851 0 0 0.619889 0.568742 
126400 0.0510194 0.113802 0.452634 0 0 0.617467 0.566498 
126600 0.0508739 0.11377 0.450546 0 0 0.615202 0.564374 
126800 0.0507285 0.113739 0.448459 0 0 0.612937 0.562251 
127000 0.0505831 0.113708 0.446372 0 0 0.610672 0.560127 
127200 0.0504377 0.113676 0.444285 0 0 0.608408 0.558003 
127400 0.0502923 0.113645 0.442198 0 0 0.606143 0.55588 
127600 0.0501469 0.113613 0.440111 0 0 0.603878 0.553756 
127800 0.0500014 0.113582 0.438024 0 0 0.601613 0.551632 
128000 0.049856 0.113551 0.435937 0 0 0.599348 0.549508 
128200 0.0497106 0.113519 0.43385 0 0 0.597083 0.547385 
128400 0.0495652 0.113488 0.431762 0 0 0.594818 0.545261 
128600 0.0494198 0.113457 0.429675 0 0 0.592553 0.543137 
128800 0.0492743 0.113425 0.427588 0 0 0.590288 0.541013 
129000 0.0491445 0.113396 0.425763 0 0 0.588303 0.539159 
129200 0.0490146 0.113367 0.423938 0 0 0.586319 0.537305 
129400 0.0488847 0.113338 0.422113 0 0 0.584334 0.535451 
129600 0.0487548 0.113309 0.420288 0 0 0.58235 0.533597 
129800 0.0486249 0.11328 0.418463 0 0 0.580365 0.531743 
130000 0.048495 0.113251 0.416637 0 0 0.578381 0.529889 
130200 0.0483652 0.113222 0.414812 0 0 0.576396 0.528035 
130400 0.0482353 0.113193 0.412987 0 0 0.574412 0.526181 
130600 0.0481054 0.113164 0.411162 0 0 0.572427 0.524326 
130800 0.0479755 0.113135 0.409337 0 0 0.570443 0.522472 
131000 0.0478456 0.113106 0.407512 0 0 0.568458 0.520618 
131200 0.0477157 0.113078 0.405686 0 0 0.566474 0.518764 
131400 0.0475858 0.113049 0.403861 0 0 0.564489 0.51691 
131600 0.0474553 0.113018 0.402069 0 0 0.562536 0.515087 
131800 0.0473247 0.112988 0.400276 0 0 0.560583 0.513264 
132000 0.0471942 0.112958 0.398483 0 0 0.558629 0.511441 
132200 0.0470636 0.112928 0.396691 0 0 0.556676 0.509619 
132400 0.046933 0.112898 0.394898 0 0 0.554722 0.507796 
132600 0.0468025 0.112868 0.393105 0 0 0.552769 0.505973 
132800 0.0466719 0.112838 0.391312 0 0 0.550816 0.50415 
133000 0.0465413 0.112807 0.38952 0 0 0.548862 0.502327 
133200 0.0464108 0.112777 0.387727 0 0 0.546909 0.500504 
133400 0.0462802 0.112747 0.385934 0 0 0.544955 0.498682 
133600 0.0461497 0.112717 0.384142 0 0 0.543002 0.496859 
133800 0.0460191 0.112687 0.382349 0 0 0.541049 0.495036 
134000 0.0458952 0.112656 0.380669 0 0 0.539214 0.493325 
134200 0.0457781 0.112623 0.379102 0 0 0.537498 0.491725 
134400 0.0456609 0.112591 0.377535 0 0 0.535783 0.490126 
134600 0.0455437 0.112558 0.375968 0 0 0.534067 0.488526 
134800 0.0454266 0.112525 0.374401 0 0 0.532351 0.486927 
135000 0.0453094 0.112493 0.372834 0 0 0.530636 0.485327 
135200 0.0451922 0.11246 0.371268 0 0 0.52892 0.483728 
135400 0.045075 0.112428 0.369701 0 0 0.527204 0.482128 
135600 0.0449579 0.112395 0.368134 0 0 0.525488 0.480529 
135800 0.0448407 0.112363 0.366567 0 0 0.523773 0.478929 
136000 0.0447235 0.11233 0.365 0 0 0.522057 0.47733 
136200 0.0446064 0.112298 0.363433 0 0 0.520341 0.475731 
136400 0.0444892 0.112265 0.361866 0 0 0.518626 0.474131 
136600 0.044372 0.112233 0.360299 0 0 0.51691 0.472532 
136800 0.0442547 0.112199 0.358764 0 0 0.515225 0.470967 
137000 0.0441374 0.112165 0.357228 0 0 0.51354 0.469403 
137200 0.04402 0.112131 0.355693 0 0 0.511855 0.467838 
137400 0.0439027 0.112097 0.354157 0 0 0.510169 0.466274 
137600 0.0437854 0.112064 0.352622 0 0 0.508484 0.464709 
137800 0.043668 0.11203 0.351086 0 0 0.506799 0.463145 
138000 0.0435507 0.111996 0.349551 0 0 0.505114 0.461581 
138200 0.0434334 0.111962 0.348015 0 0 0.503429 0.460016 
138400 0.043316 0.111928 0.34648 0 0 0.501744 0.458452 
138600 0.0431987 0.111895 0.344945 0 0 0.500059 0.456887 
138800 0.0430814 0.111861 0.343409 0 0 0.498373 0.455323 
139000 0.042964 0.111827 0.341874 0 0 0.496688 0.453759 
139200 0.0428467 0.111793 0.340338 0 0 0.495003 0.452194 
139400 0.042737 0.111765 0.338939 0 0 0.493464 0.450762 
139600 0.0426273 0.111737 0.337539 0 0 0.491925 0.44933 
139800 0.0425175 0.111709 0.33614 0 0 0.490386 0.447898 
140000 0.0424078 0.111682 0.33474 0 0 0.488847 0.446466 
140200 0.0422981 0.111654 0.333341 0 0 0.487308 0.445034 
140400 0.0421883 0.111626 0.331941 0 0 0.485769 0.443602 
140600 0.0420786 0.111598 0.330541 0 0 0.48423 0.44217 
140800 0.0419689 0.11157 0.329142 0 0 0.482691 0.440737 
141000 0.0418591 0.111542 0.327742 0 0 0.481152 0.439305 
141200 0.0417494 0.111514 0.326343 0 0 0.479613 0.437873 
141400 0.0416397 0.111486 0.324943 0 0 0.478074 0.436441 
141600 0.0415299 0.111458 0.323544 0 0 0.476535 0.435009 
141800 0.0414202 0.11143 0.322144 0 0 0.474996 0.433577 
142000 0.0413142 0.111401 0.32081 0 0 0.473525 0.432209 
142200 0.041212 0.111369 0.319541 0 0 0.472121 0.430904 
142400 0.0411098 0.111338 0.318272 0 0 0.470718 0.429599 
142600 0.0410076 0.111307 0.317004 0 0 0.469315 0.428295 
142800 0.0409053 0.111275 0.315735 0 0 0.467911 0.42699 
143000 0.0408031 0.111244 0.314466 0 0 0.466508 0.425685 
143200 0.0407009 0.111213 0.313197 0 0 0.465105 0.42438 
143400 0.0405987 0.111181 0.311928 0 0 0.463701 0.423076 
143600 0.0404964 0.11115 0.310659 0 0 0.462298 0.421771 
143800 0.0403942 0.111118 0.30939 0 0 0.460894 0.420466 
144000 0.040292 0.111087 0.308122 0 0 0.459491 0.419161 
144200 0.0401898 0.111056 0.306853 0 0 0.458088 0.417857 
144400 0.0400875 0.111024 0.305584 0 0 0.456684 0.416552 
144600 0.0399853 0.110993 0.304315 0 0 0.455281 0.415247 
144800 0.0398846 0.110961 0.303078 0 0 0.453914 0.413978 
145000 0.0397856 0.11093 0.301872 0 0 0.452582 0.412746 
145200 0.0396865 0.110899 0.300665 0 0 0.45125 0.411513 
145400 0.0395874 0.110867 0.299459 0 0 0.449919 0.41028 
145600 0.0394883 0.110836 0.298253 0 0 0.448587 0.409047 
145800 0.0393892 0.110805 0.297047 0 0 0.447255 0.407814 
146000 0.0392901 0.110773 0.295841 0 0 0.445924 0.406581 
146200 0.039191 0.110742 0.294635 0 0 0.444592 0.405348 
146400 0.039092 0.11071 0.293429 0 0 0.443261 0.404115 
146600 0.0389929 0.110679 0.292223 0 0 0.441929 0.402882 
146800 0.0388938 0.110648 0.291017 0 0 0.440597 0.401649 
147000 0.0387947 0.110616 0.289811 0 0 0.439266 0.400416 
147200 0.0386956 0.110585 0.288605 0 0 0.437934 0.399183 
147400 0.0385965 0.110553 0.287399 0 0 0.436603 0.39795 
147600 0.0385013 0.110523 0.286253 0 0 0.435332 0.396776 
147800 0.0384099 0.110493 0.285169 0 0 0.434121 0.395661 
148000 0.0383185 0.110462 0.284084 0 0 0.432911 0.394546 
148200 0.0382271 0.110432 0.282999 0 0 0.431701 0.393431 
148400 0.0381357 0.110402 0.281915 0 0 0.430491 0.392317 
148600 0.0380443 0.110372 0.28083 0 0 0.429281 0.391202 
148800 0.0379529 0.110342 0.279745 0 0 0.42807 0.390087 
149000 0.0378615 0.110312 0.278661 0 0 0.42686 0.388972 
149200 0.0377701 0.110282 0.277576 0 0 0.42565 0.387858 
149400 0.0376787 0.110252 0.276491 0 0 0.42444 0.386743 
149600 0.0375874 0.110221 0.275407 0 0 0.42323 0.385628 
149800 0.037496 0.110191 0.274322 0 0 0.422019 0.384513 
150000 0.0374046 0.110161 0.273237 0 0 0.420809 0.383398 
150200 0.0373073 0.11013 0.272076 0 0 0.419522 0.382206 
150400 0.03721 0.110098 0.270915 0 0 0.418236 0.381013 
150600 0.0371234 0.110069 0.269915 0 0 0.417118 0.379984 
150800 0.0370367 0.11004 0.268914 0 0 0.416001 0.378954 
151000 0.0369501 0.11001 0.267914 0 0 0.414884 0.377925 
151200 0.0368635 0.109981 0.266914 0 0 0.413766 0.376895 
151400 0.0367769 0.109952 0.265914 0 0 0.412649 0.375866 
151600 0.0366902 0.109923 0.264914 0 0 0.411532 0.374837 
151800 0.0366036 0.109893 0.263914 0 0 0.410415 0.373807 
152000 0.036517 0.109864 0.262914 0 0 0.409297 0.372778 
152200 0.0364304 0.109835 0.261914 0 0 0.40818 0.371748 
152400 0.0363438 0.109805 0.260913 0 0 0.407063 0.370719 
152600 0.0362571 0.109776 0.259913 0 0 0.405945 0.369689 
152800 0.0361705 0.109747 0.258913 0 0 0.404828 0.36866 
153000 0.0360839 0.109718 0.257913 0 0 0.403711 0.367631 
153200 0.0359973 0.109688 0.256913 0 0 0.402593 0.366601 
153400 0.0359106 0.109659 0.255913 0 0 0.401476 0.365572 
153600 0.035827 0.10963 0.254967 0 0 0.400417 0.364597 
153800 0.0357433 0.1096 0.254021 0 0 0.399359 0.363622 
154000 0.0356596 0.109571 0.253076 0 0 0.3983 0.362647 
154200 0.0355759 0.109542 0.25213 0 0 0.397241 0.361672 
154400 0.0354922 0.109513 0.251184 0 0 0.396182 0.360697 
154600 0.0354085 0.109483 0.250238 0 0 0.395124 0.359722 
154800 0.0353248 0.109454 0.249293 0 0 0.394065 0.358747 
155000 0.0352411 0.109425 0.248347 0 0 0.393006 0.357772 
155200 0.0351574 0.109395 0.247401 0 0 0.391948 0.356797 
155400 0.0350737 0.109366 0.246455 0 0 0.390889 0.355821 
155600 0.03499 0.109337 0.24551 0 0 0.38983 0.354846 
155800 0.0349063 0.109307 0.244564 0 0 0.388771 0.353871 
156000 0.0348226 0.109278 0.243618 0 0 0.387713 0.352896 
156200 0.0347389 0.109249 0.242673 0 0 0.386654 0.351921 
156400 0.0346552 0.10922 0.241727 0 0 0.385595 0.350946 
156600 0.0345745 0.109186 0.240835 0 0 0.384591 0.350022 
156800 0.0344937 0.109153 0.239944 0 0 0.383587 0.349097 
157000 0.034413 0.109119 0.239053 0 0 0.382582 0.348172 
157200 0.0343322 0.109086 0.238161 0 0 0.381578 0.347247 
157400 0.0342514 0.109052 0.23727 0 0 0.380574 0.346322 
157600 0.0341707 0.109019 0.236379 0 0 0.379569 0.345398 
157800 0.0340899 0.108985 0.235487 0 0 0.378565 0.344473 
158000 0.0340091 0.108952 0.234596 0 0 0.377561 0.343548 
158200 0.0339284 0.108918 0.233705 0 0 0.376556 0.342623 
158400 0.0338476 0.108885 0.232813 0 0 0.375552 0.341698 
158600 0.0337668 0.108851 0.231922 0 0 0.374548 0.340773 
158800 0.0336861 0.108818 0.231031 0 0 0.373544 0.339849 
159000 0.0336053 0.108784 0.230139 0 0 0.372539 0.338924 
159200 0.0335246 0.108751 0.229248 0 0 0.371535 0.337999 
159400 0.0334438 0.108717 0.228357 0 0 0.370531 0.337074 
159600 0.0333681 0.108689 0.227543 0 0 0.369611 0.336228 
159800 0.0332923 0.108661 0.226729 0 0 0.368692 0.335381 
160000 0.0332166 0.108632 0.225915 0 0 0.367773 0.334535 
160200 0.0331409 0.108604 0.225101 0 0 0.366853 0.333689 
160400 0.0330651 0.108576 0.224287 0 0 0.365934 0.332842 
160600 0.0329894 0.108547 0.223473 0 0 0.365015 0.331996 
160800 0.0329137 0.108519 0.222659 0 0 0.364096 0.33115 
161000 0.032838 0.108491 0.221845 0 0 0.363176 0.330303 
161200 0.0327622 0.108462 0.221031 0 0 0.362257 0.329457 
161400 0.0326865 0.108434 0.220217 0 0 0.361338 0.32861 
161600 0.0326108 0.108406 0.219403 0 0 0.360419 0.327764 
161800 0.032535 0.108377 0.218589 0 0 0.359499 0.326918 
162000 0.0324593 0.108349 0.217775 0 0 0.35858 0.326071 
162200 0.0323836 0.108321 0.216961 0 0 0.357661 0.325225 
162400 0.0323079 0.108292 0.216147 0 0 0.356741 0.324378 
162600 0.0322347 0.108262 0.215367 0 0 0.355858 0.323569 
162800 0.0321641 0.108231 0.214622 0 0 0.355011 0.322796 
163000 0.0320935 0.1082 0.213877 0 0 0.354163 0.322023 
163200 0.0320228 0.108168 0.213131 0 0 0.353316 0.32125 
163400 0.0319522 0.108137 0.212386 0 0 0.352469 0.320477 
163600 0.0318816 0.108105 0.21164 0 0 0.351621 0.319705 
163800 0.031811 0.108074 0.210895 0 0 0.350774 0.318932 
164000 0.0317404 0.108043 0.21015 0 0 0.349926 0.318159 
164200 0.0316698 0.108011 0.209404 0 0 0.349079 0.317386 
164400 0.0315991 0.10798 0.208659 0 0 0.348232 0.316613 
164600 0.0315285 0.107948 0.207913 0 0 0.347384 0.31584 
164800 0.0314579 0.107917 0.207168 0 0 0.346537 0.315067 
165000 0.0313873 0.107886 0.206423 0 0 0.345689 0.314295 
165200 0.0313167 0.107854 0.205677 0 0 0.344842 0.313522 
165400 0.0312461 0.107823 0.204932 0 0 0.343995 0.312749 
165600 0.0311754 0.107792 0.204186 0 0 0.343147 0.311976 
165800 0.0311068 0.107761 0.203471 0 0 0.342334 0.311234 
166000 0.0310403 0.10773 0.202787 0 0 0.341554 0.310523 
166200 0.0309737 0.1077 0.202102 0 0 0.340774 0.309811 
166400 0.0309071 0.107669 0.201417 0 0 0.339994 0.3091 
166600 0.0308405 0.107639 0.200732 0 0 0.339214 0.308388 
166800 0.030774 0.107608 0.200048 0 0 0.338434 0.307677 
167000 0.0307074 0.107578 0.199363 0 0 0.337654 0.306966 
167200 0.0306408 0.107548 0.198678 0 0 0.336874 0.306254 
167400 0.0305743 0.107517 0.197993 0 0 0.336095 0.305543 
167600 0.0305077 0.107487 0.197309 0 0 0.335315 0.304831 
167800 0.0304411 0.107456 0.196624 0 0 0.334535 0.30412 
168000 0.0303745 0.107426 0.195939 0 0 0.333755 0.303409 
168200 0.030308 0.107395 0.195254 0 0 0.332975 0.302697 
168400 0.0302414 0.107365 0.194569 0 0 0.332195 0.301986 
168600 0.0301748 0.107335 0.193885 0 0 0.331415 0.301274 
168800 0.0301082 0.107304 0.1932 0 0 0.330636 0.300563 
169000 0.0300417 0.107274 0.192515 0 0 0.329856 0.299852 
169200 0.0299774 0.107247 0.191872 0 0 0.329118 0.299175 
169400 0.0299131 0.10722 0.191229 0 0 0.32838 0.298497 
169600 0.0298488 0.107194 0.190586 0 0 0.327642 0.29782 
169800 0.0297845 0.107167 0.189944 0 0 0.326904 0.297143 
170000 0.0297202 0.107141 0.189301 0 0 0.326166 0.296466 
170200 0.0296559 0.107114 0.188658 0 0 0.325428 0.295789 
170400 0.0295916 0.107087 0.188015 0 0 0.32469 0.295112 
170600 0.0295273 0.107061 0.187372 0 0 0.323952 0.294434 
170800 0.029463 0.107034 0.186729 0 0 0.323213 0.293757 
171000 0.0293987 0.107007 0.186086 0 0 0.322475 0.29308 
171200 0.0293345 0.106981 0.185443 0 0 0.321737 0.292403 
171400 0.0292702 0.106954 0.1848 0 0 0.320999 0.291726 
171600 0.0292059 0.106928 0.184157 0 0 0.320261 0.291049 
171800 0.0291416 0.106901 0.183514 0 0 0.319523 0.290372 
172000 0.0290773 0.106874 0.182871 0 0 0.318785 0.289694 
172200 0.029013 0.106848 0.182229 0 0 0.318047 0.289017 
172400 0.0289498 0.106819 0.181603 0 0 0.317328 0.288359 
172600 0.0288878 0.106789 0.180994 0 0 0.316628 0.28772 
172800 0.0288258 0.106758 0.180385 0 0 0.315928 0.287081 
173000 0.0287638 0.106728 0.179777 0 0 0.315228 0.286442 
173200 0.0287018 0.106697 0.179168 0 0 0.314528 0.285803 
173400 0.0286398 0.106667 0.178559 0 0 0.313828 0.285164 
173600 0.0285778 0.106637 0.177951 0 0 0.313128 0.284524 
173800 0.0285158 0.106606 0.177342 0 0 0.312428 0.283885 
174000 0.0284538 0.106576 0.176733 0 0 0.311728 0.283246 
174200 0.0283918 0.106545 0.176125 0 0 0.311029 0.282607 
174400 0.0283298 0.106515 0.175516 0 0 0.310329 0.281968 
174600 0.0282677 0.106484 0.174907 0 0 0.309629 0.281329 
174800 0.0282057 0.106454 0.174299 0 0 0.308929 0.28069 
175000 0.0281437 0.106423 0.17369 0 0 0.308229 0.280051 
175200 0.0280817 0.106393 0.173081 0 0 0.307529 0.279412 
175400 0.0280197 0.106363 0.172473 0 0 0.306829 0.278772 
175600 0.0279577 0.106332 0.171864 0 0 0.306129 0.278133 
175800 0.0279014 0.106303 0.171319 0 0 0.305501 0.277563 
176000 0.0278451 0.106275 0.170774 0 0 0.304873 0.276993 
176200 0.0277888 0.106246 0.170228 0 0 0.304246 0.276422 
176400 0.0277324 0.106217 0.169683 0 0 0.303618 0.275852 
176600 0.0276761 0.106189 0.169138 0 0 0.30299 0.275282 
176800 0.0276198 0.10616 0.168593 0 0 0.302362 0.274711 
177000 0.0275635 0.106131 0.168047 0 0 0.301735 0.274141 
177200 0.0275072 0.106103 0.167502 0 0 0.301107 0.273571 
177400 0.0274509 0.106074 0.166957 0 0 0.300479 0.273001 
177600 0.0273946 0.106045 0.166412 0 0 0.299852 0.27243 
177800 0.0273383 0.106017 0.165867 0 0 0.299224 0.27186 
178000 0.0272819 0.105988 0.165321 0 0 0.298596 0.27129 
178200 0.0272256 0.105959 0.164776 0 0 0.297969 0.270719 
178400 0.0271693 0.10593 0.164231 0 0 0.297341 0.270149 
178600 0.027113 0.105902 0.163686 0 0 0.296713 0.269579 
178800 0.0270567 0.105873 0.163141 0 0 0.296085 0.269008 
179000 0.0270004 0.105844 0.162595 0 0 0.295458 0.268438 
179200 0.0269448 0.105816 0.162068 0 0 0.294846 0.267884 
179400 0.0268899 0.105787 0.161559 0 0 0.294251 0.267346 
179600 0.026835 0.105758 0.16105 0 0 0.293655 0.266808 
179800 0.0267801 0.10573 0.16054 0 0 0.29306 0.26627 
180000 0.0267253 0.105701 0.160031 0 0 0.292465 0.265732 
180200 0.0266704 0.105672 0.159522 0 0 0.291869 0.265194 
180400 0.0266155 0.105643 0.159012 0 0 0.291274 0.264656 
180600 0.0265606 0.105615 0.158503 0 0 0.290678 0.264118 
180800 0.0265057 0.105586 0.157994 0 0 0.290083 0.26358 
181000 0.0264509 0.105557 0.157484 0 0 0.289487 0.263042 
181200 0.026396 0.105529 0.156975 0 0 0.288892 0.262504 
181400 0.0263411 0.1055 0.156466 0 0 0.288297 0.261966 
181600 0.0262862 0.105471 0.155956 0 0 0.287701 0.261428 
181800 0.0262313 0.105443 0.155447 0 0 0.287106 0.26089 
182000 0.0261765 0.105414 0.154938 0 0 0.28651 0.260351 
182200 0.0261216 0.105385 0.154428 0 0 0.285915 0.259813 
182400 0.0260667 0.105357 0.153919 0 0 0.28532 0.259275 
182600 0.0260118 0.105328 0.15341 0 0 0.284724 0.258737 
182800 0.0259591 0.105299 0.152925 0 0 0.284161 0.258224 
183000 0.0259064 0.10527 0.152441 0 0 0.283598 0.257712 
183200 0.0258537 0.105242 0.151957 0 0 0.283035 0.257199 
183400 0.0258009 0.105213 0.151473 0 0 0.282472 0.256686 
183600 0.0257482 0.105184 0.150988 0 0 0.281908 0.256173 
183800 0.0256955 0.105156 0.150504 0 0 0.281345 0.25566 
184000 0.0256427 0.105127 0.15002 0 0 0.280782 0.255147 
184200 0.02559 0.105098 0.149536 0 0 0.280219 0.254634 
184400 0.0255373 0.10507 0.149052 0 0 0.279656 0.254121 
184600 0.0254846 0.105041 0.148567 0 0 0.279093 0.253608 
184800 0.0254318 0.105012 0.148083 0 0 0.27853 0.253095 
185000 0.0253791 0.104984 0.147599 0 0 0.277966 0.252582 
185200 0.0253264 0.104955 0.147115 0 0 0.277403 0.252069 
185400 0.0252737 0.104926 0.14663 0 0 0.27684 0.251557 
185600 0.0252209 0.104897 0.146146 0 0 0.276277 0.251044 
185800 0.0251682 0.104869 0.145662 0 0 0.275714 0.250531 
186000 0.0251155 0.10484 0.145178 0 0 0.275151 0.250018 
186200 0.025065 0.104812 0.14472 0 0 0.274615 0.249531 
186400 0.0250168 0.104785 0.144289 0 0 0.274106 0.249069 
186600 0.0249687 0.104758 0.143858 0 0 0.273597 0.248608 
186800 0.0249205 0.104731 0.143427 0 0 0.273088 0.248146 
187000 0.0248723 0.104704 0.142997 0 0 0.272579 0.247685 
187200 0.0248241 0.104676 0.142566 0 0 0.27207 0.247223 
187400 0.0247759 0.104649 0.142135 0 0 0.271561 0.246762 
187600 0.0247278 0.104622 0.141704 0 0 0.271052 0.2463 
187800 0.0246796 0.104595 0.141273 0 0 0.270543 0.245839 
188000 0.0246314 0.104568 0.140842 0 0 0.270034 0.245378 
188200 0.0245832 0.104541 0.140411 0 0 0.269525 0.244916 
188400 0.024535 0.104514 0.13998 0 0 0.269016 0.244455 
188600 0.0244869 0.104486 0.139549 0 0 0.268507 0.243993 
188800 0.0244387 0.104459 0.139118 0 0 0.267998 0.243532 
189000 0.0243905 0.104432 0.138687 0 0 0.26749 0.24307 
189200 0.0243423 0.104405 0.138257 0 0 0.266981 0.242609 
189400 0.0242941 0.104378 0.137826 0 0 0.266472 0.242147 
189600 0.024246 0.104351 0.137395 0 0 0.265963 0.241686 
189800 0.0241978 0.104324 0.136964 0 0 0.265454 0.241225 
190000 0.0241513 0.104293 0.136557 0 0 0.264972 0.24079 
190200 0.0241048 0.104262 0.13615 0 0 0.26449 0.240356 
190400 0.0240583 0.104232 0.135742 0 0 0.264008 0.239922 
190600 0.0240119 0.104201 0.135335 0 0 0.263527 0.239487 
190800 0.0239654 0.104171 0.134928 0 0 0.263045 0.239053 
191000 0.0239189 0.10414 0.134521 0 0 0.262563 0.238619 
191200 0.0238724 0.10411 0.134114 0 0 0.262081 0.238185 
191400 0.0238259 0.104079 0.133707 0 0 0.261599 0.23775 
191600 0.0237794 0.104049 0.133299 0 0 0.261118 0.237316 
191800 0.0237329 0.104018 0.132892 0 0 0.260636 0.236882 
192000 0.0236865 0.103988 0.132485 0 0 0.260154 0.236447 
192200 0.02364 0.103957 0.132078 0 0 0.259672 0.236013 
192400 0.0235935 0.103927 0.131671 0 0 0.25919 0.235579 
192600 0.023547 0.103896 0.131264 0 0 0.258709 0.235144 
192800 0.0235005 0.103865 0.130857 0 0 0.258227 0.23471 
193000 0.023454 0.103835 0.130449 0 0 0.257745 0.234276 
193200 0.0234076 0.103804 0.130042 0 0 0.257263 0.233842 
193400 0.0233611 0.103774 0.129635 0 0 0.256781 0.233407 
193600 0.0233159 0.103745 0.129243 0 0 0.256317 0.232989 
193800 0.0232719 0.103719 0.128867 0 0 0.255871 0.232586 
194000 0.023228 0.103693 0.12849 0 0 0.255425 0.232182 
194200 0.0231841 0.103666 0.128113 0 0 0.254979 0.231779 
194400 0.0231401 0.10364 0.127737 0 0 0.254533 0.231376 
194600 0.0230962 0.103613 0.12736 0 0 0.254087 0.230973 
194800 0.0230522 0.103587 0.126983 0 0 0.253641 0.23057 
195000 0.0230083 0.10356 0.126607 0 0 0.253195 0.230167 
195200 0.0229644 0.103534 0.12623 0 0 0.25275 0.229764 
195400 0.0229204 0.103508 0.125854 0 0 0.252303 0.229361 
195600 0.0228765 0.103481 0.125477 0 0 0.251857 0.228958 
195800 0.0228325 0.103455 0.1251 0 0 0.251411 0.228555 
196000 0.0227886 0.103428 0.124724 0 0 0.250966 0.228152 
196200 0.0227447 0.103402 0.124347 0 0 0.25052 0.227749 
196400 0.0227007 0.103375 0.12397 0 0 0.250074 0.227346 
196600 0.0226568 0.103349 0.123594 0 0 0.249628 0.226943 
196800 0.0226128 0.103323 0.123217 0 0 0.249182 0.22654 
197000 0.0225689 0.103296 0.122841 0 0 0.248736 0.226137 
197200 0.022525 0.10327 0.122464 0 0 0.24829 0.225734 
197400 0.0224818 0.103242 0.122099 0 0 0.247853 0.225342 
197600 0.0224395 0.103215 0.121746 0 0 0.247425 0.22496 
197800 0.0223972 0.103187 0.121392 0 0 0.246997 0.224579 
198000 0.0223549 0.103159 0.121039 0 0 0.246569 0.224198 
198200 0.0223126 0.103131 0.120686 0 0 0.246142 0.223816 
198400 0.0222703 0.103103 0.120332 0 0 0.245714 0.223435 
198600 0.022228 0.103075 0.119979 0 0 0.245286 0.223054 
198800 0.0221857 0.103047 0.119625 0 0 0.244858 0.222673 
199000 0.0221434 0.103019 0.119272 0 0 0.244431 0.222291 
199200 0.022101 0.102991 0.118919 0 0 0.244003 0.22191 
199400 0.0220587 0.102964 0.118565 0 0 0.243575 0.221529 
199600 0.0220164 0.102936 0.118212 0 0 0.243147 0.221148 
199800 0.0219741 0.102908 0.117859 0 0 0.242719 0.220766 
200000 0.0219318 0.10288 0.117505 0 0 0.242292 0.220385 
