1000 12.5093 0.00358655 5196.71 0 0 5208.34 5196.71 
1200 12.3131 0.00475203 3634.5 0 0 3646.13 3634.5 
1400 12.1151 0.00598124 2684.98 0 0 2697.03 2684.98 
1600 11.8982 0.00721687 2045.31 0 0 2057.22 2045.31 
1800 11.6694 0.00842826 1594.06 0 0 1605.68 1594.06 
2000 11.4368 0.00962031 1273.89 0 0 1285.23 1273.89 
2200 11.205 0.0107829 1032.46 0 0 1043.74 1032.46 
2400 10.9737 0.0119225 852.477 0 0 863.435 852.477 
2600 10.7405 0.0130461 2420.73 0 0 2431.49 2420.73 
2800 10.5018 0.0141593 2166.39 0 0 2176.86 2166.39 
3000 10.2684 0.0152472 1954.58 0 0 1964.75 1954.58 
3200 10.0423 0.0163132 1923.71 0 0 1933.59 1923.71 
3400 9.82028 0.0173468 1657.71 0 0 1667.38 1657.71 
3600 9.60196 0.0183647 1527.9 0 0 1537.49 1527.9 
3800 9.38862 0.0193699 1343.75 0 0 1353.05 1343.75 
4000 9.17853 0.0203712 1241.92 0 0 1251.22 1241.92 
4200 8.97374 0.0213528 1103.48 0 0 1112.49 1103.48 
4400 8.77338 0.0223214 985.573 0 0 994.409 985.573 
4600 8.57971 0.0232756 884.41 0 0 893.129 884.41 
4800 8.39126 0.0242207 797.508 0 0 805.909 797.771 
5000 8.20778 0.0251552 722.25 0 0 730.388 722.25 
5200 8.02807 0.0260814 655.586 0 0 663.724 655.586 
5400 7.85449 0.0270025 596.87 0 0 604.956 596.87 
5600 7.68548 0.0279116 545.584 0 0 553.141 545.584 
5800 7.52231 0.0288114 500.271 0 0 507.828 500.271 
6000 7.36201 0.0297038 459.799 0 0 467.065 459.799 
6200 7.20836 0.0305917 423.5 0 0 430.766 423.589 
6400 7.05556 0.0314512 390.703 0 0 397.969 390.718 
6600 6.91079 0.0323266 361.752 0 0 368.571 361.886 
6800 6.77012 0.0331791 335.51 0 0 342.219 335.534 
7000 6.63107 0.0340047 311.848 0 0 318.656 311.971 
7200 6.49841 0.0348397 290.441 0 0 296.837 290.442 
7400 6.36837 0.0356606 271.107 0 0 277.507 271.136 
7600 6.24152 0.0364875 253.388 0 0 259.675 253.441 
7800 6.12067 0.0372737 237.384 0 0 243.556 237.438 
8000 6.0018 0.0380744 222.633 0 0 228.679 222.662 
8200 5.888 0.0388499 209.072 0 0 215.001 209.108 
8400 5.77565 0.0396399 196.479 0 0 202.293 196.508 
8600 5.66611 0.0403882 184.99 0 0 190.697 185.042 
8800 5.56022 0.0411479 174.412 0 0 180.016 174.453 
9000 5.45747 0.0418895 164.644 0 0 170.146 164.702 
9200 5.35735 0.0426143 155.634 0 0 161.038 155.672 
9400 5.26056 0.0433241 147.267 0 0 152.574 147.319 
9600 5.1655 0.0440212 139.492 0 0 144.704 139.55 
9800 5.07254 0.0447307 132.296 0 0 137.415 132.354 
10000 4.98164 0.0453986 125.616 0 0 130.644 125.674 
10200 4.89444 0.046038 119.455 0 0 124.396 119.513 
10400 4.806 0.0467369 113.319 0 0 118.169 113.376 
10600 4.72296 0.0473459 108.032 0 0 112.799 108.061 
10800 4.64269 0.0479549 102.967 0 0 107.678 103.024 
11000 4.56242 0.0485638 98.1643 0 0 102.768 98.2224 
11200 4.48214 0.0491977 93.5749 0 0 98.1172 93.633 
11400 4.40722 0.0497873 89.3637 0 0 93.8304 89.4219 
11600 4.33375 0.0503496 85.5024 0 0 89.8924 85.5605 
11800 4.26005 0.0509367 81.7449 0 0 86.057 81.803 
12000 4.18915 0.0515069 78.2462 0 0 82.4823 78.2922 
12200 4.1212 0.0520543 74.9962 0 0 79.1663 75.0329 
12400 4.05378 0.0526286 71.7995 0 0 75.9162 71.8576 
12600 3.99101 0.0531634 68.9628 0 0 73.0097 69.021 
12800 3.92369 0.0537183 66.1506 0 0 70.1469 66.2087 
13000 3.86266 0.0542471 63.5897 0 0 67.5037 63.6478 
13200 3.80062 0.0547953 152.893 0 0 156.729 152.941 
13400 3.74059 0.0553285 146.833 0 0 150.608 146.866 
13600 3.68246 0.0558427 141.02 0 0 144.773 141.075 
13800 3.62616 0.0563408 135.647 0 0 139.341 135.705 
14000 3.57018 0.0568467 130.49 0 0 134.12 130.549 
14200 3.51482 0.0573575 125.535 0 0 129.104 125.593 
14400 3.46292 0.057835 120.927 0 0 124.454 120.985 
14600 3.41102 0.0582969 116.505 0 0 119.975 116.563 
14800 3.3592 0.058752 112.254 0 0 115.669 112.312 
15000 3.30753 0.0592042 108.207 0 0 111.578 108.265 
15200 3.25812 0.0596401 104.457 0 0 107.771 104.516 
15400 3.21103 0.0600819 140.77 0 0 144.037 140.829 
15600 3.16453 0.0605469 136.469 0 0 139.697 136.527 
15800 3.11803 0.0609899 132.41 0 0 135.592 132.469 
16000 3.07445 0.0614187 148.453 0 0 151.599 148.512 
16200 3.02945 0.0618687 143.784 0 0 146.874 143.842 
16400 2.98604 0.0623028 139.307 0 0 142.355 139.365 
16600 2.94348 0.0627262 135.001 0 0 138.014 135.06 
16800 2.90226 0.0631314 131.021 0 0 133.997 131.079 
17000 2.86162 0.0635251 127.166 0 0 130.107 127.235 
17200 2.82128 0.0639126 123.378 0 0 126.285 123.466 
17400 2.78147 0.0643177 119.785 0 0 122.639 119.854 
17600 2.74269 0.064709 116.316 0 0 119.123 116.374 
17800 2.70582 0.0650743 113.077 0 0 115.851 113.135 
18000 2.66925 0.0654497 109.938 0 0 112.679 109.996 
18200 2.63288 0.0658317 106.866 0 0 109.574 106.924 
18400 2.59707 0.0661995 103.92 0 0 106.581 103.978 
18600 2.5616 0.066563 101.025 0 0 103.638 101.084 
18800 2.5283 0.0669086 98.3861 0 0 100.967 98.4442 
19000 2.49519 0.0672542 95.7782 0 0 98.328 95.8363 
19200 2.46267 0.0675998 93.2645 0 0 95.7829 93.3226 
19400 2.4304 0.0679455 90.8011 0 0 93.288 90.8592 
19600 2.3985 0.0682911 88.4131 0 0 90.8686 88.4712 
19800 2.36775 0.0686323 86.1422 0 0 88.5733 86.2003 
20000 2.33794 0.0689698 83.967 0 0 86.3794 84.0251 
20200 2.30888 0.0693119 81.8252 0 0 84.2107 81.8833 
20400 2.27981 0.0696398 79.7087 0 0 82.0495 79.7668 
20600 2.25169 0.0699623 77.6927 0 0 79.999 77.7509 
20800 2.22408 0.070282 75.7309 0 0 78.0081 75.789 
21000 2.19727 0.0705967 73.8555 0 0 76.1133 73.9228 
21200 2.1709 0.0709086 72.0265 0 0 74.2701 72.108 
21400 2.14524 0.0712244 70.2818 0 0 72.5032 70.369 
21600 2.12005 0.0715427 68.5933 0 0 70.787 68.6805 
21800 2.09514 0.0718541 66.9464 0 0 69.1193 67.0336 
22000 2.07051 0.0721586 65.3409 0 0 67.5 65.4281 
22200 2.04632 0.0724602 63.7828 0 0 65.9228 63.87 
22400 2.02279 0.0727576 62.2958 0 0 64.4087 62.383 
22600 1.99954 0.0730566 60.8371 0 0 62.9198 60.9209 
22800 1.97708 0.0733605 59.4631 0 0 61.5062 59.5338 
23000 1.95466 0.0736634 58.0933 0 0 60.098 58.152 
23200 1.93309 0.0739476 56.8015 0 0 58.7934 56.8732 
23400 1.91152 0.0742317 55.5098 0 0 57.4887 55.5944 
23600 1.89083 0.074511 54.3011 0 0 56.2573 54.3782 
23800 1.87036 0.074789 53.1133 0 0 55.0442 53.1777 
24000 1.85023 0.075064 51.9628 0 0 53.8749 52.0209 
24200 1.83044 0.0753361 50.8497 0 0 52.7494 50.9078 
24400 1.8108 0.0756092 49.7473 0 0 51.6347 49.8073 
24600 1.79203 0.0758877 48.7059 0 0 50.5811 48.7779 
24800 1.77326 0.0761663 47.6644 0 0 49.5275 47.7486 
25000 1.75467 0.0764357 46.6683 0 0 48.5103 46.7555 
25200 1.73614 0.0767021 45.6874 0 0 47.5051 45.7746 
25400 1.71808 0.0769648 44.7365 0 0 46.5344 44.8237 
25600 1.70087 0.0772206 43.8413 0 0 45.6276 43.9285 
25800 1.68367 0.0774764 42.9461 0 0 44.7208 43.0333 
26000 1.66666 0.0777222 42.0905 0 0 43.8436 42.1777 
26200 1.64968 0.0779664 41.2418 0 0 42.9717 41.329 
26400 1.63309 0.0782112 40.4163 0 0 42.1272 40.5035 
26600 1.61722 0.0784571 39.6338 0 0 41.3335 39.721 
26800 1.60135 0.078703 38.8513 0 0 40.5398 38.9385 
27000 1.58564 0.0789489 38.1023 0 0 39.7713 38.1895 
27200 1.56999 0.0791949 37.3645 0 0 39.0111 37.4517 
27400 1.55449 0.0794378 36.6357 0 0 38.2617 36.7229 
27600 1.53985 0.0796639 35.9575 0 0 37.5727 36.0447 
27800 1.52521 0.0798899 35.2793 0 0 36.8838 35.3665 
28000 1.51072 0.080116 34.6205 0 0 36.2094 34.7029 
28200 1.4964 0.080342 33.9854 0 0 35.5527 34.057 
28400 1.48208 0.0805681 33.3503 0 0 34.8961 33.4111 
28600 1.46838 0.0807881 32.7478 0 0 34.2804 32.8137 
28800 1.45489 0.0810061 32.1561 0 0 33.6784 32.2324 
29000 1.4414 0.0812241 31.5644 0 0 33.0763 31.6511 
29200 1.42842 0.0814384 31.0117 0 0 32.5134 31.0989 
29400 1.41547 0.0816526 30.461 0 0 31.9525 30.5482 
29600 1.40254 0.0818661 29.9126 0 0 31.3937 29.9996 
29800 1.3898 0.0820737 29.3853 0 0 30.8539 29.4695 
30000 1.37707 0.0822813 28.858 0 0 30.3142 28.9394 
30200 1.3645 0.0824783 28.3435 0 0 29.7829 28.4251 
30400 1.35258 0.0826852 27.8548 0 0 29.2853 27.9374 
30600 1.34066 0.0828921 27.3661 0 0 28.7878 27.4497 
30800 1.32885 0.0830951 26.8875 0 0 28.2994 26.9718 
31000 1.31732 0.0832888 26.4321 0 0 27.8324 26.5164 
31200 1.3058 0.0834826 25.9768 0 0 27.3655 26.0611 
31400 1.29443 0.0836717 25.5326 0 0 26.9101 25.6169 
31600 1.28346 0.0838498 25.1144 0 0 26.4816 25.1987 
31800 1.2725 0.084028 24.6963 0 0 26.0531 24.7806 
32000 1.2616 0.084208 24.2823 0 0 25.6286 24.3665 
32200 1.25101 0.0843955 23.8847 0 0 25.2198 23.969 
32400 1.24041 0.084583 23.4872 0 0 24.8111 23.5715 
32600 1.22986 0.084769 23.0928 0 0 24.4056 23.1772 
32800 1.21969 0.0849416 22.7268 0 0 24.0305 22.8121 
33000 1.20951 0.0851142 22.3608 0 0 23.6554 22.447 
33200 1.19934 0.0852867 21.9947 0 0 23.2803 22.0819 
33400 1.18955 0.0854569 21.6507 0 0 22.9265 21.7379 
33600 1.1798 0.0856268 21.3091 0 0 22.575 21.3963 
33800 1.17006 0.0857967 20.9675 0 0 22.2236 21.0546 
34000 1.16052 0.0859593 20.6406 0 0 21.887 20.7273 
34200 1.1511 0.0861178 20.3218 0 0 21.5585 20.4076 
34400 1.14167 0.0862763 20.003 0 0 21.23 20.0879 
34600 1.13243 0.0864362 19.6925 0 0 20.9102 19.7771 
34800 1.12354 0.0865986 19.3976 0 0 20.6068 19.4831 
35000 1.11465 0.086761 19.1027 0 0 20.3033 19.189 
35200 1.10576 0.0869235 18.8078 0 0 19.9998 18.8949 
35400 1.09704 0.0870778 18.5275 0 0 19.711 18.6147 
35600 1.08832 0.0872316 18.2479 0 0 19.4229 18.3351 
35800 1.0796 0.0873855 17.9684 0 0 19.1348 18.0556 
36000 1.07113 0.0875313 17.703 0 0 18.8611 17.7902 
36200 1.06286 0.0876705 17.4492 0 0 18.5991 17.5364 
36400 1.05459 0.0878097 17.1954 0 0 18.3371 17.2826 
36600 1.04632 0.0879488 16.9416 0 0 18.0751 17.0288 
36800 1.03829 0.0880962 16.7001 0 0 17.8263 16.7881 
37000 1.03027 0.0882436 16.4586 0 0 17.5774 16.5474 
37200 1.02225 0.0883909 16.2171 0 0 17.3285 16.3067 
37400 1.01439 0.0885329 15.9839 0 0 17.0877 16.074 
37600 1.00675 0.0886683 15.7609 0 0 16.8567 15.851 
37800 0.999106 0.0888037 15.538 0 0 16.6258 15.6281 
38000 0.991462 0.088939 15.315 0 0 16.3949 15.4051 
38200 0.984105 0.0890653 15.1061 0 0 16.1788 15.1956 
38400 0.976819 0.0891893 14.9007 0 0 15.9665 14.9894 
38600 0.969534 0.0893133 14.6953 0 0 15.7541 14.7833 
38800 0.962256 0.0894377 14.4904 0 0 15.5422 14.5777 
39000 0.955126 0.0895695 14.2943 0 0 15.3391 14.3823 
39200 0.947995 0.0897012 14.0982 0 0 15.1361 14.187 
39400 0.940865 0.089833 13.9022 0 0 14.933 13.9917 
39600 0.933826 0.0899593 13.7107 0 0 14.7348 13.8008 
39800 0.927002 0.0900731 13.53 0 0 14.5477 13.6201 
40000 0.920179 0.0901868 13.3493 0 0 14.3607 13.4394 
40200 0.913457 0.0902958 13.1731 0 0 14.1772 13.2632 
40400 0.906835 0.0904083 12.9997 0 0 13.9968 13.0898 
40600 0.90036 0.090526 12.8304 0 0 13.821 12.9205 
40800 0.893884 0.0906437 12.6612 0 0 13.6451 12.7513 
41000 0.887409 0.0907615 12.4919 0 0 13.4692 12.582 
41200 0.881003 0.0908753 12.3276 0 0 13.2986 12.4177 
41400 0.874682 0.0909843 12.1692 0 0 13.1344 12.2593 
41600 0.86836 0.0910932 12.0108 0 0 12.9702 12.1009 
41800 0.862039 0.0912022 11.8524 0 0 12.806 11.9425 
42000 0.855851 0.09131 11.6992 0 0 12.6468 11.7893 
42200 0.849825 0.0914164 11.5525 0 0 12.4936 11.6426 
42400 0.843799 0.0915227 11.4058 0 0 12.3405 11.4959 
42600 0.837774 0.091629 11.259 0 0 12.1874 11.3491 
42800 0.831847 0.0917349 11.1156 0 0 12.0379 11.2057 
43000 0.826105 0.09184 10.9783 0 0 11.895 11.0684 
43200 0.820362 0.091945 10.8411 0 0 11.7521 10.9312 
43400 0.814619 0.0920501 10.7038 0 0 11.6093 10.7939 
43600 0.80893 0.092153 10.5687 0 0 11.4687 10.6589 
43800 0.803455 0.0922477 10.4423 0 0 11.3376 10.5332 
44000 0.79798 0.0923423 10.3159 0 0 11.2065 10.4075 
44200 0.792505 0.0924369 10.1895 0 0 11.0754 10.2818 
44400 0.78703 0.0925316 10.0631 0 0 10.9442 10.156 
44600 0.781677 0.0926201 9.9434 0 0 10.8186 10.0358 
44800 0.776337 0.092708 9.82444 0 0 10.6935 9.91616 
45000 0.770997 0.0927958 9.70548 0 0 10.5685 9.79652 
45200 0.765657 0.0928837 9.58652 0 0 10.4434 9.67689 
45400 0.760465 0.0929737 9.4731 0 0 10.3248 9.56359 
45600 0.75537 0.0930652 9.36337 0 0 10.2105 9.45452 
45800 0.750276 0.0931566 9.25364 0 0 10.0963 9.34544 
46000 0.745182 0.093248 9.14392 0 0 9.98195 9.23637 
46200 0.740125 0.0933383 9.03525 0 0 9.86862 9.12825 
46400 0.735281 0.0934223 8.93255 0 0 9.76076 9.02556 
46600 0.730437 0.0935063 8.82986 0 0 9.6529 8.92286 
46800 0.725592 0.0935902 8.72716 0 0 9.54504 8.82017 
47000 0.720748 0.0936742 8.62447 0 0 9.43717 8.71748 
47200 0.716055 0.0937529 8.52651 0 0 9.33453 8.61952 
47400 0.711443 0.0938287 8.43111 0 0 9.2347 8.52411 
47600 0.70683 0.0939045 8.3357 0 0 9.13487 8.42871 
47800 0.702218 0.0939803 8.24029 0 0 9.03504 8.3333 
48000 0.697613 0.0940561 8.1452 0 0 8.93557 8.23824 
48200 0.693161 0.0941303 8.05615 0 0 8.84281 8.14981 
48400 0.688709 0.0942045 7.96711 0 0 8.75005 8.06138 
48600 0.684256 0.0942787 7.87806 0 0 8.65729 7.97295 
48800 0.679804 0.0943529 7.78901 0 0 8.56453 7.88452 
49000 0.675447 0.0944266 7.7023 0 0 8.47394 7.79822 
49200 0.671269 0.0944992 7.61996 0 0 8.38735 7.71587 
49400 0.667091 0.0945719 7.53761 0 0 8.30076 7.63352 
49600 0.662913 0.0946446 7.45526 0 0 8.21417 7.55117 
49800 0.658735 0.0947172 7.37291 0 0 8.12758 7.46882 
50000 0.65453 0.094779 7.29226 0 0 8.04212 7.38817 
50200 0.650475 0.0948466 7.21453 0 0 7.96033 7.31044 
50400 0.646419 0.0949142 7.13679 0 0 7.87854 7.23271 
50600 0.642364 0.0949817 7.05906 0 0 7.79676 7.15498 
50800 0.638308 0.0950493 6.98133 0 0 7.71497 7.07725 
51000 0.634406 0.0951144 6.90797 0 0 7.63795 7.00388 
51200 0.630569 0.0951783 6.83647 0 0 7.56296 6.93238 
51400 0.626733 0.0952423 6.76497 0 0 7.48798 6.86088 
51600 0.622896 0.0953062 6.69347 0 0 7.41299 6.78938 
51800 0.61906 0.0953701 6.62197 0 0 7.338 6.71788 
52000 0.615331 0.0954296 6.55339 0 0 7.26555 6.6493 
52200 0.611647 0.0954872 6.48605 0 0 7.19418 6.58196 
52400 0.607964 0.0955447 6.41871 0 0 7.12282 6.51462 
52600 0.60428 0.0956023 6.35138 0 0 7.05145 6.44729 
52800 0.600597 0.0956598 6.28404 0 0 6.98009 6.37995 
53000 0.597055 0.0957163 6.22014 0 0 6.9126 6.31605 
53200 0.59359 0.0957722 6.1581 0 0 6.84721 6.25401 
53400 0.590125 0.0958281 6.09606 0 0 6.78181 6.19197 
53600 0.586659 0.095884 6.03402 0 0 6.71642 6.12993 
53800 0.583194 0.0959399 5.97198 0 0 6.65102 6.06789 
54000 0.579768 0.095993 5.9117 0 0 6.5874 6.00761 
54200 0.576391 0.0960429 5.85357 0 0 6.52595 5.94948 
54400 0.573014 0.0960927 5.79544 0 0 6.4645 5.89135 
54600 0.569637 0.0961425 5.73731 0 0 6.40305 5.83322 
54800 0.56626 0.0961923 5.67918 0 0 6.3416 5.77509 
55000 0.562928 0.096242 5.62181 0 0 6.28092 5.71773 
55200 0.559777 0.0962909 5.56749 0 0 6.22334 5.6634 
55400 0.556626 0.0963398 5.51316 0 0 6.16575 5.60907 
55600 0.553476 0.0963887 5.45884 0 0 6.10817 5.55475 
55800 0.550325 0.0964375 5.40451 0 0 6.05058 5.50042 
56000 0.547174 0.0964864 5.35018 0 0 5.993 5.4461 
56200 0.544096 0.0965342 5.29936 0 0 5.93944 5.39572 
56400 0.541031 0.0965818 5.24916 0 0 5.8866 5.34605 
56600 0.537966 0.0966293 5.19896 0 0 5.83375 5.29638 
56800 0.534901 0.0966769 5.14876 0 0 5.78091 5.2467 
57000 0.531836 0.0967244 5.09855 0 0 5.72806 5.19703 
57200 0.528845 0.0967699 5.04976 0 0 5.67646 5.14839 
57400 0.52599 0.0968114 5.00356 0 0 5.62715 5.10168 
57600 0.523136 0.0968529 4.95737 0 0 5.57785 5.05497 
57800 0.520281 0.0968944 4.91118 0 0 5.52854 5.00826 
58000 0.517427 0.096936 4.86499 0 0 5.47924 4.96155 
58200 0.514572 0.0969775 4.8188 0 0 5.42993 4.91484 
58400 0.511793 0.0970185 4.77436 0 0 5.3828 4.87066 
58600 0.50904 0.0970592 4.73051 0 0 5.3364 4.82731 
58800 0.506286 0.0971 4.68666 0 0 5.29 4.78397 
59000 0.503533 0.0971408 4.64281 0 0 5.2436 4.74063 
59200 0.500779 0.0971816 4.59896 0 0 5.1972 4.69729 
59400 0.49803 0.0972223 4.55525 0 0 5.15092 4.65402 
59600 0.495362 0.0972604 4.51427 0 0 5.10709 4.61209 
59800 0.492694 0.0972985 4.4733 0 0 5.06325 4.57016 
60000 0.490026 0.0973366 4.43232 0 0 5.01942 4.52823 
60200 0.487489 0.0973683 4.39216 0 0 4.97714 4.48913 
60400 0.484953 0.0974001 4.352 0 0 4.93487 4.45002 
60600 0.482422 0.0974324 4.31239 0 0 4.89306 4.41121 
60800 0.47991 0.0974669 4.27446 0 0 4.85267 4.37328 
61000 0.477397 0.0975014 4.23653 0 0 4.81227 4.33535 
61200 0.474885 0.0975359 4.1986 0 0 4.77188 4.29742 
61400 0.472373 0.0975704 4.16067 0 0 4.73149 4.25948 
61600 0.46986 0.0976049 4.12273 0 0 4.69109 4.22155 
61800 0.467403 0.097639 4.08581 0 0 4.65172 4.18462 
62000 0.465049 0.0976727 4.05074 0 0 4.61425 4.14955 
62200 0.462696 0.0977063 4.01567 0 0 4.57678 4.11449 
62400 0.460341 0.0977399 3.9806 0 0 4.5393 4.07941 
62600 0.457987 0.0977736 3.94553 0 0 4.50183 4.04435 
62800 0.455633 0.0978072 3.91046 0 0 4.46436 4.00928 
63000 0.453305 0.0978392 3.87613 0 0 4.42764 3.97494 
63200 0.451037 0.0978676 3.84352 0 0 4.39267 3.94234 
63400 0.448768 0.097896 3.81091 0 0 4.3577 3.90973 
63600 0.4465 0.0979243 3.7783 0 0 4.32273 3.87712 
63800 0.444231 0.0979527 3.74569 0 0 4.28775 3.84451 
64000 0.441963 0.097981 3.71308 0 0 4.25278 3.8119 
64200 0.439707 0.0980093 3.68083 0 0 4.21817 3.77958 
64400 0.437521 0.0980372 3.6506 0 0 4.18562 3.74889 
64600 0.435336 0.0980651 3.62038 0 0 4.15307 3.7182 
64800 0.43315 0.098093 3.59015 0 0 4.12052 3.6875 
65000 0.430964 0.0981209 3.55992 0 0 4.08796 3.65681 
65200 0.428779 0.0981488 3.5297 0 0 4.05541 3.62612 
65400 0.426593 0.0981767 3.49947 0 0 4.02286 3.59543 
65600 0.424535 0.0981999 3.4707 0 0 3.99222 3.56702 
65800 0.422492 0.0982227 3.44209 0 0 3.96179 3.53886 
66000 0.420448 0.0982454 3.41348 0 0 3.93137 3.51071 
66200 0.418405 0.0982681 3.38487 0 0 3.90094 3.48255 
66400 0.416361 0.0982908 3.35626 0 0 3.87051 3.45439 
66600 0.414317 0.0983135 3.32765 0 0 3.84009 3.42624 
66800 0.412342 0.0983359 3.30025 0 0 3.8109 3.39907 
67000 0.410434 0.0983581 3.27407 0 0 3.78294 3.37289 
67200 0.408525 0.0983803 3.24789 0 0 3.75499 3.34671 
67400 0.406617 0.0984025 3.22171 0 0 3.72703 3.32053 
67600 0.404709 0.0984247 3.19553 0 0 3.69908 3.29435 
67800 0.402801 0.0984469 3.16935 0 0 3.67112 3.26817 
68000 0.400893 0.098469 3.14317 0 0 3.64317 3.24199 
68200 0.399013 0.0984909 3.11861 0 0 3.61686 3.21743 
68400 0.397133 0.0985128 3.09413 0 0 3.59063 3.19295 
68600 0.395254 0.0985346 3.06966 0 0 3.56441 3.16848 
68800 0.393375 0.0985565 3.04518 0 0 3.53819 3.144 
69000 0.391495 0.0985783 3.02071 0 0 3.51196 3.11953 
69200 0.389616 0.0986002 2.99623 0 0 3.48574 3.09505 
69400 0.387771 0.0986206 2.97229 0 0 3.46002 3.07107 
69600 0.386005 0.0986379 2.9496 0 0 3.43548 3.04825 
69800 0.38424 0.0986551 2.92691 0 0 3.41093 3.02543 
70000 0.382474 0.0986723 2.90422 0 0 3.38639 3.00261 
70200 0.380709 0.0986895 2.88153 0 0 3.36185 2.97979 
70400 0.378944 0.0987068 2.85883 0 0 3.3373 2.95697 
70600 0.377178 0.098724 2.83614 0 0 3.31276 2.93415 
70800 0.375457 0.098741 2.81428 0 0 3.28897 2.91229 
71000 0.373772 0.0987578 2.79309 0 0 3.26581 2.89123 
71200 0.372087 0.0987747 2.7719 0 0 3.24264 2.87017 
71400 0.370402 0.0987915 2.75071 0 0 3.21947 2.84911 
71600 0.368718 0.0988084 2.72953 0 0 3.1963 2.82805 
71800 0.367033 0.0988252 2.70834 0 0 3.17314 2.80699 
72000 0.365348 0.0988421 2.68715 0 0 3.14997 2.78593 
72200 0.363713 0.098856 2.66695 0 0 3.12819 2.76577 
72400 0.362105 0.0988684 2.64729 0 0 3.10717 2.74611 
72600 0.360497 0.0988808 2.62762 0 0 3.08614 2.72644 
72800 0.35889 0.0988931 2.60796 0 0 3.06512 2.70678 
73000 0.357282 0.0989055 2.58829 0 0 3.04409 2.68711 
73200 0.355674 0.0989179 2.56863 0 0 3.02307 2.66745 
73400 0.354066 0.0989302 2.54897 0 0 3.00204 2.64778 
73600 0.352527 0.0989424 2.53013 0 0 2.98174 2.62897 
73800 0.351033 0.0989546 2.51184 0 0 2.96192 2.61072 
74000 0.34954 0.0989667 2.49356 0 0 2.9421 2.59248 
74200 0.348046 0.0989788 2.47527 0 0 2.92228 2.57423 
74400 0.346552 0.0989909 2.45698 0 0 2.90246 2.55599 
74600 0.345059 0.099003 2.4387 0 0 2.88264 2.53774 
74800 0.343565 0.0990151 2.42041 0 0 2.86282 2.5195 
75000 0.34208 0.0990271 2.40261 0 0 2.84352 2.50172 
75200 0.340607 0.0990391 2.38553 0 0 2.82501 2.48464 
75400 0.339134 0.099051 2.36845 0 0 2.80649 2.46755 
75600 0.337661 0.099063 2.35136 0 0 2.78798 2.45047 
75800 0.336187 0.0990749 2.33428 0 0 2.76947 2.43339 
76000 0.334714 0.0990869 2.3172 0 0 2.75095 2.41631 
76200 0.333241 0.0990988 2.30012 0 0 2.73244 2.39923 
76400 0.33178 0.0991103 2.28317 0 0 2.71406 2.38228 
76600 0.330423 0.0991181 2.2674 0 0 2.69694 2.36651 
76800 0.329067 0.0991258 2.25163 0 0 2.67981 2.35074 
77000 0.327711 0.0991336 2.23586 0 0 2.66268 2.33497 
77200 0.326354 0.0991414 2.22009 0 0 2.64555 2.31919 
77400 0.324998 0.0991491 2.20431 0 0 2.62842 2.30342 
77600 0.323642 0.0991568 2.18854 0 0 2.61129 2.28765 
77800 0.322285 0.0991646 2.17277 0 0 2.59416 2.27188 
78000 0.32094 0.09917 2.1576 0 0 2.57767 2.25674 
78200 0.319601 0.0991738 2.14284 0 0 2.56161 2.24201 
78400 0.318263 0.0991776 2.12808 0 0 2.54555 2.22729 
78600 0.316924 0.0991815 2.11332 0 0 2.52949 2.21256 
78800 0.315586 0.0991853 2.09856 0 0 2.51343 2.19784 
79000 0.314247 0.0991891 2.08379 0 0 2.49737 2.18312 
79200 0.312909 0.0991929 2.06903 0 0 2.4813 2.16839 
79400 0.31157 0.0991968 2.05427 0 0 2.46524 2.15367 
79600 0.310311 0.0992065 2.04032 0 0 2.44993 2.13962 
79800 0.309051 0.0992161 2.02637 0 0 2.43463 2.12558 
80000 0.307792 0.0992258 2.01242 0 0 2.41932 2.11153 
80200 0.306568 0.0992319 1.99883 0 0 2.40451 2.09794 
80400 0.305344 0.0992381 1.98525 0 0 2.3897 2.08436 
80600 0.304121 0.0992442 1.97167 0 0 2.3749 2.07078 
80800 0.302897 0.0992503 1.95808 0 0 2.36009 2.05719 
81000 0.301677 0.0992558 1.94471 0 0 2.3455 2.04382 
81200 0.300471 0.0992595 1.93195 0 0 2.33157 2.0311 
81400 0.299264 0.0992631 1.91919 0 0 2.31764 2.01838 
81600 0.298058 0.0992668 1.90643 0 0 2.30371 2.00566 
81800 0.296852 0.0992704 1.89367 0 0 2.28979 1.99293 
82000 0.295645 0.0992741 1.88091 0 0 2.27586 1.98021 
82200 0.294439 0.0992777 1.86815 0 0 2.26193 1.96749 
82400 0.293232 0.0992814 1.85539 0 0 2.248 1.95477 
82600 0.29205 0.099284 1.84289 0 0 2.23434 1.94229 
82800 0.290923 0.099284 1.83097 0 0 2.2213 1.93037 
83000 0.289797 0.099284 1.81906 0 0 2.20827 1.91846 
83200 0.28867 0.099284 1.80714 0 0 2.19524 1.90654 
83400 0.287544 0.099284 1.79523 0 0 2.1822 1.89463 
83600 0.286417 0.099284 1.78331 0 0 2.16917 1.88271 
83800 0.285291 0.099284 1.7714 0 0 2.15614 1.8708 
84000 0.284165 0.099284 1.75948 0 0 2.1431 1.85888 
84200 0.28305 0.099284 1.74779 0 0 2.1303 1.84719 
84400 0.281972 0.099284 1.73676 0 0 2.11818 1.83616 
84600 0.280894 0.099284 1.72574 0 0 2.10606 1.82514 
84800 0.279816 0.099284 1.71471 0 0 2.09394 1.81411 
85000 0.278738 0.099284 1.70368 0 0 2.08182 1.80308 
85200 0.27766 0.099284 1.69266 0 0 2.0697 1.79206 
85400 0.276582 0.099284 1.68163 0 0 2.05758 1.78103 
85600 0.275504 0.099284 1.6706 0 0 2.04546 1.77 
85800 0.274426 0.099284 1.65958 0 0 2.03334 1.75898 
86000 0.273396 0.099284 1.64927 0 0 2.022 1.74864 
86200 0.272365 0.099284 1.63897 0 0 2.01065 1.7383 
86400 0.271335 0.099284 1.62867 0 0 1.9993 1.72796 
86600 0.270305 0.099284 1.61836 0 0 1.98796 1.71763 
86800 0.269274 0.099284 1.60806 0 0 1.97661 1.70729 
87000 0.268244 0.099284 1.59776 0 0 1.96526 1.69695 
87200 0.267214 0.099284 1.58746 0 0 1.95391 1.68661 
87400 0.266183 0.099284 1.57715 0 0 1.94257 1.67627 
87600 0.265174 0.099284 1.56713 0 0 1.93154 1.66631 
87800 0.264176 0.099284 1.55726 0 0 1.92068 1.65655 
88000 0.263178 0.099284 1.54739 0 0 1.90982 1.64679 
88200 0.262212 0.099284 7.27913 0 0 7.64096 7.37795 
88400 0.26124 0.099284 7.23673 0 0 7.59708 7.33555 
88600 0.260269 0.099284 7.19433 0 0 7.5532 7.29315 
88800 0.259298 0.099284 7.15193 0 0 7.50932 7.25075 
89000 0.258327 0.099284 7.10953 0 0 7.46544 7.20835 
89200 0.25736 0.0992836 7.06735 0 0 7.42187 7.16617 
89400 0.256433 0.0992803 7.02715 0 0 7.38101 7.12597 
89600 0.255506 0.099277 6.98696 0 0 7.34015 7.08578 
89800 0.254579 0.0992737 6.94677 0 0 7.2993 7.04559 
90000 0.253653 0.0992703 6.90658 0 0 7.25844 7.0054 
90200 0.252726 0.099267 6.86639 0 0 7.21758 6.96521 
90400 0.251799 0.0992637 6.8262 0 0 7.17673 6.92501 
90600 0.250873 0.0992604 6.786 0 0 7.13587 6.88482 
90800 0.249946 0.099257 6.74581 0 0 7.09502 6.84463 
91000 0.249034 0.0992526 6.70666 0 0 7.05509 6.80548 
91200 0.248149 0.0992461 6.66943 0 0 7.01688 6.76825 
91400 0.247264 0.0992395 6.6322 0 0 6.97867 6.73102 
91600 0.246379 0.099233 6.59497 0 0 6.94046 6.69379 
91800 0.245494 0.0992265 6.55774 0 0 6.90225 6.65656 
92000 0.244609 0.0992199 6.52051 0 0 6.86405 6.61933 
92200 0.243724 0.0992134 6.48329 0 0 6.82584 6.5821 
92400 0.242839 0.0992069 6.44606 0 0 6.78763 6.54488 
92600 0.241954 0.0992004 6.40883 0 0 6.74942 6.50765 
92800 0.241087 0.0991939 6.3726 0 0 6.71222 6.47142 
93000 0.240242 0.0991874 6.33759 0 0 6.67625 6.43641 
93200 0.239398 0.099181 6.30259 0 0 6.64028 6.40141 
93400 0.238553 0.0991746 6.26758 0 0 6.60431 6.3664 
93600 0.237708 0.0991682 6.23258 0 0 6.56834 6.3314 
93800 0.236864 0.0991618 6.19757 0 0 6.53237 6.29639 
94000 0.236019 0.0991553 6.16257 0 0 6.4964 6.26138 
94200 0.235174 0.0991489 6.12756 0 0 6.46044 6.22638 
94400 0.23433 0.0991425 6.09255 0 0 6.42447 6.19137 
94600 0.233501 0.0991361 6.05848 0 0 6.38956 6.1573 
94800 0.232697 0.0991298 6.0258 0 0 6.35626 6.12462 
95000 0.231892 0.0991236 5.99312 0 0 6.32295 6.09194 
95200 0.231088 0.0991173 5.96045 0 0 6.28964 6.05927 
95400 0.230284 0.099111 5.92777 0 0 6.25634 6.02659 
95600 0.229479 0.0991047 5.89509 0 0 6.22303 5.99391 
95800 0.228675 0.0990984 5.86241 0 0 6.18972 5.96123 
96000 0.227871 0.0990921 5.82974 0 0 6.15642 5.92855 
96200 0.227066 0.0990858 5.79706 0 0 6.12311 5.89588 
96400 0.226268 0.0990796 5.76474 0 0 6.09016 5.86355 
96600 0.225501 0.0990734 5.73443 0 0 6.05924 5.83325 
96800 0.224734 0.0990672 5.70413 0 0 6.02833 5.80295 
97000 0.223967 0.099061 5.67383 0 0 5.99741 5.77265 
97200 0.2232 0.0990548 5.64353 0 0 5.96649 5.74235 
97400 0.222433 0.0990487 5.61323 0 0 5.93557 5.71205 
97600 0.221667 0.0990425 5.58293 0 0 5.90465 5.68175 
97800 0.2209 0.0990363 5.55263 0 0 5.87373 5.65145 
98000 0.220133 0.0990301 5.52233 0 0 5.84281 5.62115 
98200 0.219366 0.0990239 5.49203 0 0 5.81189 5.59084 
98400 0.218624 0.0990149 5.46327 0 0 5.78224 5.56209 
98600 0.21789 0.0990049 5.43504 0 0 5.75301 5.53386 
98800 0.217156 0.098995 5.40681 0 0 5.72377 5.50563 
99000 0.216422 0.098985 5.37857 0 0 5.69454 5.47739 
99200 0.215688 0.098975 5.35034 0 0 5.66531 5.44916 
99400 0.214954 0.0989651 5.3221 0 0 5.63608 5.42092 
99600 0.214219 0.0989551 5.29387 0 0 5.60685 5.39269 
99800 0.213485 0.0989451 5.26564 0 0 5.57762 5.36446 
100000 0.212751 0.0989352 5.2374 0 0 5.54839 5.33622 
100200 0.212141 0.0989352 5.21415 0 0 5.52514 5.31297 
100400 0.211422 0.0989229 5.18692 0 0 5.4973 5.28574 
100600 0.210703 0.0989107 5.15969 0 0 5.46946 5.25851 
100800 0.209984 0.0988985 5.13247 0 0 5.44162 5.23128 
101000 0.209265 0.0988862 5.10524 0 0 5.41378 5.20406 
101200 0.208546 0.098874 5.07801 0 0 5.38594 5.17683 
101400 0.207827 0.0988618 5.05078 0 0 5.3581 5.1496 
101600 0.207108 0.0988495 5.02355 0 0 5.33026 5.12237 
101800 0.206389 0.0988373 4.99632 0 0 5.30242 5.09514 
102000 0.20567 0.098825 4.96909 0 0 5.27458 5.06791 
102200 0.20498 0.0988146 4.94327 0 0 5.24816 5.04209 
102400 0.204317 0.0988058 4.91886 0 0 5.22316 5.01768 
102600 0.203654 0.0987971 4.89444 0 0 5.19817 4.99326 
102800 0.202991 0.0987884 4.87003 0 0 5.17317 4.96885 
103000 0.202329 0.0987797 4.84561 0 0 5.14818 4.94443 
103200 0.201666 0.098771 4.8212 0 0 5.12318 4.92002 
103400 0.201003 0.0987622 4.79679 0 0 5.09818 4.89561 
103600 0.200341 0.0987535 4.77237 0 0 5.07319 4.87119 
103800 0.199678 0.0987448 4.74796 0 0 5.04819 4.84678 
104000 0.199015 0.0987361 4.72354 0 0 5.0232 4.82236 
104200 0.198377 0.0987262 4.70027 0 0 4.99921 4.79908 
104400 0.197762 0.0987151 4.67812 0 0 4.97624 4.77694 
104600 0.197148 0.098704 4.65598 0 0 4.95326 4.7548 
104800 0.196533 0.098693 4.63383 0 0 4.93029 4.73265 
105000 0.195919 0.0986819 4.61169 0 0 4.90731 4.71051 
105200 0.195304 0.0986708 4.58954 0 0 4.88434 4.68836 
105400 0.19469 0.0986598 4.5674 0 0 4.86136 4.66622 
105600 0.194075 0.0986487 4.54526 0 0 4.83839 4.64407 
105800 0.193461 0.0986376 4.52311 0 0 4.81542 4.62193 
106000 0.192846 0.0986265 4.50097 0 0 4.79244 4.59979 
106200 0.192232 0.0986155 4.47882 0 0 4.76947 4.57764 
106400 0.191607 0.0986009 4.45673 0 0 4.7468 4.55555 
106600 0.190982 0.0985864 4.43465 0 0 4.72413 4.53346 
106800 0.190357 0.0985719 4.41256 0 0 4.70146 4.51137 
107000 0.189732 0.0985573 4.39047 0 0 4.67878 4.48928 
107200 0.189107 0.0985428 4.36838 0 0 4.65612 4.4672 
107400 0.188483 0.0985283 4.34629 0 0 4.63344 4.44511 
107600 0.187858 0.0985137 4.3242 0 0 4.61077 4.42302 
107800 0.187233 0.0984992 4.30211 0 0 4.5881 4.40093 
108000 0.186608 0.0984847 4.28002 0 0 4.56543 4.37884 
108200 0.185983 0.0984702 4.25793 0 0 4.54276 4.35675 
108400 0.185431 0.0984596 4.23891 0 0 4.52321 4.33773 
108600 0.184879 0.098449 4.21988 0 0 4.50366 4.3187 
108800 0.184326 0.0984384 4.20086 0 0 4.48411 4.29968 
109000 0.183774 0.0984279 4.18184 0 0 4.46455 4.28066 
109200 0.183222 0.0984173 4.16281 0 0 4.445 4.26163 
109400 0.18267 0.0984067 4.14379 0 0 4.42545 4.24261 
109600 0.182117 0.0983962 4.12476 0 0 4.4059 4.22358 
109800 0.181565 0.0983856 4.10574 0 0 4.38634 4.20456 
110000 0.181013 0.098375 4.08672 0 0 4.36679 4.18554 
110200 0.180461 0.0983645 4.06769 0 0 4.34724 4.16651 
110400 0.179909 0.0983539 4.04867 0 0 4.32769 4.14749 
110600 0.179347 0.0983373 4.02985 0 0 4.30803 4.12839 
110800 0.178785 0.0983207 4.01102 0 0 4.28838 4.10929 
111000 0.178223 0.0983041 3.9922 0 0 4.26873 4.09019 
111200 0.177661 0.0982875 3.97338 0 0 4.24907 4.07109 
111400 0.177099 0.0982708 3.95456 0 0 4.22942 4.05199 
111600 0.176537 0.0982542 3.93573 0 0 4.20977 4.03289 
111800 0.175975 0.0982376 3.91691 0 0 4.19012 4.01379 
112000 0.175413 0.098221 3.89809 0 0 4.17046 3.99469 
112200 0.174851 0.0982044 3.87927 0 0 4.15081 3.97559 
112400 0.174289 0.0981878 3.86044 0 0 4.13116 3.95649 
112600 0.173748 0.0981729 3.84231 0 0 4.11248 3.93836 
112800 0.173228 0.0981597 3.82487 0 0 4.09478 3.92118 
113000 0.172707 0.0981465 3.80744 0 0 4.07707 3.90401 
113200 0.172187 0.0981333 3.79 0 0 4.05937 3.88683 
113400 0.171666 0.0981201 3.77256 0 0 4.04167 3.86966 
113600 0.171146 0.0981068 3.75512 0 0 4.02396 3.85248 
113800 0.170625 0.0980936 3.73768 0 0 4.00626 3.83531 
114000 0.170105 0.0980804 3.72024 0 0 3.98856 3.81814 
114200 0.169584 0.0980672 3.7028 0 0 3.97086 3.80096 
114400 0.169064 0.098054 3.68536 0 0 3.95315 3.78379 
114600 0.168543 0.0980408 3.66793 0 0 3.93545 3.76661 
114800 0.16804 0.0980266 3.65137 0 0 3.91851 3.75019 
115000 0.167555 0.0980114 3.6357 0 0 3.90234 3.73452 
115200 0.16707 0.0979963 3.62003 0 0 3.88616 3.71885 
115400 0.166584 0.0979811 3.60436 0 0 3.86999 3.70318 
115600 0.166099 0.0979659 3.58869 0 0 3.85381 3.68751 
115800 0.165614 0.0979508 3.57302 0 0 3.83764 3.67184 
116000 0.165129 0.0979356 3.55735 0 0 3.82146 3.65617 
116200 0.164643 0.0979204 3.54168 0 0 3.80529 3.6405 
116400 0.164158 0.0979053 3.52602 0 0 3.78911 3.62483 
116600 0.163673 0.0978901 3.51035 0 0 3.77294 3.60916 
116800 0.163188 0.097875 3.49468 0 0 3.75676 3.5935 
117000 0.162702 0.0978598 3.47901 0 0 3.74059 3.57783 
117200 0.162214 0.097844 3.46368 0 0 3.72447 3.56224 
117400 0.161725 0.0978281 3.44836 0 0 3.70835 3.54665 
117600 0.161236 0.0978122 3.43303 0 0 3.69223 3.53106 
117800 0.160747 0.0977964 3.41771 0 0 3.67612 3.51547 
118000 0.160258 0.0977805 3.40238 0 0 3.66 3.49988 
118200 0.15977 0.0977647 3.38706 0 0 3.64388 3.48429 
118400 0.159281 0.0977488 3.37173 0 0 3.62776 3.4687 
118600 0.158792 0.097733 3.35641 0 0 3.61165 3.45311 
118800 0.158303 0.0977171 3.34108 0 0 3.59553 3.43753 
119000 0.157814 0.0977013 3.32576 0 0 3.57941 3.42194 
119200 0.157326 0.0976854 3.31043 0 0 3.56329 3.40635 
119400 0.15689 0.0976685 3.29663 0 0 3.54925 3.39278 
119600 0.156454 0.0976515 3.28282 0 0 3.5352 3.37922 
119800 0.156018 0.0976345 3.26902 0 0 3.52115 3.36566 
120000 0.155582 0.0976176 3.25521 0 0 3.5071 3.35209 
120200 0.155146 0.0976006 3.24141 0 0 3.49306 3.33853 
120400 0.15471 0.0975837 3.2276 0 0 3.47901 3.32497 
120600 0.154274 0.0975667 3.21379 0 0 3.46496 3.3114 
120800 0.153838 0.0975498 3.19999 0 0 3.45091 3.29784 
121000 0.153402 0.0975328 3.18618 0 0 3.43686 3.28428 
121200 0.152966 0.0975159 3.17238 0 0 3.42282 3.27071 
121400 0.15253 0.0974989 3.15857 0 0 3.40877 3.25715 
121600 0.152094 0.097482 3.14477 0 0 3.39472 3.24359 
121800 0.151673 0.0974674 3.13193 0 0 3.3814 3.23075 
122000 0.151251 0.0974529 3.11909 0 0 3.36808 3.21791 
122200 0.15083 0.0974384 3.10626 0 0 3.35476 3.20508 
122400 0.150408 0.0974238 3.09342 0 0 3.34144 3.19224 
122600 0.149987 0.0974093 3.08058 0 0 3.32812 3.1794 
122800 0.149565 0.0973948 3.06775 0 0 3.31479 3.16657 
123000 0.149144 0.0973802 3.05491 0 0 3.30147 3.15373 
123200 0.148722 0.0973657 3.04207 0 0 3.28815 3.14089 
123400 0.148301 0.0973512 3.02924 0 0 3.27483 3.12806 
123600 0.14788 0.0973366 3.0164 0 0 3.26151 3.11522 
123800 0.147458 0.0973221 3.00356 0 0 3.24819 3.10238 
124000 0.147037 0.0973076 2.99073 0 0 3.23487 3.08954 
124200 0.146627 0.0972882 2.97847 0 0 3.22227 3.07719 
124400 0.146218 0.0972688 2.96621 0 0 3.20968 3.06484 
124600 0.145809 0.0972494 2.95396 0 0 3.19708 3.05249 
124800 0.145399 0.0972301 2.9417 0 0 3.18449 3.04014 
125000 0.14499 0.0972107 2.92945 0 0 3.17189 3.02778 
125200 0.144581 0.0971913 2.91719 0 0 3.1593 3.01543 
125400 0.144171 0.0971719 2.90494 0 0 3.1467 3.00308 
125600 0.143762 0.0971526 2.89268 0 0 3.13411 2.99073 
125800 0.143353 0.0971332 2.88043 0 0 3.12152 2.97837 
126000 0.142944 0.0971138 2.86817 0 0 3.10892 2.96602 
126200 0.142534 0.0970944 2.85592 0 0 3.09633 2.95367 
126400 0.142125 0.0970751 2.84366 0 0 3.08373 2.94132 
126600 0.141728 0.0970581 2.83199 0 0 3.07162 2.92957 
126800 0.14133 0.0970411 2.82031 0 0 3.05951 2.91782 
127000 0.140933 0.0970242 2.80864 0 0 3.0474 2.90608 
127200 0.140536 0.0970072 2.79696 0 0 3.03529 2.89433 
127400 0.140139 0.0969903 2.78529 0 0 3.02318 2.88258 
127600 0.139742 0.0969733 2.77362 0 0 3.01107 2.87084 
127800 0.139344 0.0969564 2.76194 0 0 2.99896 2.85909 
128000 0.138947 0.0969394 2.75027 0 0 2.98685 2.84734 
128200 0.13855 0.0969225 2.73859 0 0 2.97474 2.83559 
128400 0.138153 0.0969055 2.72692 0 0 2.96263 2.82385 
128600 0.137756 0.0968886 2.71524 0 0 2.95052 2.8121 
128800 0.137358 0.0968716 2.70357 0 0 2.93841 2.80035 
129000 0.137005 0.0968537 2.69331 0 0 2.92772 2.79009 
129200 0.136652 0.0968358 2.68305 0 0 2.91704 2.77983 
129400 0.136299 0.096818 2.67278 0 0 2.90635 2.76957 
129600 0.135945 0.0968001 2.66252 0 0 2.89566 2.75931 
129800 0.135592 0.0967822 2.65226 0 0 2.88498 2.74904 
130000 0.135239 0.0967643 2.642 0 0 2.87429 2.73878 
130200 0.134886 0.0967464 2.63174 0 0 2.8636 2.72852 
130400 0.134532 0.0967285 2.62147 0 0 2.85292 2.71826 
130600 0.134179 0.0967106 2.61121 0 0 2.84223 2.708 
130800 0.133826 0.0966928 2.60095 0 0 2.83154 2.69773 
131000 0.133473 0.0966749 2.59069 0 0 2.82086 2.68747 
131200 0.133119 0.096657 2.58043 0 0 2.81017 2.67721 
131400 0.132766 0.0966391 2.57016 0 0 2.79948 2.66695 
131600 0.132408 0.0966205 2.56003 0 0 2.78897 2.65676 
131800 0.13205 0.0966019 2.54989 0 0 2.77846 2.64658 
132000 0.131692 0.0965833 2.53975 0 0 2.76795 2.6364 
132200 0.131334 0.0965647 2.52961 0 0 2.75744 2.62621 
132400 0.130976 0.0965461 2.51948 0 0 2.74693 2.61603 
132600 0.130618 0.0965275 2.50934 0 0 2.73642 2.60584 
132800 0.13026 0.0965089 2.4992 0 0 2.72591 2.59566 
133000 0.129902 0.0964903 2.48906 0 0 2.7154 2.58547 
133200 0.129543 0.0964717 2.47892 0 0 2.70489 2.57529 
133400 0.129185 0.0964531 2.46879 0 0 2.69439 2.56511 
133600 0.128827 0.0964345 2.45865 0 0 2.68388 2.55492 
133800 0.128469 0.0964159 2.44851 0 0 2.67337 2.54474 
134000 0.128131 0.0963969 2.43897 0 0 2.66347 2.53517 
134200 0.127812 0.0963775 2.43001 0 0 2.65419 2.52621 
134400 0.127494 0.0963581 2.42105 0 0 2.64491 2.51726 
134600 0.127175 0.0963388 2.4121 0 0 2.63563 2.5083 
134800 0.126856 0.0963194 2.40314 0 0 2.62636 2.49934 
135000 0.126538 0.0963 2.39418 0 0 2.61708 2.49039 
135200 0.126219 0.0962806 2.38523 0 0 2.6078 2.48143 
135400 0.1259 0.0962613 2.37627 0 0 2.59852 2.47248 
135600 0.125582 0.0962419 2.36732 0 0 2.58924 2.46352 
135800 0.125263 0.0962225 2.35836 0 0 2.57996 2.45456 
136000 0.124945 0.0962031 2.3494 0 0 2.57068 2.44561 
136200 0.124626 0.0961838 2.34045 0 0 2.5614 2.43665 
136400 0.124307 0.0961644 2.33149 0 0 2.55212 2.42769 
136600 0.123989 0.096145 2.32254 0 0 2.54284 2.41874 
136800 0.123667 0.0961271 2.3137 0 0 2.53365 2.40989 
137000 0.123345 0.0961092 2.30487 0 0 2.52447 2.40103 
137200 0.123023 0.0960913 2.29604 0 0 2.51528 2.39218 
137400 0.122701 0.0960735 2.28721 0 0 2.50609 2.38332 
137600 0.122379 0.0960556 2.27838 0 0 2.4969 2.37447 
137800 0.122057 0.0960377 2.26955 0 0 2.48771 2.36562 
138000 0.121735 0.0960198 2.26072 0 0 2.47852 2.35676 
138200 0.121413 0.0960019 2.25189 0 0 2.46933 2.34791 
138400 0.121091 0.095984 2.24306 0 0 2.46014 2.33906 
138600 0.120769 0.0959661 2.23422 0 0 2.45096 2.3302 
138800 0.120447 0.0959482 2.22539 0 0 2.44177 2.32135 
139000 0.120125 0.0959304 2.21656 0 0 2.43258 2.3125 
139200 0.119803 0.0959125 2.20773 0 0 2.42339 2.30364 
139400 0.119504 0.0958931 2.19964 0 0 2.41497 2.29553 
139600 0.119205 0.0958737 2.19154 0 0 2.40655 2.28741 
139800 0.118906 0.0958544 2.18345 0 0 2.39813 2.27929 
140000 0.118606 0.095835 2.17535 0 0 2.38972 2.27118 
140200 0.118307 0.0958156 2.16726 0 0 2.3813 2.26306 
140400 0.118008 0.0957962 2.15916 0 0 2.37288 2.25494 
140600 0.117709 0.0957769 2.15107 0 0 2.36446 2.24683 
140800 0.117409 0.0957575 2.14297 0 0 2.35605 2.23871 
141000 0.11711 0.0957381 2.13488 0 0 2.34763 2.2306 
141200 0.116811 0.0957187 2.12678 0 0 2.33921 2.22248 
141400 0.116512 0.0956993 2.11869 0 0 2.33079 2.21436 
141600 0.116212 0.09568 2.11059 0 0 2.32237 2.20625 
141800 0.115913 0.0956606 2.1025 0 0 2.31396 2.19813 
142000 0.115623 0.0956405 2.09473 0 0 2.30589 2.19034 
142200 0.115343 0.0956198 2.0873 0 0 2.29816 2.18289 
142400 0.115063 0.095599 2.07987 0 0 2.29044 2.17544 
142600 0.114783 0.0955782 2.07244 0 0 2.28272 2.16799 
142800 0.114502 0.0955575 2.065 0 0 2.27499 2.16053 
143000 0.114222 0.0955367 2.05757 0 0 2.26727 2.15308 
143200 0.113942 0.095516 2.05014 0 0 2.25955 2.14563 
143400 0.113661 0.0954952 2.04271 0 0 2.25183 2.13817 
143600 0.113381 0.0954744 2.03528 0 0 2.2441 2.13072 
143800 0.113101 0.0954537 2.02784 0 0 2.23638 2.12327 
144000 0.112821 0.0954329 2.02041 0 0 2.22866 2.11581 
144200 0.11254 0.0954122 2.01298 0 0 2.22093 2.10836 
144400 0.11226 0.0953914 2.00555 0 0 2.21321 2.10091 
144600 0.11198 0.0953706 1.99811 0 0 2.20549 2.09346 
144800 0.111705 0.0953499 1.99086 0 0 2.19794 2.08618 
145000 0.111435 0.0953291 1.98378 0 0 2.19057 2.07908 
145200 0.111165 0.0953084 1.9767 0 0 2.1832 2.07198 
145400 0.110895 0.0952876 1.96962 0 0 2.17583 2.06488 
145600 0.110625 0.0952668 1.96254 0 0 2.16846 2.05778 
145800 0.110355 0.0952461 1.95546 0 0 2.16109 2.05068 
146000 0.110086 0.0952253 1.94838 0 0 2.15372 2.04358 
146200 0.109816 0.0952046 1.9413 0 0 2.14635 2.03648 
146400 0.109546 0.0951838 1.93422 0 0 2.13898 2.02938 
146600 0.109276 0.095163 1.92715 0 0 2.13161 2.02228 
146800 0.109006 0.0951423 1.92007 0 0 2.12424 2.01518 
147000 0.108736 0.0951215 1.91299 0 0 2.11687 2.00808 
147200 0.108466 0.0951008 1.90591 0 0 2.1095 2.00098 
147400 0.108196 0.09508 1.89883 0 0 2.10213 1.99388 
147600 0.107936 0.0950603 1.89207 0 0 2.09509 1.9871 
147800 0.107685 0.0950417 1.88563 0 0 2.08837 1.98063 
148000 0.107434 0.0950231 1.87919 0 0 2.08165 1.97417 
148200 0.107182 0.0950045 1.87275 0 0 2.07493 1.96771 
148400 0.106931 0.0949859 1.86631 0 0 2.06821 1.96124 
148600 0.10668 0.0949673 1.85987 0 0 2.06149 1.95478 
148800 0.106429 0.0949487 1.85342 0 0 2.05477 1.94831 
149000 0.106178 0.0949301 1.84698 0 0 2.04805 1.94185 
149200 0.105927 0.0949115 1.84054 0 0 2.04133 1.93539 
149400 0.105676 0.0948929 1.8341 0 0 2.03461 1.92892 
149600 0.105425 0.0948743 1.82766 0 0 2.02789 1.92246 
149800 0.105174 0.0948557 1.82122 0 0 2.02117 1.91599 
150000 0.104922 0.0948371 1.81478 0 0 2.01445 1.90953 
150200 0.104646 0.094808 1.80795 0 0 2.00733 1.9027 
150400 0.10437 0.094779 1.80112 0 0 2.00021 1.89587 
150600 0.104136 0.0947596 1.79513 0 0 1.99397 1.88986 
150800 0.103901 0.0947402 1.78915 0 0 1.98773 1.88386 
151000 0.103667 0.0947208 1.78316 0 0 1.98149 1.87785 
151200 0.103432 0.0947015 1.77717 0 0 1.97525 1.87184 
151400 0.103198 0.0946821 1.77118 0 0 1.96902 1.86584 
151600 0.102963 0.0946627 1.7652 0 0 1.96278 1.85983 
151800 0.102729 0.0946433 1.75921 0 0 1.95654 1.85382 
152000 0.102495 0.094624 1.75322 0 0 1.9503 1.84782 
152200 0.10226 0.0946046 1.74723 0 0 1.94406 1.84181 
152400 0.102026 0.0945852 1.74125 0 0 1.93782 1.8358 
152600 0.101791 0.0945658 1.73526 0 0 1.93158 1.8298 
152800 0.101557 0.0945465 1.72927 0 0 1.92534 1.82379 
153000 0.101322 0.0945271 1.72329 0 0 1.9191 1.81778 
153200 0.101088 0.0945077 1.7173 0 0 1.91286 1.81178 
153400 0.100853 0.0944883 1.71131 0 0 1.90662 1.80577 
153600 0.100625 0.094469 1.70561 0 0 1.90069 1.80005 
153800 0.100396 0.0944496 1.69992 0 0 1.89477 1.79434 
154000 0.100168 0.0944302 1.69422 0 0 1.88884 1.78862 
154200 0.0999389 0.0944108 1.68852 0 0 1.88291 1.78291 
154400 0.0997102 0.0943914 1.68283 0 0 1.87698 1.77719 
154600 0.0994816 0.0943721 1.67713 0 0 1.87105 1.77147 
154800 0.099253 0.0943527 1.67143 0 0 1.86512 1.76576 
155000 0.0990243 0.0943333 1.66574 0 0 1.85919 1.76004 
155200 0.0987957 0.0943139 1.66004 0 0 1.85326 1.75433 
155400 0.098567 0.0942946 1.65435 0 0 1.84733 1.74861 
155600 0.0983384 0.0942752 1.64865 0 0 1.8414 1.74289 
155800 0.0981098 0.0942558 1.64295 0 0 1.83547 1.73718 
156000 0.0978811 0.0942364 1.63726 0 0 1.82955 1.73146 
156200 0.0976525 0.0942171 1.63156 0 0 1.82362 1.72575 
156400 0.0974238 0.0941977 1.62586 0 0 1.81769 1.72003 
156600 0.0972029 0.0941764 1.62046 0 0 1.81203 1.71461 
156800 0.0969821 0.0941551 1.61505 0 0 1.80637 1.70918 
157000 0.0967612 0.0941337 1.60964 0 0 1.80071 1.70375 
157200 0.0965403 0.0941124 1.60424 0 0 1.79506 1.69833 
157400 0.0963194 0.0940911 1.59883 0 0 1.7894 1.6929 
157600 0.0960985 0.0940698 1.59343 0 0 1.78374 1.68748 
157800 0.0958776 0.0940485 1.58802 0 0 1.77808 1.68205 
158000 0.0956567 0.0940272 1.58261 0 0 1.77242 1.67663 
158200 0.0954358 0.0940059 1.57721 0 0 1.76677 1.6712 
158400 0.0952149 0.0939845 1.5718 0 0 1.76111 1.66578 
158600 0.094994 0.0939632 1.5664 0 0 1.75545 1.66035 
158800 0.0947732 0.0939419 1.56099 0 0 1.74979 1.65493 
159000 0.0945523 0.0939206 1.55558 0 0 1.74413 1.6495 
159200 0.0943314 0.0938993 1.55018 0 0 1.73848 1.64408 
159400 0.0941105 0.093878 1.54477 0 0 1.73282 1.63865 
159600 0.0939024 0.0938574 1.53978 0 0 1.72761 1.63364 
159800 0.0936942 0.0938367 1.5348 0 0 1.72239 1.62864 
160000 0.0934861 0.0938161 1.52981 0 0 1.71718 1.62363 
160200 0.0932779 0.0937955 1.52482 0 0 1.71197 1.61862 
160400 0.0930698 0.0937748 1.51983 0 0 1.70675 1.61362 
160600 0.0928617 0.0937542 1.51485 0 0 1.70154 1.60861 
160800 0.0926535 0.0937336 1.50986 0 0 1.69633 1.6036 
161000 0.0924454 0.093713 1.50487 0 0 1.69112 1.5986 
161200 0.0922372 0.0936923 1.49988 0 0 1.6859 1.59359 
161400 0.0920291 0.0936717 1.49489 0 0 1.68069 1.58858 
161600 0.091821 0.0936511 1.48991 0 0 1.67548 1.58358 
161800 0.0916128 0.0936305 1.48492 0 0 1.67026 1.57857 
162000 0.0914047 0.0936098 1.47993 0 0 1.66505 1.57356 
162200 0.0911966 0.0935892 1.47494 0 0 1.65984 1.56856 
162400 0.0909884 0.0935686 1.46995 0 0 1.65463 1.56355 
162600 0.0907881 0.0935474 1.46517 0 0 1.64962 1.55874 
162800 0.0905955 0.0935256 1.46059 0 0 1.64483 1.55413 
163000 0.090403 0.0935038 1.45602 0 0 1.64003 1.54951 
163200 0.0902104 0.093482 1.45144 0 0 1.63524 1.5449 
163400 0.0900179 0.0934602 1.44686 0 0 1.63044 1.54029 
163600 0.0898253 0.0934384 1.44228 0 0 1.62564 1.53567 
163800 0.0896328 0.0934166 1.43771 0 0 1.62085 1.53106 
164000 0.0894402 0.0933948 1.43313 0 0 1.61605 1.52644 
164200 0.0892477 0.093373 1.42855 0 0 1.61126 1.52183 
164400 0.0890551 0.0933512 1.42397 0 0 1.60646 1.51722 
164600 0.0888626 0.0933294 1.4194 0 0 1.60167 1.5126 
164800 0.08867 0.0933076 1.41482 0 0 1.59687 1.50799 
165000 0.0884774 0.0932858 1.41024 0 0 1.59207 1.50337 
165200 0.0882849 0.093264 1.40566 0 0 1.58728 1.49876 
165400 0.0880923 0.0932422 1.40109 0 0 1.58248 1.49415 
165600 0.0878998 0.0932204 1.39651 0 0 1.57769 1.48953 
165800 0.0877128 0.0931998 1.3921 0 0 1.57307 1.4851 
166000 0.0875314 0.0931804 1.38785 0 0 1.56863 1.48086 
166200 0.0873499 0.0931611 1.38361 0 0 1.56419 1.47661 
166400 0.0871685 0.0931417 1.37936 0 0 1.55975 1.47237 
166600 0.0869871 0.0931223 1.37512 0 0 1.55531 1.46812 
166800 0.0868056 0.0931029 1.37087 0 0 1.55088 1.46388 
167000 0.0866242 0.0930836 1.36663 0 0 1.54644 1.45963 
167200 0.0864428 0.0930642 1.36238 0 0 1.542 1.45539 
167400 0.0862613 0.0930448 1.35813 0 0 1.53756 1.45114 
167600 0.0860799 0.0930254 1.35389 0 0 1.53312 1.4469 
167800 0.0858985 0.093006 1.34964 0 0 1.52868 1.44265 
168000 0.085717 0.0929867 1.3454 0 0 1.52424 1.43841 
168200 0.0855356 0.0929673 1.34115 0 0 1.5198 1.43416 
168400 0.0853542 0.0929479 1.33691 0 0 1.51536 1.42992 
168600 0.0851728 0.0929285 1.33266 0 0 1.51093 1.42567 
168800 0.0849913 0.0929092 1.32842 0 0 1.50649 1.42142 
169000 0.0848099 0.0928898 1.32417 0 0 1.50205 1.41718 
169200 0.0846337 0.0928686 1.32016 0 0 1.49782 1.41315 
169400 0.0844576 0.0928475 1.31614 0 0 1.49359 1.40911 
169600 0.0842814 0.0928264 1.31213 0 0 1.48936 1.40508 
169800 0.0841053 0.0928052 1.30811 0 0 1.48514 1.40104 
170000 0.0839292 0.0927841 1.30409 0 0 1.48091 1.39701 
170200 0.083753 0.092763 1.30008 0 0 1.47668 1.39298 
170400 0.0835769 0.0927418 1.29606 0 0 1.47245 1.38894 
170600 0.0834007 0.0927207 1.29204 0 0 1.46823 1.38491 
170800 0.0832246 0.0926995 1.28803 0 0 1.464 1.38088 
171000 0.0830484 0.0926784 1.28401 0 0 1.45977 1.37684 
171200 0.0828723 0.0926573 1.28 0 0 1.45554 1.37281 
171400 0.0826961 0.0926361 1.27598 0 0 1.45132 1.36877 
171600 0.08252 0.092615 1.27196 0 0 1.44709 1.36474 
171800 0.0823438 0.0925939 1.26795 0 0 1.44286 1.36071 
172000 0.0821677 0.0925727 1.26393 0 0 1.43863 1.35667 
172200 0.0819915 0.0925516 1.25991 0 0 1.43441 1.35264 
172400 0.0818189 0.0925304 1.256 0 0 1.43029 1.34869 
172600 0.0816498 0.0925093 1.25217 0 0 1.4263 1.34484 
172800 0.0814807 0.0924882 1.24835 0 0 1.4223 1.34098 
173000 0.0813116 0.092467 1.24453 0 0 1.4183 1.33712 
173200 0.0811425 0.0924459 1.24071 0 0 1.4143 1.33326 
173400 0.0809734 0.0924248 1.23688 0 0 1.4103 1.32941 
173600 0.0808043 0.0924036 1.23306 0 0 1.4063 1.32555 
173800 0.0806352 0.0923825 1.22924 0 0 1.4023 1.32169 
174000 0.0804661 0.0923613 1.22542 0 0 1.39831 1.31783 
174200 0.080297 0.0923402 1.22159 0 0 1.39431 1.31397 
174400 0.0801279 0.0923191 1.21777 0 0 1.39031 1.31012 
174600 0.0799588 0.0922979 1.21395 0 0 1.38631 1.30626 
174800 0.0797897 0.0922768 1.21013 0 0 1.38231 1.3024 
175000 0.0796206 0.0922557 1.2063 0 0 1.37831 1.29854 
175200 0.0794515 0.0922345 1.20248 0 0 1.37431 1.29469 
175400 0.0792824 0.0922134 1.19866 0 0 1.37032 1.29083 
175600 0.0791133 0.0921922 1.19484 0 0 1.36632 1.28697 
175800 0.0789588 0.0921723 1.19142 0 0 1.36271 1.28353 
176000 0.0788044 0.0921524 1.18799 0 0 1.35911 1.2801 
176200 0.0786499 0.0921324 1.18457 0 0 1.3555 1.27666 
176400 0.0784954 0.0921125 1.18115 0 0 1.3519 1.27322 
176600 0.078341 0.0920926 1.17773 0 0 1.3483 1.26978 
176800 0.0781865 0.0920727 1.17431 0 0 1.34469 1.26634 
177000 0.0780321 0.0920527 1.17089 0 0 1.34109 1.26291 
177200 0.0778776 0.0920328 1.16747 0 0 1.33749 1.25947 
177400 0.0777232 0.0920129 1.16405 0 0 1.33388 1.25603 
177600 0.0775687 0.0919929 1.16062 0 0 1.33028 1.25259 
177800 0.0774143 0.091973 1.1572 0 0 1.32667 1.24915 
178000 0.0772598 0.0919531 1.15378 0 0 1.32307 1.24572 
178200 0.0771053 0.0919332 1.15036 0 0 1.31947 1.24228 
178400 0.0769509 0.0919132 1.14694 0 0 1.31586 1.23884 
178600 0.0767964 0.0918933 1.14352 0 0 1.31226 1.2354 
178800 0.076642 0.0918734 1.1401 0 0 1.30865 1.23196 
179000 0.0764875 0.0918534 1.13668 0 0 1.30505 1.22853 
179200 0.0763355 0.0918327 1.13334 0 0 1.30154 1.22517 
179400 0.0761861 0.0918111 1.13008 0 0 1.29812 1.2219 
179600 0.0760366 0.0917895 1.12683 0 0 1.29469 1.21863 
179800 0.0758871 0.0917679 1.12357 0 0 1.29127 1.21536 
180000 0.0757376 0.0917463 1.12032 0 0 1.28785 1.21208 
180200 0.0755882 0.0917247 1.11706 0 0 1.28443 1.20881 
180400 0.0754387 0.0917031 1.11381 0 0 1.28101 1.20554 
180600 0.0752892 0.0916815 1.11055 0 0 1.27759 1.20227 
180800 0.0751398 0.0916599 1.1073 0 0 1.27417 1.199 
181000 0.0749903 0.0916384 1.10404 0 0 1.27074 1.19573 
181200 0.0748408 0.0916168 1.10078 0 0 1.26732 1.19245 
181400 0.0746913 0.0915952 1.09753 0 0 1.2639 1.18918 
181600 0.0745419 0.0915736 1.09427 0 0 1.26048 1.18591 
181800 0.0743924 0.091552 1.09102 0 0 1.25706 1.18264 
182000 0.0742429 0.0915304 1.08776 0 0 1.25364 1.17937 
182200 0.0740934 0.0915088 1.08451 0 0 1.25022 1.17609 
182400 0.073944 0.0914872 1.08125 0 0 1.2468 1.17282 
182600 0.0737945 0.0914656 1.078 0 0 1.24337 1.16955 
182800 0.07365 0.091444 1.07491 0 0 1.24012 1.16645 
183000 0.0735055 0.0914225 1.07182 0 0 1.23686 1.16334 
183200 0.073361 0.0914009 1.06873 0 0 1.23361 1.16023 
183400 0.0732165 0.0913793 1.06564 0 0 1.23035 1.15713 
183600 0.073072 0.0913577 1.06255 0 0 1.2271 1.15402 
183800 0.0729275 0.0913361 1.05946 0 0 1.22384 1.15092 
184000 0.072783 0.0913145 1.05637 0 0 1.22059 1.14781 
184200 0.0726385 0.0912929 1.05329 0 0 1.21733 1.14471 
184400 0.0724941 0.0912713 1.0502 0 0 1.21408 1.1416 
184600 0.0723496 0.0912497 1.04711 0 0 1.21082 1.13849 
184800 0.0722051 0.0912281 1.04402 0 0 1.20757 1.13539 
185000 0.0720606 0.0912065 1.04093 0 0 1.20431 1.13228 
185200 0.0719161 0.091185 1.03784 0 0 1.20106 1.12918 
185400 0.0717716 0.0911634 1.03475 0 0 1.1978 1.12607 
185600 0.0716271 0.0911418 1.03166 0 0 1.19455 1.12296 
185800 0.0714826 0.0911202 1.02857 0 0 1.19129 1.11986 
186000 0.0713381 0.0910986 1.02548 0 0 1.18804 1.11675 
186200 0.0711999 0.0910776 1.02256 0 0 1.18495 1.1138 
186400 0.0710679 0.0910572 1.01979 0 0 1.18203 1.11101 
186600 0.070936 0.0910367 1.01703 0 0 1.1791 1.10821 
186800 0.070804 0.0910163 1.01426 0 0 1.17618 1.10541 
187000 0.070672 0.0909959 1.0115 0 0 1.17326 1.10262 
187200 0.0705401 0.0909755 1.00873 0 0 1.17034 1.09982 
187400 0.0704081 0.090955 1.00597 0 0 1.16741 1.09702 
187600 0.0702761 0.0909346 1.0032 0 0 1.16449 1.09423 
187800 0.0701442 0.0909142 1.00044 0 0 1.16157 1.09143 
188000 0.0700122 0.0908938 0.997671 0 0 1.15865 1.08863 
188200 0.0698802 0.0908733 0.994905 0 0 1.15573 1.08584 
188400 0.0697482 0.0908529 0.99214 0 0 1.1528 1.08304 
188600 0.0696163 0.0908325 0.989375 0 0 1.14988 1.08024 
188800 0.0694843 0.0908121 0.98661 0 0 1.14696 1.07745 
189000 0.0693523 0.0907917 0.983845 0 0 1.14404 1.07465 
189200 0.0692204 0.0907712 0.98108 0 0 1.14112 1.07186 
189400 0.0690884 0.0907508 0.978315 0 0 1.13819 1.06906 
189600 0.0689564 0.0907304 0.97555 0 0 1.13527 1.06626 
189800 0.0688245 0.09071 0.972785 0 0 1.13235 1.06347 
190000 0.0686956 0.0906895 0.970146 0 0 1.12955 1.06081 
190200 0.0685668 0.0906691 0.967506 0 0 1.12676 1.05816 
190400 0.068438 0.0906487 0.964867 0 0 1.12396 1.0555 
190600 0.0683092 0.0906283 0.962228 0 0 1.12116 1.05285 
190800 0.0681803 0.0906078 0.959588 0 0 1.11837 1.05019 
191000 0.0680515 0.0905874 0.956949 0 0 1.11557 1.04754 
191200 0.0679227 0.090567 0.95431 0 0 1.11277 1.04488 
191400 0.0677939 0.0905466 0.95167 0 0 1.10998 1.04223 
191600 0.067665 0.0905261 0.949031 0 0 1.10718 1.03957 
191800 0.0675362 0.0905057 0.946392 0 0 1.10438 1.03692 
192000 0.0674074 0.0904853 0.943752 0 0 1.10159 1.03426 
192200 0.0672786 0.0904649 0.941113 0 0 1.09879 1.03161 
192400 0.0671497 0.0904445 0.938473 0 0 1.09599 1.02895 
192600 0.0670209 0.090424 0.935834 0 0 1.0932 1.02629 
192800 0.0668921 0.0904036 0.933195 0 0 1.0904 1.02364 
193000 0.0667633 0.0903832 0.930555 0 0 1.08761 1.02098 
193200 0.0666344 0.0903628 0.927916 0 0 1.08481 1.01833 
193400 0.0665056 0.0903423 0.925277 0 0 1.08201 1.01567 
193600 0.0663815 0.0903222 0.922741 0 0 1.07933 1.01312 
193800 0.0662622 0.0903023 0.920309 0 0 1.07676 1.01065 
194000 0.0661429 0.0902824 0.917876 0 0 1.07419 1.00819 
194200 0.0660236 0.0902625 0.915444 0 0 1.07162 1.00573 
194400 0.0659043 0.0902426 0.913012 0 0 1.06905 1.00326 
194600 0.065785 0.0902227 0.91058 0 0 1.06648 1.0008 
194800 0.0656656 0.0902029 0.908147 0 0 1.06391 0.998339 
195000 0.0655463 0.090183 0.905715 0 0 1.06134 0.995876 
195200 0.065427 0.0901631 0.903283 0 0 1.05877 0.993413 
195400 0.0653077 0.0901432 0.900851 0 0 1.0562 0.99095 
195600 0.0651884 0.0901233 0.898418 0 0 1.05363 0.988488 
195800 0.065069 0.0901034 0.895986 0 0 1.05106 0.986025 
196000 0.0649497 0.0900835 0.893554 0 0 1.04849 0.983562 
196200 0.0648304 0.0900637 0.891122 0 0 1.04592 0.981099 
196400 0.0647111 0.0900438 0.88869 0 0 1.04335 0.978636 
196600 0.0645918 0.0900239 0.886257 0 0 1.04078 0.976173 
196800 0.0644725 0.090004 0.883825 0 0 1.03821 0.973711 
197000 0.0643531 0.0899841 0.881393 0 0 1.03564 0.971248 
197200 0.0642338 0.0899642 0.878961 0 0 1.03307 0.968785 
197400 0.064116 0.0899435 0.876582 0 0 1.03056 0.966391 
197600 0.0639998 0.089922 0.874257 0 0 1.0281 0.964066 
197800 0.0638835 0.0899005 0.871932 0 0 1.02565 0.961741 
198000 0.0637673 0.0898789 0.869607 0 0 1.0232 0.959415 
198200 0.063651 0.0898574 0.867281 0 0 1.02074 0.95709 
198400 0.0635348 0.0898359 0.864956 0 0 1.01829 0.954765 
198600 0.0634185 0.0898143 0.862631 0 0 1.01583 0.95244 
198800 0.0633022 0.0897928 0.860306 0 0 1.01338 0.950115 
199000 0.063186 0.0897713 0.857981 0 0 1.01092 0.94779 
199200 0.0630697 0.0897498 0.855656 0 0 1.00847 0.945465 
199400 0.0629535 0.0897282 0.85333 0 0 1.00602 0.943139 
199600 0.0628372 0.0897067 0.851005 0 0 1.00356 0.940814 
199800 0.062721 0.0896852 0.84868 0 0 1.00111 0.938489 
200000 0.0626047 0.0896636 0.846355 0 0 0.998652 0.936164 
