1000 1.1181 0.0139452 2536.36 0 0 2537.14 2536.36 
1200 1.07217 0.019135 1533.32 0 0 1534.39 1533.33 
1400 1.02724 0.0248113 997.364 0 0 998.428 997.369 
1600 0.979799 0.0307394 683.673 0 0 684.603 683.679 
1800 0.930323 0.0367478 487.783 0 0 488.771 487.828 
2000 0.880798 0.0427717 358.975 0 0 359.854 359.021 
2200 0.832501 0.0487127 271.79 0 0 272.669 271.837 
2400 0.786051 0.0545064 210.563 0 0 211.377 210.611 
2600 0.742188 0.0601304 166.231 0 0 167.039 166.292 
2800 0.700595 0.0655211 133.373 0 0 134.169 133.468 
3000 0.661407 0.070704 108.535 0 0 109.248 108.593 
3200 0.624575 0.0756232 89.4755 0 0 90.1427 89.5338 
3400 0.590464 0.0803016 74.5625 0 0 75.2217 74.6556 
3600 0.558741 0.0846949 62.7341 0 0 63.3838 62.8063 
3800 0.529258 0.0888432 53.2675 0 0 53.8875 53.3574 
4000 0.501899 0.0927482 45.5669 0 0 46.1651 45.6611 
4200 0.476665 0.0963868 39.2947 0 0 39.8699 39.39 
4400 0.453229 0.0998445 34.0868 0 0 34.6397 34.1855 
4600 0.431468 0.103031 29.738 0 0 30.2702 29.8375 
4800 0.411452 0.106047 26.0991 0 0 26.6116 26.2026 
5000 0.392794 0.10888 23.0107 0 0 23.5159 23.1179 
5200 0.375575 0.111531 20.4006 0 0 20.8865 20.5097 
5400 0.359517 0.11401 18.145 0 0 18.6224 18.2629 
5600 0.344583 0.116332 16.2121 0 0 16.676 16.3318 
5800 0.330787 0.11853 14.5444 0 0 14.9939 14.661 
6000 0.317802 0.120618 13.0843 0 0 13.522 13.2051 
6200 0.305798 0.122573 11.8211 0 0 12.2505 11.946 
6400 0.294487 0.124424 10.7019 0 0 11.1214 10.8268 
6600 0.283887 0.126172 9.7261 0 0 10.1368 9.85183 
6800 0.273951 0.127827 8.85387 0 0 9.25622 8.9839 
7000 0.264666 0.129412 8.09054 0 0 8.48467 8.21981 
7200 0.255898 0.130906 7.40159 0 0 7.78794 7.533 
7400 0.247628 0.132367 6.7948 0 0 7.17542 6.92826 
7600 0.239821 0.133717 6.24628 0 0 6.61968 6.38022 
7800 0.232492 0.135023 5.75782 0 0 6.12537 5.89285 
8000 0.225517 0.136282 5.31361 0 0 5.67552 5.44973 
8200 0.218968 0.137494 4.9182 0 0 5.27482 5.05605 
8400 0.212685 0.138659 4.5557 0 0 4.90685 4.69418 
8600 0.206751 0.139744 4.22996 0 0 4.57652 4.36941 
8800 0.201114 0.140819 3.93368 0 0 4.27566 4.07423 
9000 0.195738 0.141854 3.66313 0 0 4.00101 3.8052 
9200 0.190606 0.142852 3.41664 0 0 3.75032 3.55944 
9400 0.185716 0.143808 3.19082 0 0 3.52038 3.33485 
9600 0.181015 0.144744 2.98382 0 0 3.30964 3.12853 
9800 0.176541 0.145616 2.79409 0 0 3.11635 2.9396 
10000 0.172246 0.146499 2.61968 0 0 2.9388 2.76602 
10200 0.168204 0.147347 2.46313 0 0 2.77854 2.60988 
10400 0.164083 0.148184 2.30919 0 0 2.62112 2.4568 
10600 0.160398 0.148942 2.17665 0 0 2.48572 2.32568 
10800 0.156814 0.149694 2.05219 0 0 2.35876 2.20264 
11000 0.153263 0.150445 1.93539 0 0 2.23883 2.08564 
11200 0.149799 0.151194 1.8244 0 0 2.12528 1.9759 
11400 0.14653 0.151905 1.72415 0 0 2.02246 1.87601 
11600 0.143438 0.152567 1.63295 0 0 1.92886 1.78534 
11800 0.140369 0.153245 1.54492 0 0 1.83859 1.69807 
12000 0.137424 0.1539 1.46354 0 0 1.75498 1.61734 
12200 0.1346 0.154518 1.38867 0 0 1.67779 1.54302 
12400 0.131772 0.155143 1.31619 0 0 1.60299 1.47128 
12600 0.129207 0.155722 1.25241 0 0 1.53706 1.40793 
12800 0.126563 0.156317 1.18967 0 0 1.47237 1.34592 
13000 0.124022 0.156878 1.13128 0 0 1.4121 1.28801 
13200 0.121604 0.157426 1.07717 0 0 1.35616 1.23442 
13400 0.119279 0.157969 1.02651 0 0 1.30373 1.18441 
13600 0.116975 0.158483 0.978357 0 0 1.25385 1.13667 
13800 0.114776 0.158983 0.934092 0 0 1.20791 1.09304 
14000 0.112619 0.159479 0.891856 0 0 1.16404 1.05136 
14200 0.110501 0.159968 0.851528 0 0 1.12211 1.0115 
14400 0.108485 0.160441 0.814412 0 0 1.08344 0.974975 
14600 0.106497 0.160893 0.778996 0 0 1.04643 0.939988 
14800 0.10455 0.161341 0.74515 0 0 1.01099 0.906503 
15000 0.102659 0.161793 0.713168 0 0 0.977456 0.874856 
15200 0.100853 0.162218 0.683788 0 0 0.946695 0.8458 
15400 0.0990547 0.162635 0.655232 0 0 0.916801 0.817713 
15600 0.0972982 0.163044 0.62817 0 0 0.888538 0.79125 
15800 0.0956281 0.16344 0.603431 0 0 0.862493 0.76686 
16000 0.0939859 0.163824 0.579434 0 0 0.837175 0.743209 
16200 0.0923788 0.164191 0.556364 0 0 0.812772 0.720502 
16400 0.0907838 0.16456 0.53443 0 0 0.78967 0.698886 
16600 0.0892282 0.164919 0.513473 0 0 0.767587 0.678269 
16800 0.0877597 0.165255 0.494331 0 0 0.747348 0.659534 
17000 0.0862997 0.165595 0.475901 0 0 0.727837 0.641555 
17200 0.0848443 0.165938 0.457856 0 0 0.708719 0.623983 
17400 0.0834439 0.166274 0.44095 0 0 0.690719 0.607321 
17600 0.0820821 0.166597 0.424714 0 0 0.673448 0.59134 
17800 0.080792 0.166897 0.409724 0 0 0.657531 0.576624 
18000 0.0795069 0.16719 0.395266 0 0 0.642094 0.562463 
18200 0.0782252 0.167479 0.381161 0 0 0.626976 0.548673 
18400 0.0769656 0.167754 0.367827 0 0 0.612537 0.5356 
18600 0.075722 0.168026 0.35477 0 0 0.598393 0.5228 
18800 0.0745871 0.168299 0.342984 0 0 0.585831 0.51131 
19000 0.0734531 0.168568 0.331388 0 0 0.573422 0.499995 
19200 0.0723222 0.168821 0.320361 0 0 0.561475 0.489206 
19400 0.0712027 0.169072 0.309596 0 0 0.549824 0.478671 
19600 0.0701003 0.16932 0.299226 0 0 0.538616 0.468517 
19800 0.0690321 0.169549 0.289429 0 0 0.527998 0.458945 
20000 0.067992 0.169765 0.280099 0 0 0.517862 0.449848 
20200 0.066982 0.169988 0.271286 0 0 0.508267 0.44129 
20400 0.0659866 0.170203 0.262621 0 0 0.498807 0.432811 
20600 0.065012 0.170412 0.25442 0 0 0.489825 0.424817 
20800 0.0640486 0.170616 0.24647 0 0 0.481099 0.417083 
21000 0.0631292 0.170806 0.23895 0 0 0.47284 0.409753 
21200 0.0622335 0.170987 0.231662 0 0 0.464831 0.40264 
21400 0.0613528 0.171166 0.224743 0 0 0.45721 0.395892 
21600 0.0604821 0.171343 0.218068 0 0 0.449847 0.389387 
21800 0.0596148 0.171511 0.211596 0 0 0.442687 0.383075 
22000 0.058751 0.17167 0.205325 0 0 0.435731 0.376957 
22200 0.0579107 0.171833 0.199251 0 0 0.42899 0.371053 
22400 0.0571058 0.172001 0.19347 0 0 0.422572 0.36547 
22600 0.0563113 0.172163 0.187813 0 0 0.416286 0.359999 
22800 0.0555486 0.172307 0.182532 0 0 0.410397 0.354861 
23000 0.0547868 0.17245 0.177273 0 0 0.404531 0.349745 
23200 0.0540443 0.172577 0.17244 0 0 0.399087 0.345032 
23400 0.0533017 0.172704 0.167608 0 0 0.393642 0.340319 
23600 0.0525944 0.172826 0.163067 0 0 0.388511 0.335919 
23800 0.0518958 0.172947 0.158599 0 0 0.383457 0.331598 
24000 0.0512125 0.173066 0.154323 0 0 0.378613 0.327441 
24200 0.0505446 0.173183 0.150239 0 0 0.373979 0.323446 
24400 0.0498812 0.1733 0.146204 0 0 0.369393 0.319505 
24600 0.049243 0.173411 0.142442 0 0 0.365073 0.31587 
24800 0.0486048 0.173523 0.13868 0 0 0.360753 0.312235 
25000 0.0479784 0.173623 0.135087 0 0 0.35664 0.308726 
25200 0.0473559 0.173719 0.131549 0 0 0.352596 0.30526 
25400 0.0467479 0.173812 0.128137 0 0 0.348686 0.301929 
25600 0.0461668 0.1739 0.12496 0 0 0.345023 0.298853 
25800 0.0455856 0.173988 0.121782 0 0 0.341361 0.295776 
26000 0.0450173 0.174063 0.118763 0 0 0.337862 0.292824 
26200 0.0444512 0.174135 0.115771 0 0 0.334392 0.289894 
26400 0.0438974 0.174212 0.11288 0 0 0.331023 0.287072 
26600 0.0433661 0.174297 0.110177 0 0 0.327844 0.284454 
26800 0.0428349 0.174381 0.107473 0 0 0.324665 0.281835 
27000 0.0423155 0.174442 0.104897 0 0 0.321644 0.279332 
27200 0.0418 0.174495 0.102364 0 0 0.318675 0.276868 
27400 0.0412895 0.174549 0.0998668 0 0 0.315741 0.274438 
27600 0.0408071 0.174614 0.0975747 0 0 0.313007 0.272201 
27800 0.0403247 0.174679 0.0952826 0 0 0.310273 0.269965 
28000 0.0398485 0.174735 0.0930533 0 0 0.307612 0.267788 
28200 0.0393799 0.174782 0.0909007 0 0 0.30504 0.265682 
28400 0.0389113 0.174829 0.0887481 0 0 0.302469 0.263576 
28600 0.0384624 0.174876 0.0867541 0 0 0.300085 0.261628 
28800 0.0380201 0.174924 0.0848129 0 0 0.297763 0.259732 
29000 0.0375778 0.174972 0.0828716 0 0 0.295441 0.257836 
29200 0.0371565 0.175001 0.0810709 0 0 0.293257 0.256067 
29400 0.0367364 0.17503 0.0792776 0 0 0.29108 0.254305 
29600 0.0363174 0.17506 0.077494 0 0 0.288912 0.252553 
29800 0.0359094 0.175098 0.0757978 0 0 0.286825 0.250896 
30000 0.0355013 0.175137 0.0741016 0 0 0.284737 0.249238 
30200 0.0350992 0.175175 0.0724869 0 0 0.282754 0.247634 
30400 0.0347173 0.17519 0.0709542 0 0 0.280857 0.246141 
30600 0.0343355 0.175205 0.0694216 0 0 0.27896 0.244647 
30800 0.0339579 0.175222 0.0679266 0 0 0.277108 0.243184 
31000 0.03359 0.175246 0.0665193 0 0 0.275361 0.241789 
31200 0.0332222 0.17527 0.065112 0 0 0.273614 0.240394 
31400 0.032862 0.17529 0.063743 0 0 0.271906 0.239038 
31600 0.0325192 0.1753 0.0624631 0 0 0.270285 0.237774 
31800 0.0321765 0.175311 0.0611833 0 0 0.268664 0.236509 
32000 0.0318354 0.175322 0.0599189 0 0 0.267063 0.235258 
32200 0.0315012 0.175332 0.0587164 0 0 0.265539 0.234058 
32400 0.0311669 0.175343 0.0575139 0 0 0.264015 0.232858 
32600 0.0308347 0.175352 0.0563225 0 0 0.262504 0.231669 
32800 0.0305215 0.175347 0.0552313 0 0 0.261105 0.230584 
33000 0.0302082 0.175343 0.05414 0 0 0.259706 0.229498 
33200 0.029895 0.175338 0.0530488 0 0 0.258307 0.228413 
33400 0.0295923 0.175344 0.052032 0 0 0.256983 0.227388 
33600 0.0292908 0.175351 0.0510234 0 0 0.255668 0.226369 
33800 0.0289893 0.175358 0.0500148 0 0 0.254353 0.22535 
34000 0.0286974 0.175349 0.0490561 0 0 0.253093 0.224386 
34200 0.0284107 0.175332 0.0481243 0 0 0.251862 0.223452 
34400 0.028124 0.175315 0.0471925 0 0 0.250632 0.222518 
34600 0.0278429 0.175301 0.0462896 0 0 0.249436 0.221609 
34800 0.0275724 0.175293 0.0454404 0 0 0.248306 0.220748 
35000 0.0273018 0.175286 0.0445913 0 0 0.247176 0.219887 
35200 0.0270313 0.175278 0.0437422 0 0 0.246046 0.219026 
35400 0.0267681 0.175259 0.0429425 0 0 0.244972 0.218204 
35600 0.0265052 0.175239 0.0421455 0 0 0.243901 0.217383 
35800 0.0262424 0.175219 0.0413485 0 0 0.242829 0.216563 
36000 0.0259903 0.1752 0.0405957 0 0 0.241805 0.21579 
36200 0.0257469 0.17518 0.039879 0 0 0.240821 0.215056 
36400 0.0255036 0.17516 0.0391624 0 0 0.239836 0.214322 
36600 0.0252602 0.17514 0.0384457 0 0 0.238851 0.213587 
36800 0.0250249 0.17512 0.0377748 0 0 0.237918 0.21289 
37000 0.0247897 0.1751 0.0371039 0 0 0.236985 0.212193 
37200 0.0245544 0.17508 0.0364331 0 0 0.236053 0.211496 
37400 0.0243247 0.175055 0.0357873 0 0 0.235153 0.210825 
37600 0.0241018 0.175024 0.0351721 0 0 0.234293 0.210185 
37800 0.0238789 0.174992 0.034557 0 0 0.233434 0.209546 
38000 0.023656 0.17496 0.0339419 0 0 0.232575 0.208906 
38200 0.0234434 0.174936 0.0333721 0 0 0.231764 0.208306 
38400 0.0232334 0.174913 0.0328137 0 0 0.230966 0.207716 
38600 0.0230235 0.174891 0.0322553 0 0 0.230167 0.207126 
38800 0.0228138 0.174867 0.0316984 0 0 0.22937 0.206538 
39000 0.0226096 0.174826 0.0311725 0 0 0.228605 0.205984 
39200 0.0224054 0.174785 0.0306465 0 0 0.227839 0.205431 
39400 0.0222013 0.174744 0.0301205 0 0 0.227073 0.204877 
39600 0.0220011 0.174706 0.0296081 0 0 0.226323 0.204331 
39800 0.0218103 0.174675 0.0291272 0 0 0.22561 0.203802 
40000 0.0216194 0.174644 0.0286463 0 0 0.224898 0.203274 
40200 0.0214316 0.174606 0.0281809 0 0 0.22421 0.202784 
40400 0.0212465 0.174566 0.0277263 0 0 0.223534 0.2023 
40600 0.0210655 0.174524 0.0272876 0 0 0.222874 0.201823 
40800 0.0208846 0.174483 0.0268489 0 0 0.222214 0.201347 
41000 0.0207036 0.174441 0.0264103 0 0 0.221554 0.200871 
41200 0.0205258 0.174399 0.0259869 0 0 0.220911 0.200408 
41400 0.0203518 0.174357 0.0255823 0 0 0.220289 0.199959 
41600 0.0201778 0.174314 0.0251777 0 0 0.219667 0.199511 
41800 0.0200037 0.174271 0.024773 0 0 0.219045 0.199063 
42000 0.0198343 0.174229 0.024383 0 0 0.218443 0.198626 
42200 0.0196703 0.174186 0.0240107 0 0 0.217865 0.198204 
42400 0.0195064 0.174144 0.0236385 0 0 0.217287 0.197782 
42600 0.0193425 0.174101 0.0232663 0 0 0.216709 0.19736 
42800 0.0191811 0.174058 0.0229034 0 0 0.21614 0.19695 
43000 0.0190244 0.174014 0.0225579 0 0 0.215588 0.196562 
43200 0.0188677 0.173971 0.0222124 0 0 0.215035 0.196175 
43400 0.018711 0.173927 0.0218669 0 0 0.214483 0.195787 
43600 0.0185563 0.173882 0.0215281 0 0 0.21394 0.195404 
43800 0.0184099 0.173832 0.021216 0 0 0.213434 0.195037 
44000 0.0182635 0.173781 0.0209039 0 0 0.212929 0.194671 
44200 0.0181172 0.173731 0.0205919 0 0 0.212423 0.194304 
44400 0.0179708 0.173681 0.0202798 0 0 0.211918 0.193938 
44600 0.0178278 0.173628 0.0199854 0 0 0.211427 0.193593 
44800 0.0176853 0.173574 0.0196931 0 0 0.210939 0.19325 
45000 0.0175427 0.173521 0.0194007 0 0 0.21045 0.192908 
45200 0.0174002 0.173468 0.0191084 0 0 0.209962 0.192566 
45400 0.0172633 0.173411 0.0188319 0 0 0.209493 0.192239 
45600 0.0171303 0.173351 0.018566 0 0 0.209037 0.191922 
45800 0.0169973 0.173292 0.0183001 0 0 0.208582 0.191605 
46000 0.0168642 0.173232 0.0180342 0 0 0.208126 0.191289 
46200 0.0167321 0.173174 0.0177713 0 0 0.207675 0.190974 
46400 0.0166052 0.173124 0.0175254 0 0 0.20725 0.190668 
46600 0.0164783 0.173074 0.0172795 0 0 0.206824 0.190362 
46800 0.0163514 0.173023 0.0170337 0 0 0.206398 0.190056 
47000 0.0162245 0.172973 0.0167878 0 0 0.205972 0.189749 
47200 0.0161016 0.172917 0.0165544 0 0 0.205561 0.189457 
47400 0.0159808 0.172857 0.0163277 0 0 0.205159 0.189171 
47600 0.0158601 0.172797 0.0161011 0 0 0.204756 0.188885 
47800 0.0157394 0.172738 0.0158745 0 0 0.204353 0.188599 
48000 0.015619 0.172678 0.0156488 0 0 0.203951 0.188315 
48200 0.0155045 0.172619 0.0154414 0 0 0.203573 0.188047 
48400 0.01539 0.172561 0.0152341 0 0 0.203194 0.18778 
48600 0.0152755 0.172503 0.0150267 0 0 0.202815 0.187513 
48800 0.0151609 0.172444 0.0148193 0 0 0.202437 0.187246 
49000 0.0150487 0.172386 0.0146181 0 0 0.202065 0.186986 
49200 0.0149406 0.172329 0.0144281 0 0 0.201707 0.186738 
49400 0.0148326 0.172272 0.0142381 0 0 0.201349 0.186491 
49600 0.0147245 0.172214 0.0140482 0 0 0.20099 0.186243 
49800 0.0146164 0.172157 0.0138582 0 0 0.200632 0.185995 
50000 0.0145095 0.17208 0.0136695 0 0 0.200252 0.185752 
50200 0.0144063 0.172017 0.0134941 0 0 0.199907 0.185509 
50400 0.014303 0.171954 0.0133187 0 0 0.199563 0.185267 
50600 0.0141998 0.17189 0.0131434 0 0 0.199219 0.185024 
50800 0.0140965 0.171827 0.012968 0 0 0.198875 0.184782 
51000 0.0139974 0.171764 0.0128028 0 0 0.198548 0.184553 
51200 0.0139001 0.1717 0.0126419 0 0 0.198229 0.184329 
51400 0.0138028 0.171636 0.0124811 0 0 0.19791 0.184105 
51600 0.0137055 0.171572 0.0123202 0 0 0.197591 0.183881 
51800 0.0136082 0.171508 0.0121594 0 0 0.197272 0.183658 
52000 0.0135138 0.171443 0.012006 0 0 0.196965 0.183444 
52200 0.0134205 0.171377 0.011856 0 0 0.196662 0.183234 
52400 0.0133273 0.171312 0.0117059 0 0 0.196359 0.183024 
52600 0.0132341 0.171247 0.0115558 0 0 0.196057 0.182814 
52800 0.0131409 0.171181 0.0114057 0 0 0.195754 0.182604 
53000 0.0130514 0.171118 0.0112648 0 0 0.195459 0.182401 
53200 0.012964 0.171056 0.0111289 0 0 0.195167 0.182201 
53400 0.0128766 0.170994 0.0109929 0 0 0.194875 0.182002 
53600 0.0127893 0.170932 0.010857 0 0 0.194583 0.181802 
53800 0.0127019 0.17087 0.010721 0 0 0.194291 0.181602 
54000 0.0126161 0.170803 0.0105895 0 0 0.194006 0.181404 
54200 0.0125324 0.170732 0.0104632 0 0 0.193728 0.181208 
54400 0.0124487 0.17066 0.010337 0 0 0.19345 0.181011 
54600 0.012365 0.170589 0.0102108 0 0 0.193172 0.180815 
54800 0.0122813 0.170518 0.0100846 0 0 0.192894 0.180619 
55000 0.0121984 0.170448 0.00996031 0 0 0.19262 0.180425 
55200 0.0121184 0.170386 0.00984388 0 0 0.192358 0.180244 
55400 0.0120383 0.170325 0.00972745 0 0 0.192097 0.180062 
55600 0.0119583 0.170263 0.00961103 0 0 0.191835 0.17988 
55800 0.0118783 0.170201 0.0094946 0 0 0.191574 0.179698 
56000 0.0117982 0.170139 0.00937818 0 0 0.191312 0.179517 
56200 0.0117232 0.170072 0.0092706 0 0 0.19106 0.17934 
56400 0.011649 0.170003 0.00916458 0 0 0.19081 0.179164 
56600 0.0115748 0.169934 0.00905856 0 0 0.190559 0.178988 
56800 0.0115006 0.169865 0.00895255 0 0 0.190309 0.178812 
57000 0.0114264 0.169796 0.00884653 0 0 0.190058 0.178636 
57200 0.0113531 0.169726 0.00874349 0 0 0.189812 0.178462 
57400 0.0112815 0.169651 0.00864596 0 0 0.189574 0.178293 
57600 0.0112098 0.169577 0.00854844 0 0 0.189336 0.178124 
57800 0.0111382 0.169503 0.00845091 0 0 0.189098 0.177955 
58000 0.0110665 0.169428 0.00835339 0 0 0.18886 0.177786 
58200 0.0109948 0.169354 0.00825586 0 0 0.188622 0.177617 
58400 0.0109266 0.169286 0.00816407 0 0 0.188389 0.177456 
58600 0.0108595 0.169219 0.0080742 0 0 0.188159 0.177298 
58800 0.0107924 0.169153 0.00798432 0 0 0.187928 0.177139 
59000 0.0107253 0.169086 0.00789445 0 0 0.187697 0.176981 
59200 0.0106582 0.16902 0.00780458 0 0 0.187467 0.176823 
59400 0.0105911 0.168953 0.00771492 0 0 0.187237 0.176665 
59600 0.0105255 0.168882 0.00762935 0 0 0.187025 0.176507 
59800 0.0104598 0.168811 0.00754378 0 0 0.186814 0.176349 
60000 0.0103941 0.16874 0.0074582 0 0 0.186602 0.176191 
60200 0.0103308 0.168665 0.00737725 0 0 0.186379 0.176041 
60400 0.0102675 0.16859 0.00729629 0 0 0.186155 0.175891 
60600 0.0102047 0.168517 0.00721659 0 0 0.185937 0.175741 
60800 0.0101437 0.168451 0.00714064 0 0 0.185732 0.175591 
61000 0.0100826 0.168385 0.0070647 0 0 0.185526 0.175442 
61200 0.0100216 0.168319 0.00698875 0 0 0.185321 0.175293 
61400 0.00996056 0.168253 0.0069128 0 0 0.185116 0.175144 
61600 0.00989952 0.168187 0.00683685 0 0 0.184911 0.174995 
61800 0.00983988 0.16812 0.0067629 0 0 0.184708 0.174849 
62000 0.00978283 0.168049 0.00669265 0 0 0.18451 0.174712 
62200 0.00972579 0.167977 0.00662241 0 0 0.184313 0.174574 
62400 0.00966874 0.167906 0.00655216 0 0 0.184115 0.174437 
62600 0.00961169 0.167835 0.00648192 0 0 0.183917 0.174299 
62800 0.00955465 0.167764 0.00641167 0 0 0.183719 0.174162 
63000 0.00949824 0.167691 0.00634312 0 0 0.183523 0.174025 
63200 0.00944332 0.167616 0.00627853 0 0 0.183329 0.17389 
63400 0.0093884 0.16754 0.00621393 0 0 0.183135 0.173755 
63600 0.00933348 0.167465 0.00614934 0 0 0.182941 0.173619 
63800 0.00927856 0.167389 0.00608474 0 0 0.182747 0.173484 
64000 0.00922365 0.167314 0.00602014 0 0 0.182553 0.173349 
64200 0.00916918 0.167239 0.00595632 0 0 0.182361 0.173214 
64400 0.00911731 0.16717 0.00589688 0 0 0.182179 0.173084 
64600 0.00906543 0.1671 0.00583744 0 0 0.181997 0.172953 
64800 0.00901356 0.167031 0.005778 0 0 0.181815 0.172822 
65000 0.00896168 0.166961 0.00571856 0 0 0.181633 0.172691 
65200 0.00890981 0.166892 0.00565912 0 0 0.181451 0.17256 
65400 0.00885793 0.166823 0.00559968 0 0 0.181269 0.17243 
65600 0.00880873 0.166748 0.00554466 0 0 0.181093 0.172303 
65800 0.00875982 0.166673 0.00549012 0 0 0.180917 0.172176 
66000 0.00871091 0.166599 0.00543559 0 0 0.180741 0.172049 
66200 0.008662 0.166524 0.00538106 0 0 0.180565 0.171923 
66400 0.00861309 0.166449 0.00532653 0 0 0.180389 0.171796 
66600 0.00856418 0.166374 0.005272 0 0 0.180213 0.171669 
66800 0.00851639 0.166303 0.00521978 0 0 0.180042 0.171545 
67000 0.00846974 0.166237 0.00516987 0 0 0.179877 0.171421 
67200 0.00842308 0.16617 0.00511997 0 0 0.179712 0.171298 
67400 0.00837642 0.166103 0.00507006 0 0 0.179547 0.171175 
67600 0.00832976 0.166036 0.00502016 0 0 0.179382 0.171052 
67800 0.0082831 0.16597 0.00497025 0 0 0.179217 0.170929 
68000 0.00823644 0.165903 0.00492035 0 0 0.179052 0.170806 
68200 0.00819239 0.165831 0.00487405 0 0 0.17889 0.170691 
68400 0.00814847 0.165759 0.00482794 0 0 0.178728 0.170577 
68600 0.00810455 0.165687 0.00478184 0 0 0.178567 0.170463 
68800 0.00806062 0.165615 0.00473573 0 0 0.178405 0.170349 
69000 0.0080167 0.165543 0.00468962 0 0 0.178244 0.170235 
69200 0.00797278 0.165471 0.00464352 0 0 0.178082 0.170121 
69400 0.00792952 0.165399 0.00459845 0 0 0.177922 0.170006 
69600 0.0078878 0.165328 0.00455581 0 0 0.177764 0.169887 
69800 0.00784608 0.165256 0.00451318 0 0 0.177606 0.169769 
70000 0.00780436 0.165185 0.00447054 0 0 0.177447 0.16965 
70200 0.00776264 0.165114 0.0044279 0 0 0.177289 0.169532 
70400 0.00772092 0.165042 0.00438526 0 0 0.177131 0.169413 
70600 0.0076792 0.164971 0.00434263 0 0 0.176973 0.169295 
70800 0.00763851 0.164896 0.00430194 0 0 0.176818 0.169182 
71000 0.00759867 0.16482 0.00426284 0 0 0.176665 0.169074 
71200 0.00755882 0.164744 0.00422375 0 0 0.176513 0.168965 
71400 0.00751898 0.164667 0.00418465 0 0 0.17636 0.168857 
71600 0.00747913 0.164591 0.00414556 0 0 0.176208 0.168749 
71800 0.00743929 0.164514 0.00410646 0 0 0.176055 0.16864 
72000 0.00739944 0.164438 0.00406737 0 0 0.175902 0.168532 
72200 0.00736105 0.164366 0.00403038 0 0 0.175756 0.168422 
72400 0.00732344 0.164297 0.00399452 0 0 0.175612 0.16831 
72600 0.00728582 0.164227 0.00395866 0 0 0.175469 0.168199 
72800 0.00724821 0.164158 0.0039228 0 0 0.175326 0.168088 
73000 0.0072106 0.164089 0.00388694 0 0 0.175182 0.167976 
73200 0.00717298 0.164019 0.00385109 0 0 0.175039 0.167865 
73400 0.00713537 0.16395 0.00381523 0 0 0.174895 0.167753 
73600 0.0070991 0.163878 0.0037812 0 0 0.174754 0.167647 
73800 0.00706372 0.163804 0.00374839 0 0 0.174613 0.167544 
74000 0.00702834 0.16373 0.00371558 0 0 0.174473 0.16744 
74200 0.00699297 0.163657 0.00368277 0 0 0.174332 0.167337 
74400 0.00695759 0.163583 0.00364997 0 0 0.174192 0.167234 
74600 0.00692221 0.163509 0.00361716 0 0 0.174051 0.167131 
74800 0.00688683 0.163436 0.00358435 0 0 0.173911 0.167027 
75000 0.00685222 0.163363 0.00355247 0 0 0.173772 0.166925 
75200 0.00681876 0.16329 0.00352198 0 0 0.173635 0.166823 
75400 0.00678531 0.163218 0.00349149 0 0 0.173499 0.166722 
75600 0.00675185 0.163146 0.003461 0 0 0.173362 0.16662 
75800 0.00671839 0.163074 0.00343051 0 0 0.173226 0.166519 
76000 0.00668493 0.163002 0.00340002 0 0 0.173089 0.166418 
76200 0.00665147 0.162929 0.00336953 0 0 0.172952 0.166316 
76400 0.00661818 0.162857 0.0033393 0 0 0.172816 0.166215 
76600 0.0065864 0.162787 0.0033115 0 0 0.172684 0.166117 
76800 0.00655463 0.162716 0.00328369 0 0 0.172552 0.166019 
77000 0.00652286 0.162645 0.00325588 0 0 0.17242 0.16592 
77200 0.00649109 0.162574 0.00322807 0 0 0.172288 0.165822 
77400 0.00645931 0.162504 0.00320027 0 0 0.172156 0.165724 
77600 0.00642754 0.162433 0.00317246 0 0 0.172024 0.165626 
77800 0.00639577 0.162362 0.00314465 0 0 0.171892 0.165528 
78000 0.00636466 0.162291 0.00311811 0 0 0.171764 0.165428 
78200 0.006334 0.162221 0.00309241 0 0 0.171639 0.165327 
78400 0.00630333 0.16215 0.00306672 0 0 0.171514 0.165226 
78600 0.00627267 0.162079 0.00304102 0 0 0.171389 0.165125 
78800 0.00624201 0.162008 0.00301532 0 0 0.171263 0.165024 
79000 0.00621134 0.161938 0.00298963 0 0 0.171138 0.164923 
79200 0.00618068 0.161867 0.00296393 0 0 0.171013 0.164822 
79400 0.00615001 0.161796 0.00293823 0 0 0.170888 0.164721 
79600 0.00612163 0.161725 0.00291415 0 0 0.17076 0.164628 
79800 0.00609325 0.161654 0.00289008 0 0 0.170631 0.164534 
80000 0.00606487 0.161583 0.002866 0 0 0.170503 0.164441 
80200 0.00603688 0.161514 0.00284272 0 0 0.170385 0.164347 
80400 0.00600889 0.161446 0.00281945 0 0 0.170267 0.164252 
80600 0.0059809 0.161378 0.00279617 0 0 0.170149 0.164157 
80800 0.00595291 0.16131 0.0027729 0 0 0.170031 0.164063 
81000 0.00592511 0.16124 0.00275004 0 0 0.169912 0.163969 
81200 0.00589786 0.161168 0.00272844 0 0 0.169789 0.163878 
81400 0.00587061 0.161095 0.00270685 0 0 0.169666 0.163786 
81600 0.00584336 0.161022 0.00268525 0 0 0.169542 0.163695 
81800 0.00581611 0.160949 0.00266365 0 0 0.169419 0.163604 
82000 0.00578886 0.160876 0.00264205 0 0 0.169296 0.163512 
82200 0.00576161 0.160804 0.00262045 0 0 0.169173 0.163421 
82400 0.00573436 0.160731 0.00259885 0 0 0.16905 0.16333 
82600 0.00570758 0.160658 0.00257772 0 0 0.168929 0.163239 
82800 0.00568188 0.160586 0.00255767 0 0 0.168813 0.163148 
83000 0.00565618 0.160513 0.00253763 0 0 0.168697 0.163058 
83200 0.00563048 0.160441 0.00251758 0 0 0.168581 0.162967 
83400 0.00560478 0.160369 0.00249753 0 0 0.168465 0.162876 
83600 0.00557908 0.160296 0.00247749 0 0 0.168349 0.162786 
83800 0.00555338 0.160224 0.00245744 0 0 0.168233 0.162695 
84000 0.00552768 0.160152 0.00243739 0 0 0.168117 0.162605 
84200 0.00550235 0.16008 0.00241779 0 0 0.168001 0.162515 
84400 0.00547814 0.16001 0.00239952 0 0 0.167889 0.162428 
84600 0.00545392 0.159939 0.00238125 0 0 0.167777 0.162341 
84800 0.00542971 0.159869 0.00236298 0 0 0.167664 0.162254 
85000 0.0054055 0.159799 0.00234471 0 0 0.167552 0.162166 
85200 0.00538128 0.159729 0.00232644 0 0 0.16744 0.162079 
85400 0.00535707 0.159659 0.00230817 0 0 0.167327 0.161992 
85600 0.00533286 0.159589 0.0022899 0 0 0.167215 0.161905 
85800 0.00530865 0.159518 0.00227163 0 0 0.167103 0.161818 
86000 0.00528561 0.159448 0.00225469 0 0 0.166996 0.161731 
86200 0.00526258 0.159378 0.00223774 0 0 0.16689 0.161644 
86400 0.00523954 0.159308 0.0022208 0 0 0.166783 0.161557 
86600 0.00521651 0.159238 0.00220386 0 0 0.166677 0.16147 
86800 0.00519348 0.159168 0.00218691 0 0 0.16657 0.161384 
87000 0.00517044 0.159097 0.00216997 0 0 0.166464 0.161297 
87200 0.00514741 0.159027 0.00215302 0 0 0.166357 0.16121 
87400 0.00512438 0.158957 0.00213608 0 0 0.166251 0.161123 
87600 0.00510215 0.158888 0.00212009 0 0 0.166143 0.161035 
87800 0.00508035 0.15882 0.00210462 0 0 0.166035 0.160946 
88000 0.00505856 0.158751 0.00208914 0 0 0.165926 0.160858 
88200 0.00503677 0.158682 0.00207367 0 0 0.165818 0.16077 
88400 0.00501497 0.158614 0.0020582 0 0 0.165709 0.160681 
88600 0.00499318 0.158545 0.00204272 0 0 0.165601 0.160593 
88800 0.00497139 0.158477 0.00202725 0 0 0.165493 0.160504 
89000 0.00494959 0.158408 0.00201178 0 0 0.165384 0.160416 
89200 0.00492793 0.15834 0.00199643 0 0 0.165276 0.160328 
89400 0.00490744 0.158272 0.0019822 0 0 0.165171 0.160246 
89600 0.00488696 0.158204 0.00196796 0 0 0.165066 0.160164 
89800 0.00486647 0.158137 0.00195373 0 0 0.164961 0.160081 
90000 0.00484599 0.158069 0.0019395 0 0 0.164856 0.159999 
90200 0.0048255 0.158001 0.00192527 0 0 0.164751 0.159917 
90400 0.00480502 0.157933 0.00191104 0 0 0.164645 0.159835 
90600 0.00478453 0.157865 0.00189681 0 0 0.16454 0.159753 
90800 0.00476405 0.157798 0.00188257 0 0 0.164435 0.159671 
91000 0.00474392 0.157729 0.00186874 0 0 0.164332 0.15959 
91200 0.00472445 0.157659 0.00185566 0 0 0.164234 0.15951 
91400 0.00470498 0.157589 0.00184258 0 0 0.164135 0.15943 
91600 0.00468552 0.157519 0.0018295 0 0 0.164036 0.15935 
91800 0.00466605 0.157449 0.00181642 0 0 0.163938 0.15927 
92000 0.00464658 0.157379 0.00180333 0 0 0.163839 0.15919 
92200 0.00462712 0.157309 0.00179025 0 0 0.16374 0.15911 
92400 0.00460765 0.157239 0.00177717 0 0 0.163642 0.15903 
92600 0.00458818 0.157168 0.00176409 0 0 0.163543 0.15895 
92800 0.00456917 0.1571 0.00175145 0 0 0.163443 0.158869 
93000 0.00455073 0.157034 0.00173934 0 0 0.163342 0.158785 
93200 0.00453228 0.156968 0.00172723 0 0 0.163242 0.158702 
93400 0.00451384 0.156903 0.00171512 0 0 0.163141 0.158619 
93600 0.00449539 0.156837 0.00170301 0 0 0.16304 0.158536 
93800 0.00447695 0.156771 0.0016909 0 0 0.162939 0.158453 
94000 0.0044585 0.156705 0.00167879 0 0 0.162838 0.15837 
94200 0.00444006 0.156639 0.00166668 0 0 0.162737 0.158286 
94400 0.00442161 0.156573 0.00165458 0 0 0.162636 0.158203 
94600 0.00440354 0.156506 0.00164288 0 0 0.162538 0.158123 
94800 0.00438602 0.156438 0.0016318 0 0 0.162443 0.158046 
95000 0.00436851 0.15637 0.00162071 0 0 0.162348 0.157969 
95200 0.00435099 0.156302 0.00160963 0 0 0.162253 0.157892 
95400 0.00433348 0.156233 0.00159855 0 0 0.162158 0.157815 
95600 0.00431596 0.156165 0.00158747 0 0 0.162063 0.157738 
95800 0.00429844 0.156097 0.00157639 0 0 0.161968 0.157661 
96000 0.00428093 0.156029 0.00156531 0 0 0.161873 0.157584 
96200 0.00426341 0.155961 0.00155423 0 0 0.161778 0.157507 
96400 0.00424606 0.155893 0.00154328 0 0 0.161684 0.157431 
96600 0.00422961 0.155825 0.00153306 0 0 0.161591 0.157355 
96800 0.00421316 0.155758 0.00152285 0 0 0.161499 0.157279 
97000 0.00419671 0.15569 0.00151263 0 0 0.161406 0.157202 
97200 0.00418027 0.155623 0.00150242 0 0 0.161313 0.157126 
97400 0.00416382 0.155555 0.0014922 0 0 0.161221 0.15705 
97600 0.00414737 0.155488 0.00148199 0 0 0.161128 0.156974 
97800 0.00413092 0.15542 0.00147178 0 0 0.161035 0.156898 
98000 0.00411448 0.155353 0.00146156 0 0 0.160943 0.156822 
98200 0.00409803 0.155285 0.00145135 0 0 0.16085 0.156746 
98400 0.00408214 0.155218 0.00144175 0 0 0.160758 0.156671 
98600 0.00406644 0.155152 0.00143236 0 0 0.160666 0.156596 
98800 0.00405074 0.155085 0.00142297 0 0 0.160574 0.156521 
99000 0.00403504 0.155019 0.00141358 0 0 0.160482 0.156446 
99200 0.00401933 0.154952 0.00140419 0 0 0.16039 0.156371 
99400 0.00400363 0.154886 0.0013948 0 0 0.160298 0.156296 
99600 0.00398793 0.154819 0.00138541 0 0 0.160206 0.156221 
99800 0.00397223 0.154752 0.00137603 0 0 0.160114 0.156146 
100000 0.00395653 0.154686 0.00136664 0 0 0.160022 0.156071 
100200 0.00394383 0.154634 0.00135882 0 0 0.159918 0.155975 
100400 0.00392854 0.154567 0.00134996 0 0 0.159826 0.155899 
100600 0.00391325 0.154499 0.00134109 0 0 0.159735 0.155824 
100800 0.00389797 0.154432 0.00133222 0 0 0.159644 0.155749 
101000 0.00388268 0.154364 0.00132336 0 0 0.159553 0.155674 
101200 0.00386739 0.154297 0.00131449 0 0 0.159461 0.155598 
101400 0.0038521 0.154229 0.00130563 0 0 0.15937 0.155523 
101600 0.00383682 0.154162 0.00129676 0 0 0.159279 0.155448 
101800 0.00382153 0.154094 0.0012879 0 0 0.159187 0.155373 
102000 0.00380624 0.154027 0.00127903 0 0 0.159096 0.155298 
102200 0.00379165 0.153959 0.00127063 0 0 0.159007 0.155223 
102400 0.00377776 0.153891 0.0012627 0 0 0.158921 0.155148 
102600 0.00376387 0.153823 0.00125476 0 0 0.158835 0.155074 
102800 0.00374998 0.153755 0.00124682 0 0 0.158748 0.154999 
103000 0.00373609 0.153687 0.00123889 0 0 0.158662 0.154924 
103200 0.0037222 0.153619 0.00123095 0 0 0.158575 0.15485 
103400 0.00370831 0.153551 0.00122302 0 0 0.158489 0.154775 
103600 0.00369441 0.153483 0.00121508 0 0 0.158403 0.154701 
103800 0.00368052 0.153416 0.00120714 0 0 0.158316 0.154626 
104000 0.00366663 0.153348 0.00119921 0 0 0.15823 0.154552 
104200 0.00365327 0.153283 0.00119172 0 0 0.158145 0.15448 
104400 0.00364043 0.153222 0.00118469 0 0 0.158063 0.154412 
104600 0.0036276 0.15316 0.00117766 0 0 0.157981 0.154343 
104800 0.00361476 0.153099 0.00117063 0 0 0.157899 0.154275 
105000 0.00360193 0.153037 0.0011636 0 0 0.157816 0.154207 
105200 0.00358909 0.152976 0.00115657 0 0 0.157734 0.154138 
105400 0.00357626 0.152915 0.00114954 0 0 0.157652 0.15407 
105600 0.00356342 0.152853 0.00114251 0 0 0.157569 0.154001 
105800 0.00355059 0.152792 0.00113548 0 0 0.157487 0.153933 
106000 0.00353775 0.15273 0.00112845 0 0 0.157405 0.153865 
106200 0.00352492 0.152669 0.00112142 0 0 0.157323 0.153796 
106400 0.00351192 0.152601 0.00111446 0 0 0.157237 0.153722 
106600 0.00349893 0.152533 0.0011075 0 0 0.157151 0.153647 
106800 0.00348594 0.152465 0.00110055 0 0 0.157065 0.153573 
107000 0.00347295 0.152397 0.00109359 0 0 0.156979 0.153498 
107200 0.00345996 0.152329 0.00108664 0 0 0.156893 0.153424 
107400 0.00344697 0.152261 0.00107968 0 0 0.156807 0.153349 
107600 0.00343398 0.152194 0.00107273 0 0 0.156721 0.153274 
107800 0.00342098 0.152126 0.00106577 0 0 0.156635 0.1532 
108000 0.00340799 0.152058 0.00105881 0 0 0.156549 0.153125 
108200 0.003395 0.15199 0.00105186 0 0 0.156462 0.153051 
108400 0.00338363 0.151931 0.00104591 0 0 0.156384 0.152986 
108600 0.00337226 0.151873 0.00103996 0 0 0.156306 0.152921 
108800 0.00336089 0.151814 0.00103401 0 0 0.156228 0.152857 
109000 0.00334952 0.151755 0.00102806 0 0 0.15615 0.152792 
109200 0.00333815 0.151697 0.00102211 0 0 0.156072 0.152728 
109400 0.00332678 0.151638 0.00101616 0 0 0.155993 0.152663 
109600 0.00331541 0.15158 0.00101022 0 0 0.155915 0.152598 
109800 0.00330404 0.151521 0.00100427 0 0 0.155837 0.152534 
110000 0.00329267 0.151462 0.000998318 0 0 0.155759 0.152469 
110200 0.0032813 0.151404 0.000992369 0 0 0.155681 0.152404 
110400 0.00326993 0.151345 0.00098642 0 0 0.155602 0.15234 
110600 0.00325848 0.15128 0.000980603 0 0 0.15552 0.152269 
110800 0.00324704 0.151216 0.000974786 0 0 0.155438 0.152198 
111000 0.00323559 0.151151 0.000968968 0 0 0.155357 0.152127 
111200 0.00322414 0.151086 0.000963151 0 0 0.155275 0.152056 
111400 0.00321269 0.151022 0.000957334 0 0 0.155193 0.151985 
111600 0.00320124 0.150957 0.000951517 0 0 0.155111 0.151914 
111800 0.00318979 0.150892 0.0009457 0 0 0.155029 0.151843 
112000 0.00317834 0.150828 0.000939882 0 0 0.154947 0.151772 
112200 0.00316689 0.150763 0.000934065 0 0 0.154865 0.151701 
112400 0.00315544 0.150698 0.000928248 0 0 0.154783 0.15163 
112600 0.00314444 0.150635 0.000922741 0 0 0.154703 0.15156 
112800 0.00313388 0.150572 0.000917544 0 0 0.154625 0.151492 
113000 0.00312332 0.150509 0.000912346 0 0 0.154547 0.151424 
113200 0.00311277 0.150447 0.000907149 0 0 0.154468 0.151356 
113400 0.00310221 0.150384 0.000901951 0 0 0.15439 0.151288 
113600 0.00309165 0.150321 0.000896754 0 0 0.154312 0.15122 
113800 0.0030811 0.150258 0.000891556 0 0 0.154234 0.151152 
114000 0.00307054 0.150196 0.000886359 0 0 0.154156 0.151084 
114200 0.00305998 0.150133 0.000881162 0 0 0.154078 0.151016 
114400 0.00304943 0.15007 0.000875964 0 0 0.153999 0.150948 
114600 0.00303887 0.150008 0.000870767 0 0 0.153921 0.150879 
114800 0.00302872 0.149946 0.000865832 0 0 0.153845 0.150813 
115000 0.00301899 0.149886 0.000861162 0 0 0.15377 0.150748 
115200 0.00300925 0.149826 0.000856491 0 0 0.153695 0.150683 
115400 0.00299951 0.149766 0.00085182 0 0 0.15362 0.150618 
115600 0.00298977 0.149706 0.000847149 0 0 0.153545 0.150552 
115800 0.00298003 0.149646 0.000842478 0 0 0.153471 0.150487 
116000 0.0029703 0.149586 0.000837807 0 0 0.153396 0.150422 
116200 0.00296056 0.149527 0.000833136 0 0 0.153321 0.150357 
116400 0.00295082 0.149467 0.000828466 0 0 0.153246 0.150292 
116600 0.00294108 0.149407 0.000823795 0 0 0.153171 0.150227 
116800 0.00293134 0.149347 0.000819124 0 0 0.153097 0.150162 
117000 0.00292161 0.149287 0.000814453 0 0 0.153022 0.150097 
117200 0.0029118 0.149224 0.000809872 0 0 0.152944 0.150032 
117400 0.00290199 0.149161 0.00080529 0 0 0.152867 0.149967 
117600 0.00289218 0.149099 0.000800708 0 0 0.152789 0.149903 
117800 0.00288237 0.149036 0.000796127 0 0 0.152712 0.149838 
118000 0.00287256 0.148973 0.000791545 0 0 0.152634 0.149773 
118200 0.00286275 0.14891 0.000786963 0 0 0.152557 0.149709 
118400 0.00285294 0.148848 0.000782382 0 0 0.152479 0.149644 
118600 0.00284313 0.148785 0.0007778 0 0 0.152401 0.14958 
118800 0.00283333 0.148722 0.000773218 0 0 0.152324 0.149515 
119000 0.00282352 0.14866 0.000768636 0 0 0.152246 0.14945 
119200 0.00281371 0.148597 0.000764055 0 0 0.152169 0.149386 
119400 0.00280503 0.148539 0.000760125 0 0 0.152098 0.149323 
119600 0.00279635 0.148482 0.000756196 0 0 0.152027 0.14926 
119800 0.00278767 0.148424 0.000752266 0 0 0.151956 0.149198 
120000 0.00277899 0.148366 0.000748337 0 0 0.151884 0.149135 
120200 0.00277032 0.148308 0.000744407 0 0 0.151813 0.149072 
120400 0.00276164 0.148251 0.000740478 0 0 0.151742 0.14901 
120600 0.00275296 0.148193 0.000736548 0 0 0.151671 0.148947 
120800 0.00274428 0.148135 0.000732619 0 0 0.1516 0.148884 
121000 0.0027356 0.148077 0.000728689 0 0 0.151529 0.148822 
121200 0.00272693 0.14802 0.00072476 0 0 0.151458 0.148759 
121400 0.00271825 0.147962 0.00072083 0 0 0.151387 0.148696 
121600 0.00270957 0.147904 0.000716901 0 0 0.151316 0.148633 
121800 0.0027012 0.147847 0.000713198 0 0 0.151248 0.148571 
122000 0.00269283 0.147789 0.000709496 0 0 0.151179 0.148509 
122200 0.00268446 0.147732 0.000705793 0 0 0.151111 0.148446 
122400 0.00267609 0.147674 0.000702091 0 0 0.151043 0.148384 
122600 0.00266772 0.147617 0.000698388 0 0 0.150975 0.148321 
122800 0.00265935 0.147559 0.000694686 0 0 0.150907 0.148259 
123000 0.00265099 0.147502 0.000690983 0 0 0.150838 0.148197 
123200 0.00264262 0.147444 0.00068728 0 0 0.15077 0.148134 
123400 0.00263425 0.147387 0.000683578 0 0 0.150702 0.148072 
123600 0.00262588 0.147329 0.000679875 0 0 0.150634 0.148009 
123800 0.00261751 0.147272 0.000676173 0 0 0.150566 0.147947 
124000 0.00260914 0.147214 0.00067247 0 0 0.150497 0.147885 
124200 0.00260108 0.147154 0.000669017 0 0 0.150426 0.147822 
124400 0.00259303 0.147093 0.000665563 0 0 0.150355 0.14776 
124600 0.00258497 0.147033 0.00066211 0 0 0.150283 0.147697 
124800 0.00257692 0.146972 0.000658657 0 0 0.150212 0.147635 
125000 0.00256886 0.146911 0.000655203 0 0 0.15014 0.147573 
125200 0.0025608 0.146851 0.00065175 0 0 0.150069 0.14751 
125400 0.00255275 0.14679 0.000648296 0 0 0.149998 0.147448 
125600 0.00254469 0.146729 0.000644843 0 0 0.149926 0.147385 
125800 0.00253664 0.146669 0.000641389 0 0 0.149855 0.147323 
126000 0.00252858 0.146608 0.000637936 0 0 0.149784 0.147261 
126200 0.00252052 0.146548 0.000634482 0 0 0.149712 0.147198 
126400 0.00251247 0.146487 0.000631029 0 0 0.149641 0.147136 
126600 0.0025047 0.146429 0.00062779 0 0 0.14957 0.147073 
126800 0.00249693 0.14637 0.000624552 0 0 0.1495 0.14701 
127000 0.00248916 0.146312 0.000621313 0 0 0.149429 0.146948 
127200 0.00248139 0.146254 0.000618074 0 0 0.149359 0.146885 
127400 0.00247362 0.146195 0.000614835 0 0 0.149288 0.146822 
127600 0.00246585 0.146137 0.000611597 0 0 0.149218 0.14676 
127800 0.00245808 0.146079 0.000608358 0 0 0.149147 0.146697 
128000 0.00245031 0.14602 0.000605119 0 0 0.149077 0.146634 
128200 0.00244253 0.145962 0.00060188 0 0 0.149006 0.146572 
128400 0.00243476 0.145904 0.000598641 0 0 0.148936 0.146509 
128600 0.00242699 0.145845 0.000595403 0 0 0.148866 0.146446 
128800 0.00241922 0.145787 0.000592164 0 0 0.148795 0.146384 
129000 0.0024123 0.14573 0.000589353 0 0 0.148729 0.146326 
129200 0.00240538 0.145673 0.000586542 0 0 0.148663 0.146268 
129400 0.00239846 0.145617 0.000583731 0 0 0.148597 0.14621 
129600 0.00239154 0.14556 0.00058092 0 0 0.148532 0.146152 
129800 0.00238462 0.145503 0.000578109 0 0 0.148466 0.146094 
130000 0.0023777 0.145446 0.000575298 0 0 0.1484 0.146036 
130200 0.00237078 0.145389 0.000572487 0 0 0.148334 0.145979 
130400 0.00236386 0.145333 0.000569676 0 0 0.148268 0.145921 
130600 0.00235694 0.145276 0.000566865 0 0 0.148202 0.145863 
130800 0.00235002 0.145219 0.000564054 0 0 0.148136 0.145805 
131000 0.0023431 0.145162 0.000561243 0 0 0.14807 0.145747 
131200 0.00233618 0.145106 0.000558431 0 0 0.148005 0.145689 
131400 0.00232926 0.145049 0.00055562 0 0 0.147939 0.145631 
131600 0.00232235 0.144993 0.000552883 0 0 0.147871 0.145568 
131800 0.00231544 0.144938 0.000550145 0 0 0.147803 0.145505 
132000 0.00230853 0.144883 0.000547407 0 0 0.147735 0.145442 
132200 0.00230162 0.144827 0.000544669 0 0 0.147667 0.145379 
132400 0.00229471 0.144772 0.000541931 0 0 0.147599 0.145315 
132600 0.0022878 0.144716 0.000539194 0 0 0.147531 0.145252 
132800 0.00228089 0.144661 0.000536456 0 0 0.147463 0.145189 
133000 0.00227398 0.144605 0.000533718 0 0 0.147395 0.145126 
133200 0.00226707 0.14455 0.00053098 0 0 0.147327 0.145063 
133400 0.00226016 0.144495 0.000528242 0 0 0.147259 0.144999 
133600 0.00225325 0.144439 0.000525504 0 0 0.147191 0.144936 
133800 0.00224634 0.144384 0.000522767 0 0 0.147123 0.144873 
134000 0.00223978 0.144329 0.000520211 0 0 0.147059 0.144814 
134200 0.00223359 0.144274 0.000517837 0 0 0.146999 0.144758 
134400 0.0022274 0.14422 0.000515463 0 0 0.146939 0.144703 
134600 0.0022212 0.144165 0.000513089 0 0 0.146879 0.144647 
134800 0.00221501 0.144111 0.000510715 0 0 0.146819 0.144592 
135000 0.00220881 0.144057 0.000508341 0 0 0.146759 0.144536 
135200 0.00220262 0.144002 0.000505967 0 0 0.146699 0.144481 
135400 0.00219643 0.143948 0.000503593 0 0 0.146639 0.144425 
135600 0.00219023 0.143893 0.000501219 0 0 0.146579 0.14437 
135800 0.00218404 0.143839 0.000498845 0 0 0.146518 0.144314 
136000 0.00217784 0.143785 0.000496471 0 0 0.146458 0.144259 
136200 0.00217165 0.14373 0.000494097 0 0 0.146398 0.144204 
136400 0.00216546 0.143676 0.000491723 0 0 0.146338 0.144148 
136600 0.00215926 0.143621 0.000489349 0 0 0.146278 0.144093 
136800 0.0021531 0.143565 0.000487034 0 0 0.146213 0.144035 
137000 0.00214694 0.143508 0.000484719 0 0 0.146147 0.143978 
137200 0.00214078 0.143451 0.000482404 0 0 0.146082 0.143921 
137400 0.00213462 0.143394 0.000480088 0 0 0.146017 0.143863 
137600 0.00212846 0.143337 0.000477773 0 0 0.145951 0.143806 
137800 0.0021223 0.143281 0.000475458 0 0 0.145886 0.143749 
138000 0.00211613 0.143224 0.000473143 0 0 0.145821 0.143691 
138200 0.00210997 0.143167 0.000470828 0 0 0.145755 0.143634 
138400 0.00210381 0.14311 0.000468513 0 0 0.14569 0.143577 
138600 0.00209765 0.143054 0.000466198 0 0 0.145625 0.143519 
138800 0.00209149 0.142997 0.000463882 0 0 0.145559 0.143462 
139000 0.00208533 0.14294 0.000461567 0 0 0.145494 0.143405 
139200 0.00207917 0.142883 0.000459252 0 0 0.145429 0.143348 
139400 0.00207341 0.142828 0.000457159 0 0 0.145366 0.143292 
139600 0.00206765 0.142772 0.000455066 0 0 0.145303 0.143236 
139800 0.00206189 0.142717 0.000452973 0 0 0.14524 0.14318 
140000 0.00205614 0.142662 0.00045088 0 0 0.145177 0.143124 
140200 0.00205038 0.142606 0.000448787 0 0 0.145114 0.143068 
140400 0.00204462 0.142551 0.000446694 0 0 0.145051 0.143012 
140600 0.00203887 0.142495 0.000444602 0 0 0.144988 0.142956 
140800 0.00203311 0.14244 0.000442509 0 0 0.144925 0.1429 
141000 0.00202735 0.142384 0.000440416 0 0 0.144863 0.142844 
141200 0.0020216 0.142329 0.000438323 0 0 0.1448 0.142788 
141400 0.00201584 0.142274 0.00043623 0 0 0.144737 0.142732 
141600 0.00201008 0.142218 0.000434137 0 0 0.144674 0.142676 
141800 0.00200433 0.142163 0.000432044 0 0 0.144611 0.14262 
142000 0.0019988 0.142109 0.000430053 0 0 0.144549 0.142564 
142200 0.0019935 0.142056 0.000428164 0 0 0.144488 0.142507 
142400 0.0019882 0.142003 0.000426274 0 0 0.144427 0.142451 
142600 0.0019829 0.141951 0.000424385 0 0 0.144366 0.142395 
142800 0.0019776 0.141898 0.000422496 0 0 0.144305 0.142338 
143000 0.0019723 0.141845 0.000420607 0 0 0.144245 0.142282 
143200 0.001967 0.141792 0.000418717 0 0 0.144184 0.142225 
143400 0.0019617 0.14174 0.000416828 0 0 0.144123 0.142169 
143600 0.0019564 0.141687 0.000414939 0 0 0.144062 0.142112 
143800 0.0019511 0.141634 0.000413049 0 0 0.144001 0.142056 
144000 0.0019458 0.141582 0.00041116 0 0 0.14394 0.142 
144200 0.0019405 0.141529 0.000409271 0 0 0.143879 0.141943 
144400 0.0019352 0.141476 0.000407382 0 0 0.143818 0.141887 
144600 0.0019299 0.141423 0.000405492 0 0 0.143757 0.14183 
144800 0.00192468 0.141371 0.000403662 0 0 0.143697 0.141775 
145000 0.00191954 0.141318 0.000401892 0 0 0.143636 0.141721 
145200 0.0019144 0.141265 0.000400121 0 0 0.143575 0.141668 
145400 0.00190926 0.141213 0.00039835 0 0 0.143515 0.141614 
145600 0.00190411 0.14116 0.000396579 0 0 0.143454 0.14156 
145800 0.00189897 0.141107 0.000394808 0 0 0.143393 0.141507 
146000 0.00189383 0.141054 0.000393037 0 0 0.143333 0.141453 
146200 0.00188869 0.141002 0.000391266 0 0 0.143272 0.141399 
146400 0.00188355 0.140949 0.000389496 0 0 0.143211 0.141345 
146600 0.00187841 0.140896 0.000387725 0 0 0.143151 0.141292 
146800 0.00187327 0.140844 0.000385954 0 0 0.14309 0.141238 
147000 0.00186813 0.140791 0.000384183 0 0 0.143029 0.141184 
147200 0.00186299 0.140738 0.000382412 0 0 0.142969 0.14113 
147400 0.00185785 0.140685 0.000380641 0 0 0.142908 0.141077 
147600 0.00185291 0.140634 0.000378959 0 0 0.142849 0.141023 
147800 0.00184818 0.140583 0.000377365 0 0 0.142793 0.140968 
148000 0.00184344 0.140531 0.00037577 0 0 0.142737 0.140913 
148200 0.00183871 0.14048 0.000374176 0 0 0.14268 0.140859 
148400 0.00183397 0.140429 0.000372582 0 0 0.142624 0.140804 
148600 0.00182923 0.140378 0.000370988 0 0 0.142568 0.140749 
148800 0.0018245 0.140327 0.000369394 0 0 0.142511 0.140695 
149000 0.00181976 0.140276 0.000367799 0 0 0.142455 0.14064 
149200 0.00181503 0.140225 0.000366205 0 0 0.142399 0.140585 
149400 0.00181029 0.140174 0.000364611 0 0 0.142342 0.140531 
149600 0.00180555 0.140123 0.000363017 0 0 0.142286 0.140476 
149800 0.00180082 0.140072 0.000361423 0 0 0.14223 0.140421 
150000 0.00179608 0.140021 0.000359828 0 0 0.142173 0.140367 
150200 0.00179101 0.139966 0.000358152 0 0 0.142118 0.140312 
150400 0.00178593 0.139911 0.000356475 0 0 0.142063 0.140256 
150600 0.00178149 0.139862 0.000355016 0 0 0.142006 0.140206 
150800 0.00177704 0.139812 0.000353558 0 0 0.14195 0.140156 
151000 0.0017726 0.139763 0.000352099 0 0 0.141893 0.140106 
151200 0.00176815 0.139714 0.000350641 0 0 0.141837 0.140056 
151400 0.00176371 0.139665 0.000349182 0 0 0.14178 0.140006 
151600 0.00175927 0.139616 0.000347723 0 0 0.141723 0.139956 
151800 0.00175482 0.139566 0.000346265 0 0 0.141667 0.139905 
152000 0.00175038 0.139517 0.000344806 0 0 0.14161 0.139855 
152200 0.00174593 0.139468 0.000343348 0 0 0.141553 0.139805 
152400 0.00174149 0.139419 0.000341889 0 0 0.141497 0.139755 
152600 0.00173705 0.13937 0.00034043 0 0 0.14144 0.139705 
152800 0.0017326 0.13932 0.000338972 0 0 0.141384 0.139655 
153000 0.00172816 0.139271 0.000337513 0 0 0.141327 0.139605 
153200 0.00172371 0.139222 0.000336055 0 0 0.14127 0.139554 
153400 0.00171927 0.139173 0.000334596 0 0 0.141214 0.139504 
153600 0.00171499 0.13912 0.000333231 0 0 0.141157 0.139451 
153800 0.00171072 0.139068 0.000331865 0 0 0.141101 0.139399 
154000 0.00170644 0.139016 0.0003305 0 0 0.141045 0.139346 
154200 0.00170217 0.138963 0.000329134 0 0 0.140988 0.139293 
154400 0.0016979 0.138911 0.000327769 0 0 0.140932 0.13924 
154600 0.00169362 0.138858 0.000326403 0 0 0.140876 0.139187 
154800 0.00168935 0.138806 0.000325038 0 0 0.140819 0.139134 
155000 0.00168507 0.138753 0.000323673 0 0 0.140763 0.139081 
155200 0.0016808 0.138701 0.000322307 0 0 0.140706 0.139028 
155400 0.00167652 0.138649 0.000320942 0 0 0.14065 0.138975 
155600 0.00167225 0.138596 0.000319576 0 0 0.140594 0.138923 
155800 0.00166797 0.138544 0.000318211 0 0 0.140537 0.13887 
156000 0.0016637 0.138491 0.000316845 0 0 0.140481 0.138817 
156200 0.00165942 0.138439 0.00031548 0 0 0.140425 0.138764 
156400 0.00165515 0.138387 0.000314115 0 0 0.140368 0.138711 
156600 0.00165102 0.138337 0.000312838 0 0 0.140311 0.138661 
156800 0.0016469 0.138287 0.00031156 0 0 0.140255 0.138611 
157000 0.00164277 0.138237 0.000310283 0 0 0.140198 0.138561 
157200 0.00163865 0.138188 0.000309006 0 0 0.140141 0.13851 
157400 0.00163452 0.138138 0.000307729 0 0 0.140084 0.13846 
157600 0.00163039 0.138088 0.000306452 0 0 0.140027 0.13841 
157800 0.00162627 0.138039 0.000305175 0 0 0.13997 0.13836 
158000 0.00162214 0.137989 0.000303898 0 0 0.139914 0.13831 
158200 0.00161802 0.137939 0.000302621 0 0 0.139857 0.13826 
158400 0.00161389 0.13789 0.000301344 0 0 0.1398 0.13821 
158600 0.00160977 0.13784 0.000300067 0 0 0.139743 0.138159 
158800 0.00160564 0.13779 0.00029879 0 0 0.139686 0.138109 
159000 0.00160151 0.137741 0.000297513 0 0 0.139629 0.138059 
159200 0.00159739 0.137691 0.000296236 0 0 0.139573 0.138009 
159400 0.00159326 0.137641 0.000294959 0 0 0.139516 0.137959 
159600 0.00158941 0.137593 0.000293797 0 0 0.139464 0.137908 
159800 0.00158556 0.137545 0.000292635 0 0 0.139411 0.137856 
160000 0.0015817 0.137497 0.000291473 0 0 0.139359 0.137805 
160200 0.00157785 0.137448 0.000290311 0 0 0.139307 0.137754 
160400 0.001574 0.1374 0.000289148 0 0 0.139255 0.137703 
160600 0.00157015 0.137352 0.000287986 0 0 0.139203 0.137652 
160800 0.00156629 0.137303 0.000286824 0 0 0.139151 0.1376 
161000 0.00156244 0.137255 0.000285662 0 0 0.139099 0.137549 
161200 0.00155859 0.137207 0.0002845 0 0 0.139047 0.137498 
161400 0.00155473 0.137159 0.000283338 0 0 0.138995 0.137447 
161600 0.00155088 0.13711 0.000282175 0 0 0.138943 0.137396 
161800 0.00154703 0.137062 0.000281013 0 0 0.13889 0.137345 
162000 0.00154318 0.137014 0.000279851 0 0 0.138838 0.137293 
162200 0.00153932 0.136965 0.000278689 0 0 0.138786 0.137242 
162400 0.00153547 0.136917 0.000277527 0 0 0.138734 0.137191 
162600 0.00153175 0.136869 0.000276416 0 0 0.138682 0.137141 
162800 0.00152815 0.136819 0.000275357 0 0 0.138629 0.137091 
163000 0.00152455 0.13677 0.000274298 0 0 0.138577 0.137041 
163200 0.00152095 0.136721 0.000273239 0 0 0.138524 0.136992 
163400 0.00151736 0.136672 0.00027218 0 0 0.138471 0.136942 
163600 0.00151376 0.136623 0.000271121 0 0 0.138419 0.136893 
163800 0.00151016 0.136574 0.000270062 0 0 0.138366 0.136843 
164000 0.00150657 0.136525 0.000269003 0 0 0.138313 0.136794 
164200 0.00150297 0.136475 0.000267945 0 0 0.138261 0.136744 
164400 0.00149937 0.136426 0.000266886 0 0 0.138208 0.136694 
164600 0.00149577 0.136377 0.000265827 0 0 0.138155 0.136645 
164800 0.00149218 0.136328 0.000264768 0 0 0.138103 0.136595 
165000 0.00148858 0.136279 0.000263709 0 0 0.13805 0.136546 
165200 0.00148498 0.13623 0.00026265 0 0 0.137998 0.136496 
165400 0.00148139 0.136181 0.000261591 0 0 0.137945 0.136446 
165600 0.00147779 0.136131 0.000260532 0 0 0.137892 0.136397 
165800 0.00147432 0.136084 0.000259522 0 0 0.13784 0.136349 
166000 0.00147098 0.136039 0.000258562 0 0 0.137788 0.136303 
166200 0.00146764 0.135993 0.000257602 0 0 0.137737 0.136258 
166400 0.0014643 0.135948 0.000256642 0 0 0.137685 0.136212 
166600 0.00146097 0.135903 0.000255683 0 0 0.137633 0.136166 
166800 0.00145763 0.135857 0.000254723 0 0 0.137582 0.13612 
167000 0.00145429 0.135812 0.000253763 0 0 0.13753 0.136074 
167200 0.00145095 0.135767 0.000252803 0 0 0.137478 0.136029 
167400 0.00144761 0.135721 0.000251843 0 0 0.137427 0.135983 
167600 0.00144427 0.135676 0.000250883 0 0 0.137375 0.135937 
167800 0.00144094 0.135631 0.000249923 0 0 0.137323 0.135891 
168000 0.0014376 0.135585 0.000248963 0 0 0.137272 0.135846 
168200 0.00143426 0.13554 0.000248003 0 0 0.13722 0.1358 
168400 0.00143092 0.135495 0.000247043 0 0 0.137168 0.135754 
168600 0.00142758 0.135449 0.000246083 0 0 0.137117 0.135708 
168800 0.00142424 0.135404 0.000245123 0 0 0.137065 0.135662 
169000 0.0014209 0.135358 0.000244163 0 0 0.137013 0.135617 
169200 0.00141767 0.135311 0.000243263 0 0 0.136962 0.135568 
169400 0.00141444 0.135263 0.000242363 0 0 0.136911 0.13552 
169600 0.0014112 0.135215 0.000241464 0 0 0.13686 0.135472 
169800 0.00140797 0.135168 0.000240564 0 0 0.136808 0.135424 
170000 0.00140473 0.13512 0.000239664 0 0 0.136757 0.135376 
170200 0.0014015 0.135073 0.000238765 0 0 0.136706 0.135328 
170400 0.00139826 0.135025 0.000237865 0 0 0.136655 0.13528 
170600 0.00139503 0.134977 0.000236965 0 0 0.136603 0.135232 
170800 0.00139179 0.13493 0.000236066 0 0 0.136552 0.135184 
171000 0.00138856 0.134882 0.000235166 0 0 0.136501 0.135136 
171200 0.00138532 0.134834 0.000234266 0 0 0.13645 0.135088 
171400 0.00138209 0.134787 0.000233367 0 0 0.136398 0.13504 
171600 0.00137885 0.134739 0.000232467 0 0 0.136347 0.134991 
171800 0.00137562 0.134691 0.000231567 0 0 0.136296 0.134943 
172000 0.00137238 0.134644 0.000230668 0 0 0.136245 0.134895 
172200 0.00136915 0.134596 0.000229768 0 0 0.136194 0.134847 
172400 0.00136598 0.134549 0.000228894 0 0 0.136143 0.134799 
172600 0.00136287 0.134504 0.000228046 0 0 0.136094 0.134751 
172800 0.00135976 0.134459 0.000227197 0 0 0.136045 0.134703 
173000 0.00135665 0.134413 0.000226349 0 0 0.135996 0.134655 
173200 0.00135355 0.134368 0.000225501 0 0 0.135947 0.134607 
173400 0.00135044 0.134323 0.000224652 0 0 0.135898 0.134559 
173600 0.00134733 0.134277 0.000223804 0 0 0.135848 0.134511 
173800 0.00134422 0.134232 0.000222956 0 0 0.135799 0.134463 
174000 0.00134112 0.134187 0.000222107 0 0 0.13575 0.134415 
174200 0.00133801 0.134141 0.000221259 0 0 0.135701 0.134366 
174400 0.0013349 0.134096 0.000220411 0 0 0.135652 0.134318 
174600 0.00133179 0.134051 0.000219563 0 0 0.135603 0.13427 
174800 0.00132868 0.134005 0.000218714 0 0 0.135554 0.134222 
175000 0.00132558 0.13396 0.000217866 0 0 0.135504 0.134174 
175200 0.00132247 0.133915 0.000217018 0 0 0.135455 0.134126 
175400 0.00131936 0.133869 0.000216169 0 0 0.135406 0.134078 
175600 0.00131625 0.133824 0.000215321 0 0 0.135357 0.13403 
175800 0.00131344 0.133778 0.000214576 0 0 0.135309 0.133985 
176000 0.00131063 0.133733 0.000213831 0 0 0.13526 0.133939 
176200 0.00130782 0.133688 0.000213086 0 0 0.135212 0.133894 
176400 0.00130501 0.133642 0.00021234 0 0 0.135164 0.133849 
176600 0.0013022 0.133597 0.000211595 0 0 0.135115 0.133803 
176800 0.00129939 0.133552 0.00021085 0 0 0.135067 0.133758 
177000 0.00129658 0.133506 0.000210105 0 0 0.135019 0.133713 
177200 0.00129377 0.133461 0.00020936 0 0 0.134971 0.133667 
177400 0.00129096 0.133416 0.000208615 0 0 0.134922 0.133622 
177600 0.00128814 0.13337 0.000207869 0 0 0.134874 0.133576 
177800 0.00128533 0.133325 0.000207124 0 0 0.134826 0.133531 
178000 0.00128252 0.13328 0.000206379 0 0 0.134777 0.133486 
178200 0.00127971 0.133234 0.000205634 0 0 0.134729 0.13344 
178400 0.0012769 0.133189 0.000204889 0 0 0.134681 0.133395 
178600 0.00127409 0.133144 0.000204144 0 0 0.134632 0.13335 
178800 0.00127128 0.133098 0.000203399 0 0 0.134584 0.133304 
179000 0.00126847 0.133053 0.000202653 0 0 0.134536 0.133259 
179200 0.00126571 0.133008 0.000201931 0 0 0.134487 0.133214 
179400 0.00126299 0.132963 0.000201233 0 0 0.134439 0.133168 
179600 0.00126027 0.132918 0.000200534 0 0 0.134391 0.133122 
179800 0.00125755 0.132873 0.000199835 0 0 0.134342 0.133076 
180000 0.00125484 0.132828 0.000199136 0 0 0.134294 0.133031 
180200 0.00125212 0.132783 0.000198437 0 0 0.134246 0.132985 
180400 0.0012494 0.132738 0.000197738 0 0 0.134198 0.132939 
180600 0.00124669 0.132693 0.000197039 0 0 0.134149 0.132893 
180800 0.00124397 0.132649 0.00019634 0 0 0.134101 0.132848 
181000 0.00124125 0.132604 0.000195642 0 0 0.134053 0.132802 
181200 0.00123854 0.132559 0.000194943 0 0 0.134004 0.132756 
181400 0.00123582 0.132514 0.000194244 0 0 0.133956 0.13271 
181600 0.0012331 0.132469 0.000193545 0 0 0.133908 0.132665 
181800 0.00123038 0.132424 0.000192846 0 0 0.133859 0.132619 
182000 0.00122767 0.132379 0.000192147 0 0 0.133811 0.132573 
182200 0.00122495 0.132334 0.000191448 0 0 0.133763 0.132527 
182400 0.00122223 0.132289 0.00019075 0 0 0.133714 0.132482 
182600 0.00121952 0.132244 0.000190051 0 0 0.133666 0.132436 
182800 0.0012169 0.132201 0.000189392 0 0 0.133618 0.132391 
183000 0.00121428 0.132158 0.000188733 0 0 0.133569 0.132345 
183200 0.00121166 0.132115 0.000188074 0 0 0.133521 0.1323 
183400 0.00120904 0.132071 0.000187415 0 0 0.133473 0.132255 
183600 0.00120642 0.132028 0.000186757 0 0 0.133425 0.132209 
183800 0.0012038 0.131985 0.000186098 0 0 0.133376 0.132164 
184000 0.00120118 0.131942 0.000185439 0 0 0.133328 0.132119 
184200 0.00119856 0.131899 0.00018478 0 0 0.13328 0.132073 
184400 0.00119595 0.131856 0.000184121 0 0 0.133231 0.132028 
184600 0.00119333 0.131812 0.000183463 0 0 0.133183 0.131983 
184800 0.00119071 0.131769 0.000182804 0 0 0.133135 0.131937 
185000 0.00118809 0.131726 0.000182145 0 0 0.133086 0.131892 
185200 0.00118547 0.131683 0.000181486 0 0 0.133038 0.131847 
185400 0.00118285 0.13164 0.000180827 0 0 0.13299 0.131801 
185600 0.00118023 0.131597 0.000180169 0 0 0.132941 0.131756 
185800 0.00117761 0.131553 0.00017951 0 0 0.132893 0.131711 
186000 0.00117499 0.13151 0.000178851 0 0 0.132845 0.131665 
186200 0.00117249 0.131467 0.000178229 0 0 0.132799 0.131622 
186400 0.0011701 0.131425 0.000177644 0 0 0.132755 0.131581 
186600 0.0011677 0.131382 0.000177058 0 0 0.132711 0.13154 
186800 0.00116531 0.131339 0.000176473 0 0 0.132668 0.131499 
187000 0.00116292 0.131297 0.000175888 0 0 0.132624 0.131458 
187200 0.00116052 0.131254 0.000175302 0 0 0.132581 0.131417 
187400 0.00115813 0.131211 0.000174717 0 0 0.132537 0.131376 
187600 0.00115574 0.131169 0.000174132 0 0 0.132493 0.131335 
187800 0.00115335 0.131126 0.000173546 0 0 0.13245 0.131294 
188000 0.00115095 0.131083 0.000172961 0 0 0.132406 0.131253 
188200 0.00114856 0.131041 0.000172376 0 0 0.132362 0.131212 
188400 0.00114617 0.130998 0.000171791 0 0 0.132319 0.131171 
188600 0.00114377 0.130955 0.000171205 0 0 0.132275 0.13113 
188800 0.00114138 0.130913 0.00017062 0 0 0.132231 0.131089 
189000 0.00113899 0.13087 0.000170035 0 0 0.132188 0.131048 
189200 0.0011366 0.130827 0.000169449 0 0 0.132144 0.131007 
189400 0.0011342 0.130784 0.000168864 0 0 0.1321 0.130966 
189600 0.00113181 0.130742 0.000168279 0 0 0.132057 0.130925 
189800 0.00112942 0.130699 0.000167693 0 0 0.132013 0.130884 
190000 0.00112713 0.130656 0.000167148 0 0 0.131967 0.130841 
190200 0.00112484 0.130613 0.000166602 0 0 0.131921 0.130798 
190400 0.00112256 0.13057 0.000166057 0 0 0.131875 0.130755 
190600 0.00112027 0.130528 0.000165511 0 0 0.13183 0.130712 
190800 0.00111798 0.130485 0.000164965 0 0 0.131784 0.130669 
191000 0.00111569 0.130442 0.00016442 0 0 0.131738 0.130627 
191200 0.00111341 0.130399 0.000163874 0 0 0.131692 0.130584 
191400 0.00111112 0.130356 0.000163328 0 0 0.131646 0.130541 
191600 0.00110883 0.130313 0.000162783 0 0 0.1316 0.130498 
191800 0.00110654 0.13027 0.000162237 0 0 0.131554 0.130455 
192000 0.00110426 0.130227 0.000161692 0 0 0.131508 0.130412 
192200 0.00110197 0.130185 0.000161146 0 0 0.131462 0.130369 
192400 0.00109968 0.130142 0.0001606 0 0 0.131417 0.130326 
192600 0.00109739 0.130099 0.000160055 0 0 0.131371 0.130283 
192800 0.00109511 0.130056 0.000159509 0 0 0.131325 0.130241 
193000 0.00109282 0.130013 0.000158964 0 0 0.131279 0.130198 
193200 0.00109053 0.12997 0.000158418 0 0 0.131233 0.130155 
193400 0.00108824 0.129927 0.000157872 0 0 0.131187 0.130112 
193600 0.00108602 0.129885 0.00015735 0 0 0.131142 0.13007 
193800 0.00108386 0.129844 0.000156851 0 0 0.131098 0.130028 
194000 0.0010817 0.129802 0.000156352 0 0 0.131053 0.129986 
194200 0.00107954 0.129761 0.000155853 0 0 0.131009 0.129944 
194400 0.00107738 0.12972 0.000155354 0 0 0.130964 0.129903 
194600 0.00107522 0.129678 0.000154855 0 0 0.13092 0.129861 
194800 0.00107306 0.129637 0.000154356 0 0 0.130875 0.129819 
195000 0.00107089 0.129595 0.000153857 0 0 0.130831 0.129777 
195200 0.00106873 0.129554 0.000153358 0 0 0.130786 0.129736 
195400 0.00106657 0.129513 0.000152859 0 0 0.130742 0.129694 
195600 0.00106441 0.129471 0.00015236 0 0 0.130697 0.129652 
195800 0.00106225 0.12943 0.000151861 0 0 0.130653 0.12961 
196000 0.00106009 0.129388 0.000151362 0 0 0.130608 0.129569 
196200 0.00105793 0.129347 0.000150863 0 0 0.130564 0.129527 
196400 0.00105577 0.129306 0.000150364 0 0 0.130519 0.129485 
196600 0.00105361 0.129264 0.000149865 0 0 0.130475 0.129443 
196800 0.00105145 0.129223 0.000149366 0 0 0.13043 0.129402 
197000 0.00104929 0.129182 0.000148867 0 0 0.130386 0.12936 
197200 0.00104713 0.12914 0.000148368 0 0 0.130341 0.129318 
197400 0.00104501 0.1291 0.000147883 0 0 0.130297 0.129276 
197600 0.00104295 0.12906 0.00014741 0 0 0.130254 0.129233 
197800 0.00104089 0.12902 0.000146937 0 0 0.130211 0.12919 
198000 0.00103883 0.12898 0.000146465 0 0 0.130168 0.129148 
198200 0.00103677 0.12894 0.000145992 0 0 0.130124 0.129105 
198400 0.0010347 0.1289 0.00014552 0 0 0.130081 0.129062 
198600 0.00103264 0.12886 0.000145047 0 0 0.130038 0.12902 
198800 0.00103058 0.128821 0.000144574 0 0 0.129995 0.128977 
199000 0.00102852 0.128781 0.000144102 0 0 0.129952 0.128934 
199200 0.00102645 0.128741 0.000143629 0 0 0.129908 0.128892 
199400 0.00102439 0.128701 0.000143157 0 0 0.129865 0.128849 
199600 0.00102233 0.128661 0.000142684 0 0 0.129822 0.128806 
199800 0.00102027 0.128621 0.000142211 0 0 0.129779 0.128764 
200000 0.00101821 0.128581 0.000141739 0 0 0.129736 0.128721 
