1000 2.52803 0.0131676 1567.42 0 0 1570 1567.42 
1200 2.42833 0.0174003 965.755 0 0 968.114 965.755 
1400 2.33337 0.0217753 640.899 0 0 643.258 640.899 
1600 2.23676 0.0260232 447.996 0 0 450.216 447.996 
1800 2.13947 0.0300344 325.737 0 0 327.881 325.737 
2000 2.04837 0.0338786 2774.62 0 0 2776.76 2774.62 
2200 1.96196 0.0374707 2269.3 0 0 2271.44 2269.3 
2400 1.88084 0.0408136 1825.1 0 0 1827.03 1825.25 
2600 1.80477 0.0439371 1465.56 0 0 1467.49 1465.56 
2800 1.73424 0.0468742 1187.46 0 0 1189.17 1187.46 
3000 1.66884 0.0496172 976.691 0 0 978.406 976.691 
3200 1.60827 0.0522056 818.21 0 0 819.925 818.21 
3400 1.55195 0.0546486 695.477 0 0 697.13 695.477 
3600 1.49926 0.056993 597.541 0 0 599.042 597.541 
3800 1.4503 0.0592024 517.771 0 0 519.271 517.979 
4000 1.40403 0.0613461 451.358 0 0 452.859 451.358 
4200 1.3608 0.0634134 395.666 0 0 396.952 395.666 
4400 1.31968 0.0654072 348.178 0 0 349.55 348.178 
4600 1.28076 0.0673501 307.712 0 0 309.191 307.905 
4800 1.24355 0.0692546 273.299 0 0 274.585 273.493 
5000 1.20827 0.0711022 243.798 0 0 245.084 243.798 
5200 1.17444 0.0729155 218.422 0 0 219.694 218.603 
5400 1.1418 0.0746983 196.453 0 0 197.671 196.539 
5600 1.11064 0.076429 177.321 0 0 178.499 177.385 
5800 1.08035 0.0781376 160.604 0 0 161.762 160.687 
6000 1.0511 0.0798292 145.85 0 0 146.986 145.935 
6200 1.02278 0.0814842 132.937 0 0 134.045 133.023 
6400 0.995304 0.0831046 121.397 0 0 122.47 121.463 
6600 0.968747 0.0847038 111.215 0 0 112.254 111.301 
6800 0.94293 0.0862612 102.056 0 0 103.083 102.141 
7000 0.918049 0.0878 93.9262 0 0 94.934 94.012 
7200 0.89376 0.089301 86.5663 0 0 87.5519 86.6521 
7400 0.870239 0.0907847 80.0202 0 0 80.9755 80.106 
7600 0.847434 0.0922536 74.0378 0 0 74.9812 74.1413 
7800 0.825381 0.0936642 68.6983 0 0 69.6168 68.7841 
8000 0.803867 0.0950746 63.7905 0 0 64.691 63.8762 
8200 0.78312 0.0964488 59.3948 0 0 60.2794 59.502 
8400 0.762799 0.0977911 55.3408 0 0 56.1986 55.448 
8600 0.743246 0.0991205 51.6738 0 0 52.5056 51.7766 
8800 0.724225 0.10042 48.3199 0 0 49.1347 48.4056 
9000 0.705942 0.101688 45.2332 0 0 46.048 45.331 
9200 0.688199 0.102928 42.4108 0 0 43.196 42.5032 
9400 0.670823 0.104142 39.807 0 0 40.5789 39.9099 
9600 0.65414 0.105334 37.397 0 0 38.1689 37.5042 
9800 0.637909 0.1065 35.1884 0 0 35.9398 35.2956 
10000 0.622252 0.10764 33.1496 0 0 33.8786 33.2568 
10200 0.607457 0.108733 31.3056 0 0 32.0132 31.4128 
10400 0.592182 0.109857 29.4901 0 0 30.1763 29.5973 
10600 0.578295 0.110899 27.9177 0 0 28.6039 28.0249 
10800 0.564817 0.11192 26.427 0 0 27.0927 26.5342 
11000 0.55134 0.112941 25.0138 0 0 25.6785 25.1404 
11200 0.538229 0.113962 23.6783 0 0 24.343 23.8069 
11400 0.52583 0.114927 22.4685 0 0 23.1166 22.5806 
11600 0.51395 0.115851 21.3587 0 0 21.9894 21.4715 
11800 0.502117 0.11679 20.2833 0 0 20.9014 20.4003 
12000 0.490811 0.117696 19.2854 0 0 19.8942 19.4034 
12200 0.480006 0.118565 18.364 0 0 18.9632 18.4819 
12400 0.469163 0.119447 17.4699 0 0 18.0583 17.5881 
12600 0.459214 0.120253 16.6757 0 0 17.2555 16.7956 
12800 0.449214 0.121089 15.8935 0 0 16.4644 16.0152 
13000 0.439487 0.121894 15.1645 0 0 15.7255 15.2867 
13200 0.430196 0.122669 14.4863 0 0 15.038 14.6086 
13400 0.421314 0.123425 13.8483 0 0 14.3919 13.9707 
13600 0.412572 0.124168 13.2396 0 0 13.7767 13.3638 
13800 0.404241 0.124886 12.6799 0 0 13.2092 12.8042 
14000 0.396061 0.125593 12.143 0 0 12.6652 12.2682 
14200 0.388027 0.126286 11.6276 0 0 12.1432 11.7541 
14400 0.380369 0.126945 11.1528 0 0 11.6608 11.2793 
14600 0.372941 0.127603 10.6976 0 0 11.199 10.8252 
14800 0.365661 0.128248 10.2614 0 0 10.756 10.39 
15000 0.358513 0.128867 9.84839 0 0 10.3351 9.97704 
15200 0.351748 0.129464 9.46672 0 0 9.9468 9.59537 
15400 0.345112 0.130053 9.09555 0 0 9.56964 9.22485 
15600 0.338679 0.130639 8.74247 0 0 9.21227 8.8732 
15800 0.332575 0.131181 8.41993 0 0 8.88294 8.55072 
16000 0.326544 0.131721 8.10563 0 0 8.56283 8.23698 
16200 0.320595 0.13226 7.80129 0 0 8.25434 7.93402 
16400 0.314764 0.132776 7.51223 0 0 7.95996 7.64517 
16600 0.309099 0.133279 7.23537 0 0 7.67805 7.3687 
16800 0.303771 0.13376 6.98066 0 0 7.41945 7.11529 
17000 0.298527 0.13424 6.73609 0 0 7.16929 6.87118 
17200 0.293329 0.134721 6.49698 0 0 6.92368 6.63206 
17400 0.288391 0.135176 6.27086 0 0 6.69366 6.40595 
17600 0.283551 0.135622 6.05312 0 0 6.47211 6.18864 
17800 0.278895 0.136051 5.85096 0 0 6.26626 5.9877 
18000 0.274313 0.136472 5.65614 0 0 6.06777 5.79337 
18200 0.269779 0.136889 5.46622 0 0 5.87418 5.60345 
18400 0.26535 0.137295 5.28568 0 0 5.68892 5.42291 
18600 0.260986 0.137696 5.10868 0 0 5.50716 5.24603 
18800 0.257045 0.138067 4.94874 0 0 5.34374 5.08724 
19000 0.253105 0.138435 4.79111 0 0 5.18263 4.93048 
19200 0.249164 0.138794 4.64043 0 0 5.02848 4.77981 
19400 0.245269 0.139153 4.49347 0 0 4.87804 4.63284 
19600 0.241445 0.139513 4.35207 0 0 4.73316 4.49144 
19800 0.237745 0.139857 4.21768 0 0 4.59568 4.35705 
20000 0.234149 0.140189 4.08902 0 0 4.46426 4.2284 
20200 0.230751 0.140509 3.96779 0 0 4.33891 4.10783 
20400 0.227232 0.140828 3.84794 0 0 4.21575 3.98907 
20600 0.22391 0.141141 3.73421 0 0 4.09878 3.87573 
20800 0.220694 0.141452 3.62378 0 0 3.98513 3.7653 
21000 0.217549 0.141745 3.51918 0 0 3.87805 3.6607 
21200 0.214442 0.142027 3.41773 0 0 3.7745 3.55924 
21400 0.211435 0.142306 3.32139 0 0 3.67549 3.46291 
21600 0.208494 0.142581 3.22848 0 0 3.57952 3.36999 
21800 0.205595 0.142857 3.13811 0 0 3.48609 3.27963 
22000 0.202736 0.143133 3.0503 0 0 3.39521 3.19182 
22200 0.199935 0.143398 2.9649 0 0 3.30718 3.10682 
22400 0.197223 0.143647 2.88312 0 0 3.22341 3.02604 
22600 0.194542 0.143895 2.80327 0 0 3.14133 2.94693 
22800 0.19196 0.144139 2.7292 0 0 3.06433 2.87286 
23000 0.189383 0.144382 2.6554 0 0 2.98766 2.79906 
23200 0.186934 0.14461 2.58678 0 0 2.91714 2.73045 
23400 0.184485 0.144839 2.51817 0 0 2.84662 2.66183 
23600 0.182123 0.145056 2.45298 0 0 2.7803 2.59739 
23800 0.179783 0.145271 2.38866 0 0 2.71505 2.534 
24000 0.1775 0.145483 2.3273 0 0 2.65185 2.4731 
24200 0.175274 0.145693 2.2689 0 0 2.59072 2.41471 
24400 0.173064 0.145901 2.21121 0 0 2.53044 2.35703 
24600 0.170946 0.146097 2.15752 0 0 2.47505 2.30343 
24800 0.168829 0.146294 2.10382 0 0 2.41966 2.24982 
25000 0.166752 0.146484 2.0522 0 0 2.36628 2.19849 
25200 0.164688 0.146671 2.00128 0 0 2.31357 2.14793 
25400 0.162671 0.146853 1.95209 0 0 2.26249 2.099 
25600 0.160741 0.147025 1.90611 0 0 2.21446 2.05311 
25800 0.158811 0.147196 1.86014 0 0 2.16643 2.00722 
26000 0.156933 0.147368 1.81636 0 0 2.12081 1.9636 
26200 0.155063 0.147539 1.77296 0 0 2.07561 1.92037 
26400 0.153236 0.147706 1.73098 0 0 2.03191 1.87859 
26600 0.151487 0.147862 1.69164 0 0 1.991 1.8395 
26800 0.149739 0.148019 1.65231 0 0 1.9501 1.80041 
27000 0.148022 0.148176 1.6147 0 0 1.91093 1.76293 
27200 0.146314 0.148332 1.57767 0 0 1.87233 1.72598 
27400 0.144624 0.148486 1.54116 0 0 1.83427 1.68956 
27600 0.143028 0.148621 1.50756 0 0 1.79925 1.65613 
27800 0.141431 0.148756 1.47397 0 0 1.76423 1.62269 
28000 0.139857 0.148891 1.44124 0 0 1.73006 1.59012 
28200 0.138308 0.149026 1.40955 0 0 1.69695 1.55859 
28400 0.136759 0.149161 1.37786 0 0 1.66383 1.52706 
28600 0.135281 0.149292 1.3484 0 0 1.63298 1.4977 
28800 0.133826 0.149422 1.31969 0 0 1.60288 1.46906 
29000 0.132371 0.149553 1.29097 0 0 1.57279 1.44042 
29200 0.130976 0.149674 1.26423 0 0 1.54484 1.41383 
29400 0.129584 0.149794 1.2376 0 0 1.517 1.38734 
29600 0.128196 0.149913 1.2111 0 0 1.48929 1.361 
29800 0.126838 0.150026 1.18588 0 0 1.46274 1.33588 
30000 0.12548 0.150138 1.16066 0 0 1.4362 1.31076 
30200 0.124154 0.150251 1.13652 0 0 1.4109 1.28665 
30400 0.122882 0.15036 1.1137 0 0 1.38692 1.26397 
30600 0.12161 0.150469 1.09087 0 0 1.36293 1.24129 
30800 0.120355 0.150573 1.06855 0 0 1.33947 1.21912 
31000 0.11914 0.150666 1.04739 0 0 1.31724 1.1981 
31200 0.117925 0.150759 1.02624 0 0 1.29501 1.17709 
31400 0.116732 0.150853 1.00566 0 0 1.27335 1.15663 
31600 0.115591 0.15095 0.98643 0 0 1.25302 1.13747 
31800 0.114449 0.151047 0.967201 0 0 1.23268 1.11831 
32000 0.113314 0.151142 0.948193 0 0 1.21258 1.09937 
32200 0.1122 0.151232 0.930071 0 0 1.19342 1.08132 
32400 0.111086 0.151322 0.911949 0 0 1.17426 1.06327 
32600 0.109979 0.151411 0.893984 0 0 1.15527 1.04537 
32800 0.108927 0.151492 0.877434 0 0 1.13778 1.02889 
33000 0.107875 0.151572 0.860883 0 0 1.12029 1.01241 
33200 0.106823 0.151652 0.844332 0 0 1.1028 0.995922 
33400 0.105815 0.151726 0.828842 0 0 1.08639 0.980557 
33600 0.104812 0.151798 0.81347 0 0 1.07009 0.965317 
33800 0.103809 0.151871 0.798097 0 0 1.0538 0.950076 
34000 0.102833 0.151943 0.783468 0 0 1.0383 0.935535 
34200 0.101872 0.152014 0.769238 0 0 1.02322 0.92137 
34400 0.10091 0.152086 0.755008 0 0 1.00815 0.907205 
34600 0.0999672 0.152154 0.741212 0 0 0.993492 0.893473 
34800 0.0990591 0.152217 0.72822 0 0 0.979617 0.880545 
35000 0.0981509 0.15228 0.715229 0 0 0.965743 0.867617 
35200 0.0972428 0.152343 0.702237 0 0 0.951868 0.854688 
35400 0.0963586 0.152401 0.689965 0 0 0.938773 0.842479 
35600 0.0954757 0.152457 0.67773 0 0 0.925718 0.830307 
35800 0.0945928 0.152514 0.665496 0 0 0.912664 0.818136 
36000 0.0937437 0.15257 0.653944 0 0 0.900312 0.806612 
36200 0.0929222 0.152624 0.642951 0 0 0.888533 0.795619 
36400 0.0921008 0.152678 0.631958 0 0 0.876755 0.784626 
36600 0.0912793 0.152733 0.620965 0 0 0.864977 0.773634 
36800 0.090482 0.152781 0.610576 0 0 0.853864 0.763305 
37000 0.0896848 0.152829 0.600188 0 0 0.84275 0.752977 
37200 0.0888875 0.152878 0.589799 0 0 0.831636 0.742648 
37400 0.0881079 0.152925 0.579802 0 0 0.820924 0.732711 
37600 0.0873501 0.152972 0.570285 0 0 0.810702 0.723253 
37800 0.0865923 0.153019 0.560769 0 0 0.80048 0.713795 
38000 0.0858345 0.153066 0.551252 0 0 0.790259 0.704337 
38200 0.0851066 0.153108 0.542395 0 0 0.780712 0.695538 
38400 0.0843861 0.153148 0.533704 0 0 0.771335 0.686904 
38600 0.0836656 0.153188 0.525013 0 0 0.761958 0.67827 
38800 0.0829466 0.153227 0.516348 0 0 0.752606 0.669659 
39000 0.0822547 0.153262 0.508171 0 0 0.743743 0.661482 
39200 0.0815629 0.153296 0.499994 0 0 0.73488 0.653306 
39400 0.080871 0.15333 0.491818 0 0 0.726018 0.645129 
39600 0.0801881 0.153363 0.483829 0 0 0.717353 0.637168 
39800 0.0795262 0.153391 0.476277 0 0 0.709149 0.62971 
40000 0.0788643 0.153419 0.468726 0 0 0.700945 0.622252 
40200 0.078221 0.153446 0.461489 0 0 0.693172 0.615015 
40400 0.0775854 0.153472 0.45439 0 0 0.685512 0.607915 
40600 0.0769611 0.1535 0.447495 0 0 0.67802 0.601021 
40800 0.0763368 0.153527 0.440601 0 0 0.670529 0.594127 
41000 0.0757126 0.153554 0.433707 0 0 0.663038 0.587233 
41200 0.0750991 0.153578 0.427045 0 0 0.655782 0.580571 
41400 0.0744987 0.1536 0.420666 0 0 0.648813 0.574192 
41600 0.0738983 0.153621 0.414287 0 0 0.641845 0.567813 
41800 0.0732979 0.153643 0.407908 0 0 0.634876 0.561434 
42000 0.0727112 0.153664 0.40174 0 0 0.628148 0.55529 
42200 0.0721411 0.153685 0.39583 0 0 0.621716 0.549432 
42400 0.0715711 0.153706 0.389921 0 0 0.615283 0.543575 
42600 0.071001 0.153727 0.384011 0 0 0.60885 0.537717 
42800 0.0704388 0.153744 0.378271 0 0 0.602572 0.532011 
43000 0.0698911 0.153754 0.372846 0 0 0.596578 0.526586 
43200 0.0693435 0.153765 0.367421 0 0 0.590585 0.521161 
43400 0.0687958 0.153775 0.361996 0 0 0.584591 0.515736 
43600 0.0682549 0.153785 0.356658 0 0 0.578699 0.510408 
43800 0.0677413 0.153795 0.351672 0 0 0.573214 0.505472 
44000 0.0672277 0.153805 0.346685 0 0 0.567729 0.500535 
44200 0.0667141 0.153815 0.341698 0 0 0.562244 0.495598 
44400 0.0662005 0.153825 0.336712 0 0 0.556758 0.490662 
44600 0.0657003 0.153835 0.33204 0 0 0.551587 0.485949 
44800 0.0652017 0.153845 0.327402 0 0 0.546451 0.481262 
45000 0.064703 0.153855 0.322765 0 0 0.541315 0.476575 
45200 0.0642043 0.153865 0.318127 0 0 0.536179 0.471887 
45400 0.0637245 0.153869 0.313728 0 0 0.531291 0.467468 
45600 0.0632571 0.153869 0.309488 0 0 0.526569 0.463228 
45800 0.0627897 0.153869 0.305247 0 0 0.521847 0.458988 
46000 0.0623223 0.153869 0.301007 0 0 0.517125 0.454748 
46200 0.0618578 0.153869 0.29681 0 0 0.512454 0.450557 
46400 0.0614099 0.153869 0.292855 0 0 0.50807 0.44665 
46600 0.060962 0.153869 0.2889 0 0 0.503686 0.442743 
46800 0.0605141 0.153869 0.284945 0 0 0.499302 0.438836 
47000 0.0600662 0.153869 0.28099 0 0 0.494919 0.434928 
47200 0.0596337 0.153869 0.277243 0 0 0.490748 0.431197 
47400 0.0592095 0.153869 0.273607 0 0 0.486693 0.427562 
47600 0.0587853 0.153869 0.269971 0 0 0.482638 0.423926 
47800 0.0583612 0.153869 0.266335 0 0 0.478582 0.42029 
48000 0.0579379 0.153869 0.262715 0 0 0.474543 0.416667 
48200 0.0575319 0.153859 0.259384 0 0 0.470802 0.413291 
48400 0.0571258 0.15385 0.256054 0 0 0.467061 0.409915 
48600 0.0567198 0.153841 0.252723 0 0 0.46332 0.406539 
48800 0.0563138 0.153832 0.249393 0 0 0.459579 0.403163 
49000 0.0559154 0.153823 0.246149 0 0 0.455928 0.39989 
49200 0.0555312 0.153814 0.243067 0 0 0.452443 0.396808 
49400 0.055147 0.153805 0.239985 0 0 0.448959 0.393725 
49600 0.0547629 0.153796 0.236902 0 0 0.445475 0.390643 
49800 0.0543787 0.153787 0.23382 0 0 0.44199 0.387561 
50000 0.0539914 0.153783 0.230718 0 0 0.438492 0.384458 
50200 0.0536224 0.153768 0.227875 0 0 0.435251 0.381616 
50400 0.0532534 0.153753 0.225033 0 0 0.43201 0.378774 
50600 0.0528844 0.153738 0.222191 0 0 0.428769 0.375931 
50800 0.0525154 0.153723 0.219348 0 0 0.425527 0.373089 
51000 0.0521615 0.15371 0.216659 0 0 0.422484 0.370375 
51200 0.0518142 0.153697 0.214034 0 0 0.419525 0.367716 
51400 0.0514668 0.153684 0.21141 0 0 0.416566 0.365057 
51600 0.0511194 0.153671 0.208785 0 0 0.413607 0.362398 
51800 0.0507721 0.153658 0.206161 0 0 0.410648 0.35974 
52000 0.050436 0.153643 0.203667 0 0 0.407798 0.357248 
52200 0.0501048 0.153626 0.20123 0 0 0.404996 0.354828 
52400 0.0497736 0.153609 0.198793 0 0 0.402194 0.352407 
52600 0.0494425 0.153592 0.196356 0 0 0.399391 0.349987 
52800 0.0491113 0.153575 0.193918 0 0 0.396589 0.347567 
53000 0.048789 0.153555 0.191618 0 0 0.393946 0.345246 
53200 0.0484715 0.153535 0.189391 0 0 0.39139 0.342978 
53400 0.048154 0.153514 0.187165 0 0 0.388833 0.34071 
53600 0.0478365 0.153494 0.184938 0 0 0.386277 0.338442 
53800 0.047519 0.153473 0.182711 0 0 0.38372 0.336174 
54000 0.0472083 0.153451 0.180553 0 0 0.38123 0.333989 
54200 0.0469061 0.153426 0.178478 0 0 0.37882 0.331906 
54400 0.0466038 0.153402 0.176403 0 0 0.37641 0.329823 
54600 0.0463016 0.153377 0.174329 0 0 0.374 0.32774 
54800 0.0459994 0.153353 0.172254 0 0 0.371591 0.325658 
55000 0.0457007 0.153328 0.170212 0 0 0.369222 0.323598 
55200 0.0454161 0.153304 0.1683 0 0 0.367018 0.321635 
55400 0.0451316 0.15328 0.166388 0 0 0.364814 0.319671 
55600 0.044847 0.153256 0.164476 0 0 0.362609 0.317707 
55800 0.0445624 0.153232 0.162565 0 0 0.360405 0.315743 
56000 0.0442779 0.153208 0.160653 0 0 0.358201 0.313779 
56200 0.0440032 0.153181 0.158878 0 0 0.356114 0.311993 
56400 0.0437303 0.153154 0.157128 0 0 0.354047 0.310239 
56600 0.0434574 0.153127 0.155377 0 0 0.351981 0.308485 
56800 0.0431845 0.153099 0.153627 0 0 0.349915 0.30673 
57000 0.0429116 0.153072 0.151876 0 0 0.347849 0.304976 
57200 0.0426445 0.153045 0.150172 0 0 0.345835 0.303259 
57400 0.0423879 0.153018 0.148552 0 0 0.343921 0.301613 
57600 0.0421314 0.152991 0.146932 0 0 0.342007 0.299966 
57800 0.0418748 0.152964 0.145313 0 0 0.340092 0.29832 
58000 0.0416183 0.152938 0.143693 0 0 0.338178 0.296674 
58200 0.0413618 0.152911 0.142073 0 0 0.336263 0.295027 
58400 0.0411142 0.152882 0.140548 0 0 0.334458 0.293459 
58600 0.0408697 0.152851 0.139055 0 0 0.33269 0.291916 
58800 0.0406252 0.152821 0.137561 0 0 0.330922 0.290374 
59000 0.0403807 0.152791 0.136068 0 0 0.329154 0.288832 
59200 0.0401362 0.152761 0.134575 0 0 0.327386 0.287289 
59400 0.0398919 0.152731 0.133085 0 0 0.325622 0.285754 
59600 0.0396529 0.152696 0.131672 0 0 0.323935 0.284348 
59800 0.0394139 0.152661 0.130259 0 0 0.322248 0.282942 
60000 0.0391749 0.152625 0.128846 0 0 0.32056 0.281536 
60200 0.0389487 0.152594 0.127505 0 0 0.319001 0.280132 
60400 0.0387226 0.152563 0.126164 0 0 0.317442 0.278729 
60600 0.0384967 0.152531 0.124839 0 0 0.31589 0.277349 
60800 0.0382714 0.152494 0.123563 0 0 0.314364 0.276041 
61000 0.038046 0.152458 0.122288 0 0 0.312838 0.274732 
61200 0.0378207 0.152422 0.121012 0 0 0.311311 0.273424 
61400 0.0375954 0.152385 0.119737 0 0 0.309785 0.272116 
61600 0.0373701 0.152349 0.118461 0 0 0.308259 0.270807 
61800 0.0371504 0.152313 0.117222 0 0 0.30677 0.269535 
62000 0.0369413 0.152277 0.116053 0 0 0.305353 0.26833 
62200 0.0367322 0.152242 0.114883 0 0 0.303935 0.267125 
62400 0.0365231 0.152206 0.113714 0 0 0.302517 0.26592 
62600 0.036314 0.152171 0.112544 0 0 0.301099 0.264715 
62800 0.0361049 0.152136 0.111375 0 0 0.299682 0.26351 
63000 0.0358989 0.152099 0.110232 0 0 0.298292 0.262332 
63200 0.0357002 0.152061 0.109151 0 0 0.296967 0.261216 
63400 0.0355014 0.152023 0.10807 0 0 0.295642 0.260101 
63600 0.0353027 0.151984 0.106989 0 0 0.294317 0.258985 
63800 0.035104 0.151946 0.105908 0 0 0.292992 0.257869 
64000 0.0349052 0.151908 0.104827 0 0 0.291668 0.256753 
64200 0.0347075 0.151869 0.103759 0 0 0.290356 0.255651 
64400 0.0345154 0.151832 0.102757 0 0 0.289121 0.254622 
64600 0.0343233 0.151794 0.101755 0 0 0.287886 0.253592 
64800 0.0341311 0.151756 0.100753 0 0 0.286651 0.252563 
65000 0.033939 0.151718 0.0997514 0 0 0.285416 0.251534 
65200 0.0337469 0.151681 0.0987496 0 0 0.284181 0.250505 
65400 0.0335548 0.151643 0.0977478 0 0 0.282946 0.249475 
65600 0.0333727 0.151603 0.0968215 0 0 0.281797 0.248498 
65800 0.0331918 0.151563 0.0959035 0 0 0.280658 0.247526 
66000 0.0330109 0.151522 0.0949855 0 0 0.279519 0.246555 
66200 0.03283 0.151482 0.0940675 0 0 0.27838 0.245583 
66400 0.0326491 0.151442 0.0931495 0 0 0.277241 0.244612 
66600 0.0324681 0.151402 0.0922315 0 0 0.276101 0.24364 
66800 0.0322926 0.15136 0.0913518 0 0 0.275008 0.242712 
67000 0.0321223 0.151318 0.0905105 0 0 0.273961 0.241828 
67200 0.0319521 0.151275 0.0896692 0 0 0.272913 0.240945 
67400 0.0317819 0.151233 0.0888279 0 0 0.271865 0.240061 
67600 0.0316117 0.15119 0.0879866 0 0 0.270818 0.239177 
67800 0.0314414 0.151148 0.0871452 0 0 0.26977 0.238293 
68000 0.0312712 0.151105 0.0863039 0 0 0.268723 0.237409 
68200 0.0311095 0.151063 0.0855175 0 0 0.267721 0.236568 
68400 0.0309483 0.151021 0.084734 0 0 0.266721 0.23573 
68600 0.0307871 0.150979 0.0839505 0 0 0.265722 0.234892 
68800 0.0306259 0.150937 0.0831669 0 0 0.264722 0.234053 
69000 0.0304647 0.150896 0.0823834 0 0 0.263723 0.233215 
69200 0.0303034 0.150854 0.0815999 0 0 0.262723 0.232377 
69400 0.0301439 0.150811 0.0808351 0 0 0.261747 0.231561 
69600 0.0299882 0.150766 0.080114 0 0 0.260826 0.230799 
69800 0.0298326 0.150722 0.0793929 0 0 0.259905 0.230036 
70000 0.0296769 0.150677 0.0786718 0 0 0.258983 0.229274 
70200 0.0295213 0.150633 0.0779507 0 0 0.258062 0.228512 
70400 0.0293656 0.150589 0.0772296 0 0 0.257141 0.227749 
70600 0.02921 0.150544 0.0765085 0 0 0.25622 0.226987 
70800 0.0290596 0.1505 0.0758183 0 0 0.255344 0.226251 
71000 0.0289135 0.150457 0.0751533 0 0 0.254505 0.225536 
71200 0.0287675 0.150413 0.0744882 0 0 0.253666 0.224821 
71400 0.0286214 0.15037 0.0738232 0 0 0.252827 0.224106 
71600 0.0284754 0.150326 0.0731582 0 0 0.251987 0.223392 
71800 0.0283293 0.150283 0.0724932 0 0 0.251148 0.222677 
72000 0.0281833 0.150239 0.0718282 0 0 0.250309 0.221962 
72200 0.0280432 0.150194 0.0711961 0 0 0.249482 0.221297 
72400 0.0279063 0.150149 0.0705817 0 0 0.248661 0.220658 
72600 0.0277694 0.150103 0.0699673 0 0 0.24784 0.22002 
72800 0.0276326 0.150057 0.069353 0 0 0.247018 0.219381 
73000 0.0274957 0.150012 0.0687386 0 0 0.246197 0.218742 
73200 0.0273588 0.149966 0.0681242 0 0 0.245376 0.218103 
73400 0.027222 0.14992 0.0675098 0 0 0.244555 0.217465 
73600 0.0270886 0.149874 0.0669264 0 0 0.243797 0.216839 
73800 0.0269576 0.149826 0.0663635 0 0 0.243083 0.216223 
74000 0.0268265 0.149778 0.0658007 0 0 0.242368 0.215606 
74200 0.0266955 0.149731 0.0652378 0 0 0.241653 0.21499 
74400 0.0265645 0.149683 0.064675 0 0 0.240939 0.214373 
74600 0.0264334 0.149635 0.0641121 0 0 0.240224 0.213757 
74800 0.0263024 0.149588 0.0635492 0 0 0.239509 0.213141 
75000 0.0261733 0.14954 0.0630024 0 0 0.238798 0.212544 
75200 0.026047 0.149493 0.0624796 0 0 0.238093 0.211977 
75400 0.0259206 0.149446 0.0619567 0 0 0.237388 0.21141 
75600 0.0257943 0.149399 0.0614339 0 0 0.236683 0.210843 
75800 0.025668 0.149352 0.060911 0 0 0.235978 0.210276 
76000 0.0255417 0.149305 0.0603882 0 0 0.235273 0.209709 
76200 0.0254154 0.149258 0.0598654 0 0 0.234569 0.209143 
76400 0.02529 0.149211 0.0593471 0 0 0.233868 0.20858 
76600 0.0251728 0.149163 0.0588696 0 0 0.233211 0.208054 
76800 0.0250556 0.149114 0.0583922 0 0 0.232553 0.207528 
77000 0.0249384 0.149065 0.0579147 0 0 0.231896 0.207002 
77200 0.0248212 0.149017 0.0574373 0 0 0.231238 0.206476 
77400 0.024704 0.148968 0.0569598 0 0 0.230581 0.20595 
77600 0.0245867 0.14892 0.0564824 0 0 0.229923 0.205423 
77800 0.0244695 0.148871 0.056005 0 0 0.229265 0.204897 
78000 0.0243549 0.148823 0.0555482 0 0 0.228647 0.204391 
78200 0.0242421 0.148775 0.0551053 0 0 0.228054 0.203897 
78400 0.0241292 0.148727 0.0546623 0 0 0.227462 0.203403 
78600 0.0240164 0.148679 0.0542194 0 0 0.226869 0.20291 
78800 0.0239035 0.148631 0.0537764 0 0 0.226277 0.202416 
79000 0.0237907 0.148583 0.0533335 0 0 0.225685 0.201922 
79200 0.0236778 0.148535 0.0528905 0 0 0.225092 0.201428 
79400 0.0235649 0.148487 0.0524476 0 0 0.2245 0.200935 
79600 0.0234577 0.148437 0.052033 0 0 0.223928 0.20047 
79800 0.0233505 0.148387 0.0516185 0 0 0.223356 0.200005 
80000 0.0232433 0.148337 0.0512039 0 0 0.222784 0.199541 
80200 0.0231395 0.148287 0.0508021 0 0 0.222242 0.199089 
80400 0.0230357 0.148238 0.0504004 0 0 0.221701 0.198638 
80600 0.0229318 0.148188 0.0499986 0 0 0.221159 0.198187 
80800 0.022828 0.148138 0.0495969 0 0 0.220617 0.197735 
81000 0.0227245 0.148089 0.0492018 0 0 0.220076 0.197291 
81200 0.022622 0.14804 0.0488269 0 0 0.219537 0.196867 
81400 0.0225195 0.147992 0.048452 0 0 0.218997 0.196444 
81600 0.022417 0.147943 0.0480771 0 0 0.218458 0.19602 
81800 0.0223146 0.147895 0.0477022 0 0 0.217919 0.195597 
82000 0.0222121 0.147846 0.0473273 0 0 0.217379 0.195174 
82200 0.0221096 0.147798 0.0469524 0 0 0.21684 0.19475 
82400 0.0220071 0.147749 0.0465775 0 0 0.2163 0.194327 
82600 0.021907 0.147699 0.0462112 0 0 0.215776 0.19391 
82800 0.0218124 0.147646 0.0458649 0 0 0.215289 0.193511 
83000 0.0217179 0.147593 0.0455187 0 0 0.214802 0.193111 
83200 0.0216233 0.147539 0.0451724 0 0 0.214314 0.192712 
83400 0.0215287 0.147486 0.0448261 0 0 0.213827 0.192312 
83600 0.0214342 0.147433 0.0444799 0 0 0.213339 0.191913 
83800 0.0213396 0.14738 0.0441336 0 0 0.212852 0.191513 
84000 0.0212451 0.147326 0.0437873 0 0 0.212364 0.191114 
84200 0.0211516 0.147274 0.0434477 0 0 0.211884 0.190722 
84400 0.0210614 0.147225 0.043128 0 0 0.211424 0.190353 
84600 0.0209712 0.147175 0.0428083 0 0 0.210964 0.189983 
84800 0.020881 0.147126 0.0424886 0 0 0.210504 0.189614 
85000 0.0207909 0.147076 0.042169 0 0 0.210044 0.189245 
85200 0.0207007 0.147027 0.0418493 0 0 0.209584 0.188876 
85400 0.0206105 0.146978 0.0415296 0 0 0.209124 0.188507 
85600 0.0205203 0.146928 0.0412099 0 0 0.208664 0.188138 
85800 0.0204301 0.146879 0.0408902 0 0 0.208203 0.187769 
86000 0.0203441 0.146828 0.0405949 0 0 0.20777 0.187422 
86200 0.0202581 0.146776 0.0402996 0 0 0.207336 0.187076 
86400 0.020172 0.146725 0.0400043 0 0 0.206902 0.186729 
86600 0.020086 0.146673 0.039709 0 0 0.206468 0.186382 
86800 0.02 0.146622 0.0394137 0 0 0.206034 0.186036 
87000 0.0199139 0.146571 0.0391184 0 0 0.2056 0.185689 
87200 0.0198279 0.146519 0.038823 0 0 0.205166 0.185342 
87400 0.0197419 0.146468 0.0385277 0 0 0.204732 0.184996 
87600 0.019659 0.146416 0.0382483 0 0 0.204317 0.184664 
87800 0.0195777 0.146363 0.0379775 0 0 0.203914 0.184341 
88000 0.0194965 0.14631 0.0377066 0 0 0.20351 0.184017 
88200 0.0194152 0.146258 0.0374358 0 0 0.203106 0.183694 
88400 0.019334 0.146205 0.0371649 0 0 0.202702 0.18337 
88600 0.0192527 0.146152 0.0368941 0 0 0.202299 0.183047 
88800 0.0191714 0.1461 0.0366232 0 0 0.201895 0.182723 
89000 0.0190902 0.146047 0.0363524 0 0 0.201491 0.1824 
89200 0.0190094 0.145995 0.0360836 0 0 0.20109 0.182078 
89400 0.0189327 0.145943 0.0358337 0 0 0.200712 0.181777 
89600 0.018856 0.145892 0.0355837 0 0 0.200335 0.181475 
89800 0.0187793 0.14584 0.0353338 0 0 0.199958 0.181174 
90000 0.0187026 0.145789 0.0350838 0 0 0.19958 0.180873 
90200 0.0186259 0.145737 0.0348339 0 0 0.199203 0.180571 
90400 0.0185492 0.145686 0.0345839 0 0 0.198826 0.18027 
90600 0.0184725 0.145634 0.0343339 0 0 0.198448 0.179968 
90800 0.0183958 0.145583 0.034084 0 0 0.198071 0.179667 
91000 0.0183205 0.145532 0.0338406 0 0 0.197702 0.179372 
91200 0.0182477 0.145481 0.0336093 0 0 0.197347 0.17909 
91400 0.0181749 0.145431 0.033378 0 0 0.196993 0.178809 
91600 0.0181022 0.14538 0.0331467 0 0 0.196639 0.178527 
91800 0.0180294 0.145329 0.0329154 0 0 0.196285 0.178245 
92000 0.0179567 0.145279 0.0326841 0 0 0.195931 0.177963 
92200 0.0178839 0.145228 0.0324528 0 0 0.195577 0.177681 
92400 0.0178111 0.145178 0.0322216 0 0 0.195222 0.177399 
92600 0.0177384 0.145127 0.0319903 0 0 0.194868 0.177117 
92800 0.0176672 0.145076 0.0317682 0 0 0.194523 0.176843 
93000 0.0175981 0.145024 0.0315573 0 0 0.194189 0.176577 
93200 0.0175289 0.144971 0.0313464 0 0 0.193855 0.176312 
93400 0.0174597 0.144919 0.0311356 0 0 0.193521 0.176047 
93600 0.0173905 0.144867 0.0309247 0 0 0.193187 0.175781 
93800 0.0173213 0.144815 0.0307138 0 0 0.192853 0.175516 
94000 0.0172521 0.144763 0.030503 0 0 0.192519 0.175251 
94200 0.017183 0.144711 0.0302921 0 0 0.192185 0.174985 
94400 0.0171138 0.144659 0.0300812 0 0 0.191851 0.17472 
94600 0.0170461 0.144606 0.0298759 0 0 0.191525 0.174462 
94800 0.0169807 0.144553 0.0296789 0 0 0.191212 0.174217 
95000 0.0169154 0.144499 0.0294818 0 0 0.190899 0.173971 
95200 0.01685 0.144446 0.0292848 0 0 0.190586 0.173725 
95400 0.0167846 0.144393 0.0290878 0 0 0.190273 0.17348 
95600 0.0167193 0.14434 0.0288907 0 0 0.18996 0.173234 
95800 0.0166539 0.144286 0.0286937 0 0 0.189647 0.172988 
96000 0.0165885 0.144233 0.0284966 0 0 0.189334 0.172742 
96200 0.0165232 0.14418 0.0282996 0 0 0.189021 0.172497 
96400 0.0164582 0.144126 0.0281051 0 0 0.188711 0.172253 
96600 0.016396 0.144074 0.0279249 0 0 0.188414 0.172018 
96800 0.0163337 0.144021 0.0277447 0 0 0.188118 0.171783 
97000 0.0162714 0.143969 0.0275645 0 0 0.187821 0.171548 
97200 0.0162092 0.143917 0.0273843 0 0 0.187525 0.171313 
97400 0.0161469 0.143864 0.0272041 0 0 0.187228 0.171078 
97600 0.0160846 0.143812 0.0270239 0 0 0.186932 0.170843 
97800 0.0160223 0.143759 0.0268437 0 0 0.186635 0.170608 
98000 0.0159601 0.143707 0.0266635 0 0 0.186339 0.170373 
98200 0.0158978 0.143654 0.0264833 0 0 0.186042 0.170138 
98400 0.0158381 0.143603 0.0263132 0 0 0.18576 0.169916 
98600 0.0157793 0.143551 0.0261466 0 0 0.185483 0.169698 
98800 0.0157205 0.1435 0.0259799 0 0 0.185206 0.16948 
99000 0.0156617 0.143448 0.0258133 0 0 0.18493 0.169261 
99200 0.0156029 0.143397 0.0256467 0 0 0.184653 0.169043 
99400 0.015544 0.143345 0.02548 0 0 0.184376 0.168825 
99600 0.0154852 0.143294 0.0253134 0 0 0.184099 0.168607 
99800 0.0154264 0.143242 0.0251468 0 0 0.183822 0.168389 
100000 0.0153676 0.143191 0.0249801 0 0 0.183545 0.168171 
100200 0.0153183 0.143148 0.0248515 0 0 0.183309 0.167999 
100400 0.015261 0.143094 0.0246935 0 0 0.183041 0.167787 
100600 0.0152036 0.14304 0.0245355 0 0 0.182772 0.167575 
100800 0.0151463 0.142985 0.0243775 0 0 0.182503 0.167363 
101000 0.015089 0.142931 0.0242195 0 0 0.182235 0.167151 
101200 0.0150316 0.142877 0.0240615 0 0 0.181966 0.166939 
101400 0.0149743 0.142823 0.0239035 0 0 0.181698 0.166726 
101600 0.014917 0.142769 0.0237455 0 0 0.181429 0.166514 
101800 0.0148597 0.142715 0.0235875 0 0 0.18116 0.166302 
102000 0.0148023 0.14266 0.0234295 0 0 0.180892 0.16609 
102200 0.0147473 0.142608 0.0232798 0 0 0.180634 0.165887 
102400 0.0146945 0.142556 0.0231383 0 0 0.180388 0.165694 
102600 0.0146418 0.142505 0.0229967 0 0 0.180141 0.165501 
102800 0.014589 0.142453 0.0228552 0 0 0.179894 0.165308 
103000 0.0145363 0.142402 0.0227137 0 0 0.179648 0.165115 
103200 0.0144835 0.14235 0.0225722 0 0 0.179401 0.164922 
103400 0.0144308 0.142299 0.0224307 0 0 0.179155 0.164729 
103600 0.014378 0.142247 0.0222891 0 0 0.178908 0.164537 
103800 0.0143253 0.142196 0.0221476 0 0 0.178662 0.164344 
104000 0.0142726 0.142144 0.0220061 0 0 0.178415 0.164151 
104200 0.014222 0.142093 0.0218722 0 0 0.178179 0.163965 
104400 0.0141736 0.142042 0.021746 0 0 0.177955 0.163788 
104600 0.0141252 0.141991 0.0216198 0 0 0.17773 0.16361 
104800 0.0140768 0.14194 0.0214936 0 0 0.177505 0.163432 
105000 0.0140284 0.141889 0.0213674 0 0 0.177281 0.163255 
105200 0.01398 0.141838 0.0212412 0 0 0.177056 0.163077 
105400 0.0139316 0.141787 0.021115 0 0 0.176832 0.162899 
105600 0.0138832 0.141736 0.0209888 0 0 0.176607 0.162722 
105800 0.0138348 0.141685 0.0208626 0 0 0.176382 0.162544 
106000 0.0137864 0.141634 0.0207364 0 0 0.176158 0.162366 
106200 0.013738 0.141583 0.0206102 0 0 0.175933 0.162189 
106400 0.0136889 0.141529 0.0204859 0 0 0.175706 0.162011 
106600 0.0136398 0.141475 0.0203615 0 0 0.175478 0.161833 
106800 0.0135907 0.141422 0.0202371 0 0 0.175251 0.161655 
107000 0.0135416 0.141368 0.0201128 0 0 0.175024 0.161477 
107200 0.0134925 0.141315 0.0199884 0 0 0.174797 0.161299 
107400 0.0134434 0.141261 0.019864 0 0 0.174569 0.161121 
107600 0.0133943 0.141207 0.0197397 0 0 0.174342 0.160943 
107800 0.0133452 0.141154 0.0196153 0 0 0.174115 0.160765 
108000 0.0132961 0.1411 0.0194909 0 0 0.173887 0.160587 
108200 0.013247 0.141047 0.0193666 0 0 0.17366 0.160409 
108400 0.0132039 0.140998 0.0192603 0 0 0.173461 0.160255 
108600 0.0131608 0.140949 0.0191541 0 0 0.173263 0.160101 
108800 0.0131177 0.1409 0.0190479 0 0 0.173064 0.159947 
109000 0.0130747 0.140852 0.0189416 0 0 0.172865 0.159793 
109200 0.0130316 0.140803 0.0188354 0 0 0.172666 0.159639 
109400 0.0129885 0.140754 0.0187292 0 0 0.172467 0.159485 
109600 0.0129454 0.140705 0.0186229 0 0 0.172268 0.159331 
109800 0.0129023 0.140657 0.0185167 0 0 0.17207 0.159177 
110000 0.0128593 0.140608 0.0184104 0 0 0.171871 0.159023 
110200 0.0128162 0.140559 0.0183042 0 0 0.171672 0.158869 
110400 0.0127731 0.140511 0.018198 0 0 0.171473 0.158715 
110600 0.0127296 0.140457 0.0180934 0 0 0.171273 0.158558 
110800 0.0126861 0.140404 0.0179889 0 0 0.171073 0.1584 
111000 0.0126426 0.140351 0.0178843 0 0 0.170873 0.158243 
111200 0.0125991 0.140298 0.0177797 0 0 0.170673 0.158086 
111400 0.0125556 0.140245 0.0176752 0 0 0.170472 0.157929 
111600 0.0125121 0.140192 0.0175706 0 0 0.170272 0.157771 
111800 0.0124686 0.140139 0.0174661 0 0 0.170072 0.157614 
112000 0.0124251 0.140086 0.0173615 0 0 0.169872 0.157457 
112200 0.0123816 0.140033 0.017257 0 0 0.169672 0.1573 
112400 0.0123381 0.13998 0.0171524 0 0 0.169472 0.157143 
112600 0.0122963 0.139928 0.0170533 0 0 0.169279 0.156991 
112800 0.0122562 0.139877 0.0169595 0 0 0.169094 0.156845 
113000 0.012216 0.139826 0.0168657 0 0 0.168909 0.156698 
113200 0.0121758 0.139776 0.016772 0 0 0.168724 0.156552 
113400 0.0121357 0.139725 0.0166782 0 0 0.168538 0.156406 
113600 0.0120955 0.139674 0.0165844 0 0 0.168353 0.15626 
113800 0.0120554 0.139624 0.0164907 0 0 0.168168 0.156114 
114000 0.0120152 0.139573 0.0163969 0 0 0.167983 0.155967 
114200 0.0119751 0.139522 0.0163032 0 0 0.167798 0.155821 
114400 0.0119349 0.139472 0.0162094 0 0 0.167612 0.155675 
114600 0.0118948 0.139421 0.0161156 0 0 0.167427 0.155529 
114800 0.0118561 0.13937 0.0160266 0 0 0.167249 0.15539 
115000 0.011819 0.13932 0.0159424 0 0 0.167077 0.155257 
115200 0.0117819 0.13927 0.0158581 0 0 0.166906 0.155125 
115400 0.0117448 0.139219 0.0157738 0 0 0.166734 0.154992 
115600 0.0117077 0.139169 0.0156895 0 0 0.166563 0.15486 
115800 0.0116706 0.139119 0.0156052 0 0 0.166391 0.154728 
116000 0.0116335 0.139068 0.015521 0 0 0.16622 0.154595 
116200 0.0115964 0.139018 0.0154367 0 0 0.166048 0.154463 
116400 0.0115593 0.138968 0.0153524 0 0 0.165877 0.154331 
116600 0.0115222 0.138917 0.0152681 0 0 0.165705 0.154198 
116800 0.0114851 0.138867 0.0151839 0 0 0.165534 0.154066 
117000 0.011448 0.138817 0.0150996 0 0 0.165362 0.153933 
117200 0.0114106 0.138764 0.0150167 0 0 0.165191 0.153797 
117400 0.0113731 0.138711 0.0149339 0 0 0.165019 0.15366 
117600 0.0113357 0.138659 0.014851 0 0 0.164847 0.153524 
117800 0.0112983 0.138606 0.0147682 0 0 0.164676 0.153388 
118000 0.0112608 0.138553 0.0146854 0 0 0.164504 0.153251 
118200 0.0112234 0.138501 0.0146025 0 0 0.164333 0.153115 
118400 0.011186 0.138448 0.0145197 0 0 0.164161 0.152978 
118600 0.0111486 0.138396 0.0144368 0 0 0.16399 0.152842 
118800 0.0111111 0.138343 0.014354 0 0 0.163818 0.152705 
119000 0.0110737 0.13829 0.0142711 0 0 0.163647 0.152569 
119200 0.0110363 0.138238 0.0141883 0 0 0.163475 0.152432 
119400 0.0110032 0.138189 0.0141172 0 0 0.163321 0.152313 
119600 0.0109702 0.138141 0.014046 0 0 0.163168 0.152193 
119800 0.0109371 0.138093 0.0139749 0 0 0.163014 0.152073 
120000 0.0109041 0.138045 0.0139038 0 0 0.16286 0.151954 
120200 0.010871 0.137996 0.0138327 0 0 0.162707 0.151834 
120400 0.0108379 0.137948 0.0137616 0 0 0.162553 0.151714 
120600 0.0108049 0.1379 0.0136905 0 0 0.162399 0.151594 
120800 0.0107718 0.137852 0.0136194 0 0 0.162246 0.151475 
121000 0.0107388 0.137803 0.0135482 0 0 0.162092 0.151355 
121200 0.0107057 0.137755 0.0134771 0 0 0.161938 0.151235 
121400 0.0106727 0.137707 0.013406 0 0 0.161785 0.151115 
121600 0.0106396 0.137659 0.0133349 0 0 0.161631 0.150996 
121800 0.0106076 0.13761 0.0132679 0 0 0.161483 0.15088 
122000 0.0105756 0.137562 0.0132009 0 0 0.161334 0.150763 
122200 0.0105437 0.137514 0.0131339 0 0 0.161186 0.150647 
122400 0.0105117 0.137466 0.0130669 0 0 0.161038 0.150531 
122600 0.0104797 0.137418 0.0129999 0 0 0.16089 0.150415 
122800 0.0104477 0.137369 0.0129328 0 0 0.160741 0.150299 
123000 0.0104157 0.137321 0.0128658 0 0 0.160593 0.150183 
123200 0.0103837 0.137273 0.0127988 0 0 0.160445 0.150067 
123400 0.0103517 0.137225 0.0127318 0 0 0.160296 0.14995 
123600 0.0103198 0.137176 0.0126648 0 0 0.160148 0.149834 
123800 0.0102878 0.137128 0.0125978 0 0 0.16 0.149718 
124000 0.0102558 0.13708 0.0125308 0 0 0.159851 0.149602 
124200 0.0102249 0.13703 0.0124679 0 0 0.159708 0.149489 
124400 0.010194 0.13698 0.012405 0 0 0.159565 0.149377 
124600 0.0101631 0.13693 0.0123421 0 0 0.159423 0.149264 
124800 0.0101321 0.13688 0.0122792 0 0 0.15928 0.149152 
125000 0.0101012 0.13683 0.0122163 0 0 0.159137 0.149039 
125200 0.0100703 0.13678 0.0121534 0 0 0.158994 0.148927 
125400 0.0100394 0.13673 0.0120905 0 0 0.158851 0.148814 
125600 0.0100085 0.13668 0.0120276 0 0 0.158708 0.148701 
125800 0.00997758 0.13663 0.0119647 0 0 0.158565 0.148589 
126000 0.00994667 0.136579 0.0119018 0 0 0.158422 0.148476 
126200 0.00991575 0.136529 0.0118389 0 0 0.158279 0.148364 
126400 0.00988484 0.136479 0.011776 0 0 0.158136 0.148251 
126600 0.009855 0.136429 0.0117171 0 0 0.157997 0.148142 
126800 0.00982516 0.136379 0.0116581 0 0 0.157857 0.148033 
127000 0.00979532 0.136329 0.0115991 0 0 0.157718 0.147924 
127200 0.00976548 0.136279 0.0115402 0 0 0.157579 0.147815 
127400 0.00973564 0.136229 0.0114812 0 0 0.157439 0.147706 
127600 0.0097058 0.136179 0.0114222 0 0 0.1573 0.147597 
127800 0.00967596 0.136129 0.0113633 0 0 0.15716 0.147488 
128000 0.00964612 0.136079 0.0113043 0 0 0.157021 0.147379 
128200 0.00961628 0.136029 0.0112453 0 0 0.156882 0.14727 
128400 0.00958644 0.135979 0.0111864 0 0 0.156742 0.147161 
128600 0.0095566 0.135929 0.0111274 0 0 0.156603 0.147052 
128800 0.00952676 0.135879 0.0110684 0 0 0.156464 0.146943 
129000 0.00950037 0.135831 0.0110172 0 0 0.156338 0.146844 
129200 0.00947398 0.135783 0.0109659 0 0 0.156213 0.146745 
129400 0.00944759 0.135736 0.0109146 0 0 0.156087 0.146646 
129600 0.0094212 0.135688 0.0108633 0 0 0.155962 0.146547 
129800 0.0093948 0.13564 0.010812 0 0 0.155837 0.146448 
130000 0.00936841 0.135592 0.0107607 0 0 0.155711 0.146349 
130200 0.00934203 0.135544 0.0107094 0 0 0.155586 0.14625 
130400 0.00931563 0.135496 0.0106581 0 0 0.155461 0.146151 
130600 0.00928924 0.135449 0.0106068 0 0 0.155335 0.146053 
130800 0.00926285 0.135401 0.0105555 0 0 0.15521 0.145954 
131000 0.00923646 0.135353 0.0105042 0 0 0.155085 0.145855 
131200 0.00921007 0.135305 0.0104529 0 0 0.154959 0.145756 
131400 0.00918368 0.135257 0.0104016 0 0 0.154834 0.145657 
131600 0.00915692 0.135207 0.0103515 0 0 0.154709 0.145557 
131800 0.00913016 0.135158 0.0103014 0 0 0.154583 0.145458 
132000 0.0091034 0.135108 0.0102513 0 0 0.154458 0.145358 
132200 0.00907664 0.135058 0.0102012 0 0 0.154333 0.145259 
132400 0.00904988 0.135008 0.0101512 0 0 0.154208 0.145159 
132600 0.00902312 0.134959 0.0101011 0 0 0.154083 0.14506 
132800 0.00899636 0.134909 0.010051 0 0 0.153957 0.14496 
133000 0.0089696 0.134859 0.0100009 0 0 0.153832 0.144861 
133200 0.00894284 0.13481 0.0099508 0 0 0.153707 0.144761 
133400 0.00891608 0.13476 0.00990071 0 0 0.153582 0.144662 
133600 0.00888932 0.13471 0.00985062 0 0 0.153456 0.144562 
133800 0.00886256 0.13466 0.00980053 0 0 0.153331 0.144463 
134000 0.00883735 0.134612 0.00975373 0 0 0.153211 0.144369 
134200 0.00881369 0.134566 0.00971021 0 0 0.153097 0.14428 
134400 0.00879002 0.13452 0.00966669 0 0 0.152983 0.144191 
134600 0.00876635 0.134474 0.00962317 0 0 0.152868 0.144102 
134800 0.00874269 0.134428 0.00957965 0 0 0.152754 0.144013 
135000 0.00871902 0.134382 0.00953613 0 0 0.15264 0.143924 
135200 0.00869536 0.134336 0.00949261 0 0 0.152525 0.143835 
135400 0.00867169 0.13429 0.00944909 0 0 0.152411 0.143746 
135600 0.00864803 0.134244 0.00940557 0 0 0.152297 0.143657 
135800 0.00862436 0.134198 0.00936205 0 0 0.152182 0.143568 
136000 0.00860069 0.134152 0.00931853 0 0 0.152068 0.143479 
136200 0.00857703 0.134106 0.00927501 0 0 0.151954 0.14339 
136400 0.00855336 0.13406 0.00923149 0 0 0.151839 0.143301 
136600 0.0085297 0.134014 0.00918797 0 0 0.151725 0.143212 
136800 0.00850578 0.133966 0.00914558 0 0 0.151611 0.14312 
137000 0.00848186 0.133918 0.00910319 0 0 0.151497 0.143028 
137200 0.00845795 0.13387 0.0090608 0 0 0.151383 0.142935 
137400 0.00843403 0.133822 0.00901841 0 0 0.15127 0.142843 
137600 0.00841011 0.133774 0.00897602 0 0 0.151156 0.14275 
137800 0.0083862 0.133727 0.00893363 0 0 0.151042 0.142658 
138000 0.00836228 0.133679 0.00889124 0 0 0.150928 0.142566 
138200 0.00833837 0.133631 0.00884886 0 0 0.150814 0.142473 
138400 0.00831445 0.133583 0.00880647 0 0 0.150701 0.142381 
138600 0.00829053 0.133535 0.00876408 0 0 0.150587 0.142289 
138800 0.00826662 0.133487 0.00872169 0 0 0.150473 0.142196 
139000 0.0082427 0.13344 0.0086793 0 0 0.150359 0.142104 
139200 0.00821878 0.133392 0.00863691 0 0 0.150245 0.142012 
139400 0.00819671 0.133344 0.00859847 0 0 0.150137 0.141927 
139600 0.00817463 0.133296 0.00856003 0 0 0.150029 0.141843 
139800 0.00815255 0.133249 0.0085216 0 0 0.149921 0.141759 
140000 0.00813047 0.133201 0.00848316 0 0 0.149813 0.141675 
140200 0.0081084 0.133154 0.00844472 0 0 0.149705 0.141591 
140400 0.00808632 0.133106 0.00840629 0 0 0.149597 0.141506 
140600 0.00806424 0.133058 0.00836785 0 0 0.149489 0.141422 
140800 0.00804217 0.133011 0.00832941 0 0 0.149381 0.141338 
141000 0.00802009 0.132963 0.00829097 0 0 0.149273 0.141254 
141200 0.00799801 0.132915 0.00825254 0 0 0.149165 0.14117 
141400 0.00797593 0.132868 0.0082141 0 0 0.149057 0.141086 
141600 0.00795386 0.13282 0.00817566 0 0 0.148949 0.141001 
141800 0.00793178 0.132772 0.00813723 0 0 0.148841 0.140917 
142000 0.0079104 0.132726 0.00810062 0 0 0.148737 0.140834 
142200 0.00788972 0.13268 0.00806586 0 0 0.148636 0.140753 
142400 0.00786905 0.132634 0.00803109 0 0 0.148535 0.140672 
142600 0.00784837 0.132588 0.00799632 0 0 0.148433 0.140591 
142800 0.00782769 0.132542 0.00796156 0 0 0.148332 0.14051 
143000 0.00780702 0.132496 0.00792679 0 0 0.148231 0.140429 
143200 0.00778634 0.13245 0.00789202 0 0 0.14813 0.140347 
143400 0.00776567 0.132404 0.00785725 0 0 0.148029 0.140266 
143600 0.00774499 0.132358 0.00782249 0 0 0.147928 0.140185 
143800 0.00772431 0.132312 0.00778772 0 0 0.147827 0.140104 
144000 0.00770364 0.132266 0.00775295 0 0 0.147726 0.140023 
144200 0.00768296 0.13222 0.00771819 0 0 0.147625 0.139942 
144400 0.00766228 0.132174 0.00768342 0 0 0.147524 0.13986 
144600 0.00764161 0.132128 0.00764865 0 0 0.147423 0.139779 
144800 0.00762139 0.132082 0.00761488 0 0 0.147322 0.139699 
145000 0.00760163 0.132036 0.00758211 0 0 0.147223 0.139619 
145200 0.00758188 0.13199 0.00754933 0 0 0.147123 0.13954 
145400 0.00756212 0.131944 0.00751655 0 0 0.147024 0.13946 
145600 0.00754236 0.131898 0.00748378 0 0 0.146924 0.13938 
145800 0.0075226 0.131853 0.007451 0 0 0.146825 0.139301 
146000 0.00750285 0.131807 0.00741823 0 0 0.146725 0.139221 
146200 0.00748309 0.131761 0.00738545 0 0 0.146625 0.139141 
146400 0.00746333 0.131715 0.00735267 0 0 0.146526 0.139062 
146600 0.00744357 0.131669 0.0073199 0 0 0.146426 0.138982 
146800 0.00742382 0.131623 0.00728712 0 0 0.146327 0.138902 
147000 0.00740406 0.131577 0.00725435 0 0 0.146227 0.138823 
147200 0.0073843 0.131531 0.00722157 0 0 0.146128 0.138743 
147400 0.00736454 0.131485 0.0071888 0 0 0.146028 0.138663 
147600 0.00734549 0.13144 0.00715774 0 0 0.145933 0.138587 
147800 0.00732713 0.131395 0.00712841 0 0 0.145842 0.138513 
148000 0.00730878 0.13135 0.00709907 0 0 0.145751 0.138439 
148200 0.00729042 0.131306 0.00706974 0 0 0.14566 0.138365 
148400 0.00727207 0.131261 0.00704041 0 0 0.145569 0.138292 
148600 0.00725372 0.131217 0.00701108 0 0 0.145478 0.138218 
148800 0.00723536 0.131172 0.00698174 0 0 0.145387 0.138144 
149000 0.00721701 0.131127 0.00695241 0 0 0.145296 0.13807 
149200 0.00719865 0.131083 0.00692308 0 0 0.145206 0.137997 
149400 0.0071803 0.131038 0.00689374 0 0 0.145115 0.137923 
149600 0.00716194 0.130994 0.00686441 0 0 0.145024 0.137849 
149800 0.00714359 0.130949 0.00683508 0 0 0.144933 0.137775 
150000 0.00712523 0.130904 0.00680575 0 0 0.144842 0.137702 
150200 0.00710594 0.130851 0.00677465 0 0 0.144735 0.137627 
150400 0.00708664 0.130797 0.00674356 0 0 0.144627 0.137552 
150600 0.00706934 0.130754 0.00671669 0 0 0.14454 0.13748 
150800 0.00705204 0.130711 0.00668981 0 0 0.144453 0.137409 
151000 0.00703475 0.130669 0.00666294 0 0 0.144366 0.137337 
151200 0.00701745 0.130626 0.00663607 0 0 0.144279 0.137266 
151400 0.00700015 0.130583 0.00660919 0 0 0.144191 0.137194 
151600 0.00698286 0.13054 0.00658232 0 0 0.144104 0.137123 
151800 0.00696556 0.130497 0.00655544 0 0 0.144017 0.137051 
152000 0.00694826 0.130454 0.00652857 0 0 0.14393 0.13698 
152200 0.00693097 0.130411 0.0065017 0 0 0.143843 0.136908 
152400 0.00691367 0.130368 0.00647482 0 0 0.143755 0.136837 
152600 0.00689637 0.130326 0.00644795 0 0 0.143668 0.136765 
152800 0.00687908 0.130283 0.00642107 0 0 0.143581 0.136694 
153000 0.00686178 0.13024 0.0063942 0 0 0.143494 0.136622 
153200 0.00684448 0.130197 0.00636732 0 0 0.143407 0.136551 
153400 0.00682719 0.130154 0.00634045 0 0 0.143319 0.136479 
153600 0.00681061 0.13011 0.00631515 0 0 0.143234 0.136411 
153800 0.00679402 0.130065 0.00628985 0 0 0.143148 0.136342 
154000 0.00677744 0.130021 0.00626455 0 0 0.143062 0.136274 
154200 0.00676086 0.129977 0.00623924 0 0 0.142976 0.136205 
154400 0.00674428 0.129932 0.00621394 0 0 0.142891 0.136136 
154600 0.0067277 0.129888 0.00618864 0 0 0.142805 0.136068 
154800 0.00671111 0.129844 0.00616334 0 0 0.142719 0.135999 
155000 0.00669453 0.129799 0.00613804 0 0 0.142633 0.135931 
155200 0.00667795 0.129755 0.00611273 0 0 0.142548 0.135862 
155400 0.00666137 0.129711 0.00608743 0 0 0.142462 0.135793 
155600 0.00664479 0.129667 0.00606213 0 0 0.142376 0.135725 
155800 0.0066282 0.129622 0.00603683 0 0 0.14229 0.135656 
156000 0.00661162 0.129578 0.00601153 0 0 0.142204 0.135587 
156200 0.00659504 0.129534 0.00598623 0 0 0.142119 0.135519 
156400 0.00657846 0.129489 0.00596092 0 0 0.142033 0.13545 
156600 0.00656231 0.129445 0.00593705 0 0 0.141949 0.135382 
156800 0.00654615 0.129401 0.00591318 0 0 0.141864 0.135313 
157000 0.00653 0.129356 0.00588931 0 0 0.14178 0.135244 
157200 0.00651385 0.129312 0.00586543 0 0 0.141696 0.135176 
157400 0.00649769 0.129268 0.00584156 0 0 0.141611 0.135107 
157600 0.00648154 0.129223 0.00581769 0 0 0.141527 0.135039 
157800 0.00646539 0.129179 0.00579382 0 0 0.141443 0.13497 
158000 0.00644923 0.129135 0.00576995 0 0 0.141358 0.134901 
158200 0.00643308 0.12909 0.00574607 0 0 0.141274 0.134833 
158400 0.00641693 0.129046 0.0057222 0 0 0.14119 0.134764 
158600 0.00640077 0.129002 0.00569833 0 0 0.141105 0.134695 
158800 0.00638462 0.128958 0.00567446 0 0 0.141021 0.134627 
159000 0.00636847 0.128913 0.00565058 0 0 0.140937 0.134558 
159200 0.00635231 0.128869 0.00562671 0 0 0.140852 0.13449 
159400 0.00633616 0.128825 0.00560284 0 0 0.140768 0.134421 
159600 0.00632122 0.12878 0.00558126 0 0 0.140688 0.134356 
159800 0.00630628 0.128736 0.00555968 0 0 0.140607 0.134291 
160000 0.00629134 0.128692 0.0055381 0 0 0.140527 0.134226 
160200 0.0062764 0.128648 0.00551652 0 0 0.140447 0.134161 
160400 0.00626146 0.128603 0.00549494 0 0 0.140367 0.134096 
160600 0.00624652 0.128559 0.00547336 0 0 0.140286 0.134031 
160800 0.00623158 0.128515 0.00545178 0 0 0.140206 0.133966 
161000 0.00621664 0.12847 0.0054302 0 0 0.140126 0.133901 
161200 0.0062017 0.128426 0.00540862 0 0 0.140046 0.133836 
161400 0.00618676 0.128382 0.00538703 0 0 0.139966 0.133771 
161600 0.00617182 0.128338 0.00536545 0 0 0.139885 0.133706 
161800 0.00615688 0.128293 0.00534387 0 0 0.139805 0.133641 
162000 0.00614194 0.128249 0.00532229 0 0 0.139725 0.133576 
162200 0.006127 0.128205 0.00530071 0 0 0.139645 0.133511 
162400 0.00611206 0.128161 0.00527913 0 0 0.139564 0.133446 
162600 0.00609762 0.128118 0.00525856 0 0 0.139486 0.133382 
162800 0.00608368 0.128076 0.00523899 0 0 0.13941 0.133321 
163000 0.00606974 0.128035 0.00521943 0 0 0.139333 0.133259 
163200 0.00605581 0.127993 0.00519986 0 0 0.139257 0.133197 
163400 0.00604187 0.127951 0.0051803 0 0 0.13918 0.133136 
163600 0.00602793 0.12791 0.00516073 0 0 0.139104 0.133074 
163800 0.00601399 0.127868 0.00514116 0 0 0.139028 0.133012 
164000 0.00600006 0.127827 0.0051216 0 0 0.138951 0.132951 
164200 0.00598612 0.127785 0.00510203 0 0 0.138875 0.132889 
164400 0.00597218 0.127744 0.00508247 0 0 0.138799 0.132828 
164600 0.00595824 0.127702 0.0050629 0 0 0.138722 0.132766 
164800 0.00594431 0.127661 0.00504333 0 0 0.138646 0.132704 
165000 0.00593037 0.127619 0.00502377 0 0 0.138569 0.132643 
165200 0.00591643 0.127578 0.0050042 0 0 0.138493 0.132581 
165400 0.00590249 0.127536 0.00498464 0 0 0.138417 0.132519 
165600 0.00588856 0.127494 0.00496507 0 0 0.13834 0.132458 
165800 0.00587503 0.127453 0.00494632 0 0 0.138266 0.132397 
166000 0.0058619 0.127411 0.00492839 0 0 0.138195 0.132337 
166200 0.00584877 0.12737 0.00491045 0 0 0.138123 0.132277 
166400 0.00583565 0.127328 0.00489252 0 0 0.138052 0.132218 
166600 0.00582252 0.127287 0.00487459 0 0 0.13798 0.132158 
166800 0.0058094 0.127245 0.00485665 0 0 0.137909 0.132098 
167000 0.00579627 0.127203 0.00483872 0 0 0.137837 0.132038 
167200 0.00578315 0.127162 0.00482079 0 0 0.137766 0.131979 
167400 0.00577002 0.12712 0.00480285 0 0 0.137694 0.131919 
167600 0.0057569 0.127079 0.00478492 0 0 0.137623 0.131859 
167800 0.00574377 0.127037 0.00476698 0 0 0.137552 0.131799 
168000 0.00573065 0.126995 0.00474905 0 0 0.13748 0.131739 
168200 0.00571752 0.126954 0.00473112 0 0 0.137409 0.13168 
168400 0.0057044 0.126912 0.00471318 0 0 0.137337 0.13162 
168600 0.00569127 0.126871 0.00469525 0 0 0.137266 0.13156 
168800 0.00567815 0.126829 0.00467732 0 0 0.137194 0.1315 
169000 0.00566502 0.126788 0.00465938 0 0 0.137123 0.131441 
169200 0.00565242 0.126746 0.00464249 0 0 0.137051 0.131383 
169400 0.00563981 0.126704 0.0046256 0 0 0.13698 0.131326 
169600 0.00562721 0.126663 0.0046087 0 0 0.136908 0.131269 
169800 0.0056146 0.126621 0.00459181 0 0 0.136837 0.131212 
170000 0.00560199 0.12658 0.00457491 0 0 0.136765 0.131155 
170200 0.00558939 0.126538 0.00455802 0 0 0.136694 0.131097 
170400 0.00557678 0.126496 0.00454113 0 0 0.136622 0.13104 
170600 0.00556418 0.126455 0.00452423 0 0 0.136551 0.130983 
170800 0.00555157 0.126413 0.00450734 0 0 0.136479 0.130926 
171000 0.00553897 0.126372 0.00449045 0 0 0.136408 0.130869 
171200 0.00552636 0.12633 0.00447355 0 0 0.136336 0.130812 
171400 0.00551376 0.126289 0.00445666 0 0 0.136265 0.130754 
171600 0.00550115 0.126247 0.00443976 0 0 0.136194 0.130697 
171800 0.00548855 0.126205 0.00442287 0 0 0.136122 0.13064 
172000 0.00547594 0.126164 0.00440598 0 0 0.136051 0.130583 
172200 0.00546334 0.126122 0.00438908 0 0 0.135979 0.130526 
172400 0.00545093 0.126081 0.00437277 0 0 0.135908 0.130468 
172600 0.00543871 0.126039 0.00435705 0 0 0.135838 0.130409 
172800 0.00542649 0.125997 0.00434133 0 0 0.135768 0.130351 
173000 0.00541428 0.125956 0.0043256 0 0 0.135698 0.130292 
173200 0.00540206 0.125914 0.00430988 0 0 0.135628 0.130234 
173400 0.00538985 0.125873 0.00429415 0 0 0.135557 0.130175 
173600 0.00537763 0.125831 0.00427843 0 0 0.135487 0.130117 
173800 0.00536542 0.12579 0.0042627 0 0 0.135417 0.130058 
174000 0.0053532 0.125748 0.00424698 0 0 0.135347 0.13 
174200 0.00534099 0.125706 0.00423126 0 0 0.135277 0.129942 
174400 0.00532877 0.125665 0.00421553 0 0 0.135207 0.129883 
174600 0.00531655 0.125623 0.00419981 0 0 0.135136 0.129825 
174800 0.00530434 0.125582 0.00418408 0 0 0.135066 0.129766 
175000 0.00529212 0.12554 0.00416836 0 0 0.134996 0.129708 
175200 0.00527991 0.125498 0.00415263 0 0 0.134926 0.129649 
175400 0.00526769 0.125457 0.00413691 0 0 0.134856 0.129591 
175600 0.00525548 0.125415 0.00412119 0 0 0.134785 0.129532 
175800 0.00524445 0.125376 0.0041071 0 0 0.134722 0.129479 
176000 0.00523342 0.125337 0.004093 0 0 0.134658 0.129427 
176200 0.00522239 0.125298 0.00407891 0 0 0.134594 0.129374 
176400 0.00521137 0.125258 0.00406482 0 0 0.134531 0.129321 
176600 0.00520034 0.125219 0.00405073 0 0 0.134467 0.129269 
176800 0.00518931 0.12518 0.00403664 0 0 0.134403 0.129216 
177000 0.00517828 0.125141 0.00402255 0 0 0.134339 0.129163 
177200 0.00516726 0.125102 0.00400846 0 0 0.134276 0.129111 
177400 0.00515623 0.125062 0.00399437 0 0 0.134212 0.129058 
177600 0.0051452 0.125023 0.00398028 0 0 0.134148 0.129005 
177800 0.00513418 0.124984 0.00396619 0 0 0.134085 0.128953 
178000 0.00512315 0.124945 0.0039521 0 0 0.134021 0.1289 
178200 0.00511212 0.124906 0.00393801 0 0 0.133957 0.128847 
178400 0.00510109 0.124866 0.00392392 0 0 0.133894 0.128795 
178600 0.00509007 0.124827 0.00390983 0 0 0.13383 0.128742 
178800 0.00507904 0.124788 0.00389574 0 0 0.133766 0.128689 
179000 0.00506801 0.124749 0.00388165 0 0 0.133702 0.128636 
179200 0.00505717 0.124709 0.00386805 0 0 0.133639 0.128583 
179400 0.00504651 0.124668 0.00385494 0 0 0.133575 0.128529 
179600 0.00503585 0.124628 0.00384182 0 0 0.133511 0.128475 
179800 0.00502519 0.124588 0.00382871 0 0 0.133447 0.128421 
180000 0.00501453 0.124547 0.0038156 0 0 0.133384 0.128368 
180200 0.00500387 0.124507 0.00380249 0 0 0.13332 0.128314 
180400 0.00499321 0.124466 0.00378938 0 0 0.133256 0.12826 
180600 0.00498255 0.124426 0.00377627 0 0 0.133193 0.128206 
180800 0.00497189 0.124385 0.00376316 0 0 0.133129 0.128152 
181000 0.00496123 0.124345 0.00375005 0 0 0.133065 0.128098 
181200 0.00495057 0.124305 0.00373694 0 0 0.133002 0.128044 
181400 0.00493991 0.124264 0.00372383 0 0 0.132938 0.12799 
181600 0.00492925 0.124224 0.00371072 0 0 0.132874 0.127936 
181800 0.00491859 0.124183 0.00369761 0 0 0.13281 0.127882 
182000 0.00490793 0.124143 0.0036845 0 0 0.132747 0.127828 
182200 0.00489727 0.124102 0.00367139 0 0 0.132683 0.127775 
182400 0.00488661 0.124062 0.00365828 0 0 0.132619 0.127721 
182600 0.00487595 0.124022 0.00364517 0 0 0.132556 0.127667 
182800 0.00486566 0.123982 0.00363279 0 0 0.132493 0.127615 
183000 0.00485537 0.123943 0.00362042 0 0 0.132431 0.127564 
183200 0.00484507 0.123904 0.00360804 0 0 0.132368 0.127512 
183400 0.00483478 0.123865 0.00359567 0 0 0.132306 0.127461 
183600 0.00482449 0.123825 0.00358329 0 0 0.132243 0.127409 
183800 0.0048142 0.123786 0.00357092 0 0 0.132181 0.127358 
184000 0.0048039 0.123747 0.00355854 0 0 0.132118 0.127306 
184200 0.00479361 0.123708 0.00354617 0 0 0.132056 0.127255 
184400 0.00478332 0.123669 0.00353379 0 0 0.131993 0.127204 
184600 0.00477303 0.123629 0.00352142 0 0 0.131931 0.127152 
184800 0.00476274 0.12359 0.00350904 0 0 0.131868 0.127101 
185000 0.00475244 0.123551 0.00349667 0 0 0.131806 0.127049 
185200 0.00474215 0.123512 0.00348429 0 0 0.131743 0.126998 
185400 0.00473186 0.123473 0.00347192 0 0 0.131681 0.126946 
185600 0.00472157 0.123433 0.00345954 0 0 0.131618 0.126895 
185800 0.00471127 0.123394 0.00344717 0 0 0.131556 0.126843 
186000 0.00470098 0.123355 0.00343479 0 0 0.131493 0.126792 
186200 0.0046912 0.123316 0.00342316 0 0 0.131433 0.126742 
186400 0.00468193 0.123278 0.00341226 0 0 0.131375 0.126693 
186600 0.00467265 0.12324 0.00340137 0 0 0.131317 0.126644 
186800 0.00466338 0.123202 0.00339047 0 0 0.131259 0.126596 
187000 0.00465411 0.123163 0.00337958 0 0 0.131201 0.126547 
187200 0.00464484 0.123125 0.00336868 0 0 0.131143 0.126498 
187400 0.00463557 0.123087 0.00335779 0 0 0.131085 0.12645 
187600 0.00462629 0.123049 0.00334689 0 0 0.131027 0.126401 
187800 0.00461702 0.12301 0.003336 0 0 0.130969 0.126352 
188000 0.00460775 0.122972 0.0033251 0 0 0.130911 0.126304 
188200 0.00459848 0.122934 0.00331421 0 0 0.130853 0.126255 
188400 0.0045892 0.122896 0.00330331 0 0 0.130796 0.126206 
188600 0.00457993 0.122857 0.00329242 0 0 0.130738 0.126158 
188800 0.00457066 0.122819 0.00328152 0 0 0.13068 0.126109 
189000 0.00456139 0.122781 0.00327063 0 0 0.130622 0.12606 
189200 0.00455212 0.122743 0.00325973 0 0 0.130564 0.126012 
189400 0.00454284 0.122704 0.00324884 0 0 0.130506 0.125963 
189600 0.00453357 0.122666 0.00323794 0 0 0.130448 0.125914 
189800 0.0045243 0.122628 0.00322705 0 0 0.13039 0.125866 
190000 0.00451526 0.12259 0.00321673 0 0 0.130332 0.125817 
190200 0.00450622 0.122551 0.00320642 0 0 0.130274 0.125768 
190400 0.00449718 0.122513 0.0031961 0 0 0.130216 0.12572 
190600 0.00448814 0.122475 0.00318579 0 0 0.130158 0.125671 
190800 0.0044791 0.122437 0.00317547 0 0 0.1301 0.125622 
191000 0.00447006 0.122398 0.00316515 0 0 0.130042 0.125573 
191200 0.00446102 0.12236 0.00315484 0 0 0.129984 0.125525 
191400 0.00445197 0.122322 0.00314452 0 0 0.129926 0.125476 
191600 0.00444293 0.122284 0.00313421 0 0 0.129868 0.125427 
191800 0.00443389 0.122245 0.00312389 0 0 0.12981 0.125379 
192000 0.00442485 0.122207 0.00311358 0 0 0.129752 0.12533 
192200 0.00441581 0.122169 0.00310326 0 0 0.129694 0.125281 
192400 0.00440677 0.122131 0.00309295 0 0 0.129636 0.125233 
192600 0.00439773 0.122092 0.00308263 0 0 0.129579 0.125184 
192800 0.00438869 0.122054 0.00307232 0 0 0.129521 0.125135 
193000 0.00437965 0.122016 0.003062 0 0 0.129463 0.125087 
193200 0.00437061 0.121978 0.00305168 0 0 0.129405 0.125038 
193400 0.00436157 0.121939 0.00304137 0 0 0.129347 0.124989 
193600 0.00435282 0.121902 0.00303147 0 0 0.12929 0.124942 
193800 0.00434435 0.121864 0.00302199 0 0 0.129235 0.124896 
194000 0.00433589 0.121827 0.00301251 0 0 0.12918 0.124849 
194200 0.00432743 0.12179 0.00300303 0 0 0.129124 0.124803 
194400 0.00431896 0.121753 0.00299355 0 0 0.129069 0.124757 
194600 0.0043105 0.121715 0.00298407 0 0 0.129014 0.124711 
194800 0.00430203 0.121678 0.00297459 0 0 0.128958 0.124664 
195000 0.00429357 0.121641 0.00296511 0 0 0.128903 0.124618 
195200 0.00428511 0.121604 0.00295563 0 0 0.128848 0.124572 
195400 0.00427664 0.121566 0.00294615 0 0 0.128792 0.124525 
195600 0.00426818 0.121529 0.00293667 0 0 0.128737 0.124479 
195800 0.00425971 0.121492 0.0029272 0 0 0.128682 0.124433 
196000 0.00425125 0.121455 0.00291772 0 0 0.128627 0.124387 
196200 0.00424279 0.121417 0.00290824 0 0 0.128571 0.12434 
196400 0.00423432 0.12138 0.00289876 0 0 0.128516 0.124294 
196600 0.00422586 0.121343 0.00288928 0 0 0.128461 0.124248 
196800 0.00421739 0.121306 0.0028798 0 0 0.128405 0.124202 
197000 0.00420893 0.121268 0.00287032 0 0 0.12835 0.124155 
197200 0.00420047 0.121231 0.00286084 0 0 0.128295 0.124109 
197400 0.0041921 0.121194 0.00285165 0 0 0.12824 0.124063 
197600 0.00418384 0.121158 0.00284276 0 0 0.128186 0.124017 
197800 0.00417559 0.121121 0.00283386 0 0 0.128132 0.123971 
198000 0.00416733 0.121085 0.00282497 0 0 0.128078 0.123925 
198200 0.00415907 0.121048 0.00281607 0 0 0.128024 0.123879 
198400 0.00415081 0.121012 0.00280718 0 0 0.12797 0.123833 
198600 0.00414255 0.120975 0.00279828 0 0 0.127916 0.123786 
198800 0.00413429 0.120939 0.00278939 0 0 0.127862 0.12374 
199000 0.00412603 0.120902 0.00278049 0 0 0.127808 0.123694 
199200 0.00411777 0.120866 0.0027716 0 0 0.127754 0.123648 
199400 0.00410951 0.120829 0.0027627 0 0 0.1277 0.123602 
199600 0.00410125 0.120793 0.00275381 0 0 0.127646 0.123556 
199800 0.00409299 0.120756 0.00274492 0 0 0.127592 0.12351 
200000 0.00408473 0.120719 0.00273602 0 0 0.127538 0.123464 
