1000 1.98131 0.0106893 3176.23 0 0 3177.43 3176.23 
1200 1.91195 0.0144629 1957.26 0 0 1959.16 1957.26 
1400 1.84433 0.0185243 1294.3 0 0 1296.2 1294.3 
1600 1.77391 0.0226809 899.794 0 0 901.633 899.794 
1800 1.70112 0.0268334 649.908 0 0 651.712 649.908 
2000 1.63021 0.0309906 1666.39 0 0 1668 1666.39 
2200 1.5613 0.0350719 1342.6 0 0 1344.2 1342.6 
2400 1.49481 0.0390486 1072.84 0 0 1074.34 1072.91 
2600 1.43133 0.0429161 859.549 0 0 861.064 859.58 
2800 1.371 0.0466729 695.798 0 0 697.181 695.818 
3000 1.31389 0.0502945 571.581 0 0 572.945 571.601 
3200 1.25991 0.0537807 477.675 0 0 479.015 477.695 
3400 1.20909 0.0571439 404.742 0 0 406.03 404.782 
3600 1.16111 0.0603922 346.562 0 0 347.76 346.602 
3800 1.1161 0.0634753 299.308 0 0 300.49 299.446 
4000 1.07344 0.0664814 260.132 0 0 261.295 260.172 
4200 1.03347 0.0693604 227.453 0 0 228.495 227.493 
4400 0.995567 0.0721242 199.719 0 0 200.781 199.759 
4600 0.95967 0.0747827 176.167 0 0 177.26 176.298 
4800 0.925953 0.0773472 156.199 0 0 157.181 156.33 
5000 0.893935 0.0798017 139.097 0 0 140.079 139.137 
5200 0.863696 0.0821612 124.433 0 0 125.388 124.562 
5400 0.834784 0.0844384 111.73 0 0 112.657 111.828 
5600 0.807446 0.086601 100.704 0 0 101.595 100.786 
5800 0.781481 0.0887066 91.0839 0 0 91.9544 91.1748 
6000 0.756522 0.0907366 82.6061 0 0 83.456 82.7003 
6200 0.732814 0.0926825 75.1995 0 0 76.0271 75.2943 
6400 0.71009 0.0945597 68.5894 0 0 69.3901 68.6742 
6600 0.688236 0.0963585 62.7663 0 0 63.5435 62.8625 
6800 0.667411 0.098106 57.5336 0 0 58.2982 57.6319 
7000 0.647505 0.0997843 52.898 0 0 53.6463 52.9974 
7200 0.628463 0.1014 48.7039 0 0 49.4351 48.8042 
7400 0.610005 0.102971 44.9801 0 0 45.6906 45.0803 
7600 0.59244 0.1045 41.5807 0 0 42.2806 41.6909 
7800 0.575601 0.105939 38.5485 0 0 39.2297 38.6507 
8000 0.559313 0.107364 35.7654 0 0 36.433 35.8677 
8200 0.543777 0.108727 33.2748 0 0 33.9299 33.3891 
8400 0.528699 0.110054 30.9798 0 0 31.6174 31.0941 
8600 0.514295 0.111334 28.9063 0 0 29.5268 29.0185 
8800 0.50041 0.112576 27.0107 0 0 27.6193 27.1157 
9000 0.487119 0.113773 25.2676 0 0 25.8728 25.3806 
9200 0.474313 0.11493 23.6754 0 0 24.2621 23.7853 
9400 0.461887 0.116053 22.2075 0 0 22.7836 22.3234 
9600 0.449983 0.117157 20.851 0 0 21.4245 20.9692 
9800 0.438495 0.118217 19.6078 0 0 20.1677 19.7261 
10000 0.427453 0.119252 18.46 0 0 19.0073 18.5783 
10200 0.41707 0.120244 17.4237 0 0 17.9569 17.5419 
10400 0.406384 0.121252 16.4033 0 0 16.9223 16.5216 
10600 0.396743 0.122178 15.5193 0 0 16.0365 15.6396 
10800 0.38737 0.123075 14.6831 0 0 15.1889 14.8053 
11000 0.378087 0.123973 13.8923 0 0 14.3938 14.0218 
11200 0.369032 0.12487 13.1434 0 0 13.6428 13.2754 
11400 0.36049 0.125709 12.4652 0 0 12.9546 12.5893 
11600 0.352349 0.126525 11.8439 0 0 12.3231 11.9689 
11800 0.344247 0.127335 11.2423 0 0 11.7136 11.3698 
12000 0.336516 0.128117 10.6844 0 0 11.1491 10.8126 
12200 0.329146 0.128873 10.1692 0 0 10.6276 10.2978 
12400 0.32176 0.12963 9.66966 0 0 10.121 9.79872 
12600 0.314992 0.130327 9.22625 0 0 9.67184 9.35643 
12800 0.308167 0.131036 8.78981 0 0 9.22941 8.92116 
13000 0.301571 0.131732 8.38319 0 0 8.81639 8.515 
13200 0.295272 0.132402 8.00506 0 0 8.43214 8.1371 
13400 0.289232 0.133046 7.64949 0 0 8.07116 7.78196 
13600 0.283311 0.133671 7.31057 0 0 7.72761 7.44411 
13800 0.277665 0.134288 6.99885 0 0 7.41078 7.1328 
14000 0.272126 0.134893 6.70002 0 0 7.1072 6.83472 
14200 0.266694 0.135483 6.41329 0 0 6.81608 6.54902 
14400 0.261525 0.136049 6.14926 0 0 6.54718 6.28513 
14600 0.256485 0.136614 5.89629 0 0 6.28977 6.03295 
14800 0.251548 0.137166 5.65396 0 0 6.04294 5.79133 
15000 0.246722 0.137694 5.42455 0 0 5.80863 5.56206 
15200 0.242145 0.138204 5.21266 0 0 5.59242 5.35042 
15400 0.237645 0.138711 5.0067 0 0 5.38251 5.14503 
15600 0.233288 0.139212 4.81092 0 0 5.18353 4.95019 
15800 0.229151 0.139685 4.63195 0 0 5.00047 4.77152 
16000 0.225062 0.140152 4.4577 0 0 4.82249 4.59773 
16200 0.221027 0.140611 4.28919 0 0 4.65087 4.42999 
16400 0.21708 0.141071 4.12903 0 0 4.48717 4.27017 
16600 0.213242 0.141514 3.97567 0 0 4.33048 4.11721 
16800 0.209622 0.141921 3.83474 0 0 4.18688 3.97701 
17000 0.206064 0.142336 3.69934 0 0 4.04802 3.84203 
17200 0.202541 0.142755 3.56692 0 0 3.91171 3.70985 
17400 0.199164 0.14315 3.44191 0 0 3.7839 3.58508 
17600 0.195862 0.143541 3.32156 0 0 3.66086 3.46513 
17800 0.1927 0.143925 3.20988 0 0 3.54665 3.35413 
18000 0.189587 0.144291 3.10225 0 0 3.4365 3.24692 
18200 0.186506 0.144646 2.99733 0 0 3.32906 3.14222 
18400 0.183483 0.145006 2.89766 0 0 3.22639 3.04269 
18600 0.180501 0.145363 2.79996 0 0 3.12568 2.94517 
18800 0.177792 0.145688 2.71166 0 0 3.03509 2.85762 
19000 0.175086 0.146012 2.62465 0 0 2.94578 2.77121 
19200 0.172388 0.146332 2.54154 0 0 2.86029 2.68821 
19400 0.16972 0.146647 2.46047 0 0 2.77688 2.60724 
19600 0.167098 0.146956 2.38245 0 0 2.69659 2.52934 
19800 0.164566 0.147259 2.30837 0 0 2.62041 2.45537 
20000 0.162109 0.147556 2.23749 0 0 2.5476 2.38463 
20200 0.159764 0.147846 2.17063 0 0 2.47824 2.31834 
20400 0.157358 0.148129 2.10464 0 0 2.41009 2.25296 
20600 0.15507 0.1484 2.04206 0 0 2.34532 2.19066 
20800 0.152845 0.148666 1.98132 0 0 2.28238 2.13002 
21000 0.150677 0.148921 1.92377 0 0 2.22304 2.07257 
21200 0.148541 0.14917 1.86794 0 0 2.16564 2.01684 
21400 0.146466 0.149416 1.8149 0 0 2.11083 1.9639 
21600 0.144433 0.149659 1.76374 0 0 2.05776 1.91283 
21800 0.142429 0.149903 1.71401 0 0 2.00607 1.86319 
22000 0.140453 0.150146 1.66571 0 0 1.95577 1.81499 
22200 0.138514 0.15038 1.61875 0 0 1.90705 1.76835 
22400 0.13663 0.150599 1.57381 0 0 1.86071 1.72406 
22600 0.13477 0.150815 1.52992 0 0 1.81532 1.68069 
22800 0.13298 0.15102 1.4892 0 0 1.77277 1.64005 
23000 0.131194 0.151225 1.44862 0 0 1.73039 1.59957 
23200 0.129487 0.151429 1.41094 0 0 1.69137 1.56197 
23400 0.127781 0.151634 1.37326 0 0 1.65235 1.52437 
23600 0.12614 0.151825 1.33754 0 0 1.61561 1.4891 
23800 0.124514 0.152013 1.3023 0 0 1.57944 1.45442 
24000 0.12293 0.152198 1.26867 0 0 1.54451 1.42108 
24200 0.121386 0.152381 1.23663 0 0 1.51081 1.38909 
24400 0.119852 0.152562 1.20497 0 0 1.47756 1.3575 
24600 0.118378 0.152729 1.1755 0 0 1.44683 1.32819 
24800 0.116904 0.152896 1.14602 0 0 1.41609 1.29887 
25000 0.115455 0.15306 1.11772 0 0 1.38654 1.27074 
25200 0.114014 0.153223 1.08982 0 0 1.35739 1.24301 
25400 0.112607 0.15338 1.06286 0 0 1.32919 1.21622 
25600 0.111264 0.153524 1.03767 0 0 1.30273 1.19116 
25800 0.109921 0.153668 1.01248 0 0 1.27627 1.16611 
26000 0.108609 0.153813 0.988495 0 0 1.25107 1.14224 
26200 0.107302 0.153957 0.964729 0 0 1.22609 1.11859 
26400 0.106023 0.154098 0.941745 0 0 1.20192 1.09574 
26600 0.104797 0.154233 0.920211 0 0 1.17925 1.07438 
26800 0.103572 0.154368 0.898677 0 0 1.15659 1.05302 
27000 0.102372 0.154497 0.878098 0 0 1.13496 1.03259 
27200 0.101181 0.154624 0.857836 0 0 1.11368 1.01247 
27400 0.1 0.15475 0.837859 0 0 1.09268 0.992627 
27600 0.0988831 0.154865 0.819491 0 0 1.07327 0.974363 
27800 0.0977657 0.15498 0.801123 0 0 1.05385 0.956099 
28000 0.0966651 0.155091 0.783227 0 0 1.03494 0.938313 
28200 0.0955849 0.155199 0.765906 0 0 1.01664 0.921111 
28400 0.0945046 0.155307 0.748585 0 0 0.998338 0.903909 
28600 0.0934667 0.155417 0.732485 0 0 0.981333 0.887898 
28800 0.092443 0.155528 0.716792 0 0 0.964759 0.872284 
29000 0.0914192 0.155639 0.701099 0 0 0.948186 0.856669 
29200 0.0904426 0.155731 0.686496 0 0 0.932724 0.842178 
29400 0.0894684 0.155823 0.671951 0 0 0.91732 0.827745 
29600 0.0884967 0.155914 0.657483 0 0 0.901987 0.813386 
29800 0.0875469 0.156005 0.643708 0 0 0.887287 0.799698 
30000 0.0865972 0.156095 0.629934 0 0 0.872587 0.78601 
30200 0.0856639 0.156177 0.616757 0 0 0.858586 0.772878 
30400 0.0847771 0.156262 0.604302 0 0 0.845322 0.760525 
30600 0.0838903 0.156347 0.591847 0 0 0.832058 0.748171 
30800 0.083013 0.156427 0.579666 0 0 0.819087 0.73609 
31000 0.0821577 0.156497 0.568126 0 0 0.806799 0.724644 
31200 0.0813024 0.156567 0.556587 0 0 0.794511 0.713198 
31400 0.0804642 0.156638 0.545362 0 0 0.782534 0.702059 
31600 0.0796656 0.156709 0.534874 0 0 0.771283 0.691635 
31800 0.078867 0.15678 0.524385 0 0 0.760031 0.681211 
32000 0.0780723 0.156851 0.514019 0 0 0.74891 0.670906 
32200 0.0772931 0.156919 0.504138 0 0 0.738312 0.661077 
32400 0.0765139 0.156986 0.494258 0 0 0.727714 0.651249 
32600 0.075739 0.157053 0.484464 0 0 0.717207 0.641506 
32800 0.075003 0.15711 0.475449 0 0 0.707529 0.632542 
33000 0.0742669 0.157166 0.466435 0 0 0.697851 0.623578 
33200 0.0735309 0.157222 0.457421 0 0 0.688173 0.614614 
33400 0.0728244 0.157275 0.448987 0 0 0.679083 0.606257 
33600 0.0721213 0.157328 0.440617 0 0 0.67006 0.597967 
33800 0.0714181 0.15738 0.432247 0 0 0.661036 0.589677 
34000 0.0707338 0.157428 0.424283 0 0 0.652453 0.581769 
34200 0.0700595 0.157474 0.416538 0 0 0.644107 0.574067 
34400 0.0693853 0.157519 0.408793 0 0 0.63576 0.566365 
34600 0.0687241 0.157563 0.401285 0 0 0.627644 0.558898 
34800 0.0680874 0.157604 0.394216 0 0 0.619956 0.551871 
35000 0.0674506 0.157646 0.387147 0 0 0.612268 0.544843 
35200 0.0668139 0.157687 0.380078 0 0 0.60458 0.537815 
35400 0.0661939 0.15772 0.373401 0 0 0.597323 0.531174 
35600 0.0655749 0.157752 0.366745 0 0 0.590089 0.524553 
35800 0.0649558 0.157785 0.360088 0 0 0.582855 0.517932 
36000 0.064362 0.157816 0.353804 0 0 0.576006 0.511667 
36200 0.0637889 0.157847 0.347824 0 0 0.569473 0.505692 
36400 0.0632158 0.157878 0.341844 0 0 0.56294 0.499718 
36600 0.0626426 0.15791 0.335865 0 0 0.556407 0.493744 
36800 0.0620853 0.157938 0.330218 0 0 0.550241 0.488126 
37000 0.061528 0.157966 0.324571 0 0 0.544075 0.482507 
37200 0.0609706 0.157994 0.318925 0 0 0.537908 0.476889 
37400 0.0604261 0.15802 0.313491 0 0 0.531964 0.471486 
37600 0.0598973 0.158042 0.308318 0 0 0.526291 0.466345 
37800 0.0593684 0.158064 0.303144 0 0 0.520618 0.461205 
38000 0.0588395 0.158086 0.297971 0 0 0.514944 0.456064 
38200 0.0583326 0.158101 0.29316 0 0 0.509645 0.451277 
38400 0.0578312 0.158114 0.28844 0 0 0.504438 0.446578 
38600 0.0573298 0.158127 0.28372 0 0 0.499232 0.44188 
38800 0.0568293 0.158141 0.279014 0 0 0.494039 0.437194 
39000 0.056346 0.158157 0.274572 0 0 0.48911 0.432752 
39200 0.0558628 0.158173 0.270129 0 0 0.484182 0.42831 
39400 0.0553796 0.158189 0.265687 0 0 0.479253 0.423867 
39600 0.0549035 0.158202 0.261349 0 0 0.474436 0.41954 
39800 0.0544442 0.158206 0.257253 0 0 0.469878 0.415478 
40000 0.0539849 0.15821 0.253156 0 0 0.465319 0.411417 
40200 0.0535376 0.15821 0.249222 0 0 0.460985 0.407483 
40400 0.0530955 0.158213 0.245366 0 0 0.456717 0.403622 
40600 0.0526611 0.158221 0.241626 0 0 0.452551 0.399872 
40800 0.0522267 0.158228 0.237886 0 0 0.448384 0.396122 
41000 0.0517923 0.158236 0.234146 0 0 0.444218 0.392371 
41200 0.051366 0.15824 0.230532 0 0 0.440178 0.388748 
41400 0.0509495 0.15824 0.227075 0 0 0.436295 0.38528 
41600 0.0505331 0.15824 0.223617 0 0 0.432411 0.381812 
41800 0.0501166 0.15824 0.220159 0 0 0.428527 0.378344 
42000 0.0497096 0.15824 0.216816 0 0 0.424776 0.375 
42200 0.0493141 0.15824 0.213613 0 0 0.421187 0.371808 
42400 0.0489185 0.15824 0.210411 0 0 0.417599 0.368615 
42600 0.048523 0.15824 0.207209 0 0 0.41401 0.365422 
42800 0.0481332 0.158237 0.204096 0 0 0.410506 0.362313 
43000 0.047754 0.158227 0.201149 0 0 0.407158 0.359356 
43200 0.0473748 0.158218 0.198203 0 0 0.403811 0.3564 
43400 0.0469957 0.158208 0.195256 0 0 0.400464 0.353444 
43600 0.0466213 0.158198 0.192359 0 0 0.397173 0.350541 
43800 0.046266 0.158189 0.18966 0 0 0.39411 0.347852 
44000 0.0459108 0.15818 0.186961 0 0 0.391048 0.345162 
44200 0.0455556 0.15817 0.184262 0 0 0.387985 0.342472 
44400 0.0452004 0.158161 0.181563 0 0 0.384922 0.339782 
44600 0.0448544 0.158148 0.179031 0 0 0.382027 0.337214 
44800 0.0445094 0.158134 0.176519 0 0 0.379151 0.334659 
45000 0.0441644 0.15812 0.174006 0 0 0.376274 0.332105 
45200 0.0438194 0.158106 0.171493 0 0 0.373398 0.32955 
45400 0.0434877 0.158089 0.16911 0 0 0.370661 0.327139 
45600 0.0431647 0.158071 0.166812 0 0 0.368017 0.324823 
45800 0.0428417 0.158053 0.164515 0 0 0.365373 0.322508 
46000 0.0425187 0.158035 0.162218 0 0 0.362728 0.320193 
46200 0.0421978 0.158017 0.159944 0 0 0.360112 0.317904 
46400 0.0418887 0.157999 0.157803 0 0 0.357653 0.315766 
46600 0.0415795 0.157981 0.155662 0 0 0.355194 0.313627 
46800 0.0412704 0.157964 0.153521 0 0 0.352735 0.311489 
47000 0.0409612 0.157946 0.15138 0 0 0.350276 0.309351 
47200 0.0406624 0.157925 0.149352 0 0 0.347934 0.307311 
47400 0.0403691 0.157904 0.147385 0 0 0.345655 0.305324 
47600 0.0400758 0.157882 0.145418 0 0 0.343376 0.303337 
47800 0.0397826 0.15786 0.143451 0 0 0.341097 0.30135 
48000 0.03949 0.157838 0.141492 0 0 0.338827 0.299369 
48200 0.0392106 0.157813 0.139689 0 0 0.336724 0.297523 
48400 0.0389313 0.157787 0.137887 0 0 0.334621 0.295676 
48600 0.0386519 0.157761 0.136084 0 0 0.332519 0.293829 
48800 0.0383725 0.157736 0.134281 0 0 0.330416 0.291982 
49000 0.0380983 0.15771 0.132526 0 0 0.328362 0.290192 
49200 0.0378335 0.157685 0.130858 0 0 0.326399 0.288504 
49400 0.0375687 0.15766 0.129191 0 0 0.324437 0.286817 
49600 0.037304 0.157635 0.127524 0 0 0.322474 0.28513 
49800 0.0370392 0.15761 0.125857 0 0 0.320511 0.283443 
50000 0.0367737 0.157579 0.124185 0 0 0.318545 0.281741 
50200 0.0365201 0.157548 0.122647 0 0 0.316713 0.28018 
50400 0.0362665 0.157518 0.12111 0 0 0.314881 0.278618 
50600 0.0360129 0.157488 0.119572 0 0 0.313049 0.277056 
50800 0.0357593 0.157458 0.118035 0 0 0.311217 0.275495 
51000 0.035516 0.157427 0.116581 0 0 0.309494 0.274005 
51200 0.035277 0.157397 0.115164 0 0 0.307818 0.272545 
51400 0.0350381 0.157367 0.113746 0 0 0.306143 0.271086 
51600 0.0347992 0.157337 0.112328 0 0 0.304467 0.269627 
51800 0.0345602 0.157307 0.110911 0 0 0.302791 0.268167 
52000 0.0343288 0.157273 0.109564 0 0 0.30118 0.266796 
52200 0.0341005 0.157237 0.108247 0 0 0.299596 0.265462 
52400 0.0338723 0.157202 0.106929 0 0 0.298012 0.264129 
52600 0.033644 0.157166 0.105612 0 0 0.296428 0.262795 
52800 0.0334158 0.15713 0.104295 0 0 0.294844 0.261461 
53000 0.0331948 0.157096 0.103053 0 0 0.293345 0.260185 
53200 0.0329778 0.157064 0.101851 0 0 0.291892 0.25894 
53400 0.0327608 0.157031 0.100648 0 0 0.290439 0.257695 
53600 0.0325437 0.156998 0.0994458 0 0 0.288985 0.256449 
53800 0.0323267 0.156965 0.0982435 0 0 0.287532 0.255204 
54000 0.032114 0.156928 0.097078 0 0 0.286116 0.254001 
54200 0.0319067 0.156886 0.0959578 0 0 0.284745 0.252847 
54400 0.0316994 0.156844 0.0948375 0 0 0.283375 0.251694 
54600 0.031492 0.156802 0.0937172 0 0 0.282004 0.250541 
54800 0.0312847 0.15676 0.092597 0 0 0.280633 0.249388 
55000 0.0310797 0.156719 0.0914943 0 0 0.279285 0.248249 
55200 0.0308837 0.156682 0.0904621 0 0 0.278026 0.247166 
55400 0.0306877 0.156644 0.0894298 0 0 0.276767 0.246083 
55600 0.0304918 0.156607 0.0883976 0 0 0.275508 0.245001 
55800 0.0302958 0.156569 0.0873653 0 0 0.274249 0.243918 
56000 0.0300999 0.156532 0.0863331 0 0 0.27299 0.242835 
56200 0.0299122 0.156491 0.0853755 0 0 0.2718 0.241842 
56400 0.0297259 0.156449 0.0844312 0 0 0.270623 0.240866 
56600 0.0295397 0.156407 0.0834869 0 0 0.269446 0.239889 
56800 0.0293534 0.156365 0.0825425 0 0 0.268269 0.238912 
57000 0.0291672 0.156323 0.0815982 0 0 0.267092 0.237935 
57200 0.0289845 0.156281 0.0806786 0 0 0.265942 0.236981 
57400 0.0288084 0.15624 0.0798048 0 0 0.264843 0.236068 
57600 0.0286323 0.156199 0.078931 0 0 0.263744 0.235155 
57800 0.0284561 0.156158 0.0780573 0 0 0.262645 0.234242 
58000 0.02828 0.156117 0.0771835 0 0 0.261546 0.23333 
58200 0.0281039 0.156076 0.0763097 0 0 0.260447 0.232417 
58400 0.0279341 0.156034 0.0754872 0 0 0.25941 0.231545 
58600 0.0277663 0.155991 0.0746819 0 0 0.258394 0.230687 
58800 0.0275986 0.155949 0.0738765 0 0 0.257377 0.229829 
59000 0.0274308 0.155907 0.0730712 0 0 0.256361 0.228971 
59200 0.0272631 0.155865 0.0722659 0 0 0.255345 0.228113 
59400 0.0270956 0.155822 0.0714627 0 0 0.254331 0.227258 
59600 0.0269326 0.155773 0.070701 0 0 0.253358 0.226462 
59800 0.0267696 0.155724 0.0699392 0 0 0.252385 0.225667 
60000 0.0266066 0.155674 0.0691775 0 0 0.251412 0.224872 
60200 0.0264513 0.155631 0.0684544 0 0 0.250509 0.224092 
60400 0.0262961 0.155587 0.0677313 0 0 0.249605 0.223312 
60600 0.0261412 0.155542 0.0670171 0 0 0.248706 0.222544 
60800 0.0259876 0.155495 0.0663298 0 0 0.247823 0.22181 
61000 0.0258341 0.155447 0.0656425 0 0 0.246939 0.221076 
61200 0.0256805 0.1554 0.0649552 0 0 0.246056 0.220342 
61400 0.0255269 0.155352 0.0642678 0 0 0.245172 0.219608 
61600 0.0253734 0.155304 0.0635805 0 0 0.244289 0.218874 
61800 0.0252234 0.155256 0.0629132 0 0 0.243427 0.218161 
62000 0.0250803 0.155206 0.062283 0 0 0.242606 0.217485 
62200 0.0249372 0.155157 0.0616528 0 0 0.241784 0.216809 
62400 0.024794 0.155107 0.0610226 0 0 0.240962 0.216133 
62600 0.0246509 0.155057 0.0603924 0 0 0.24014 0.215457 
62800 0.0245078 0.155008 0.0597622 0 0 0.239319 0.214781 
63000 0.0243668 0.154959 0.0591463 0 0 0.238512 0.214118 
63200 0.0242309 0.154911 0.0585639 0 0 0.237739 0.213486 
63400 0.024095 0.154864 0.0579814 0 0 0.236967 0.212854 
63600 0.023959 0.154817 0.0573989 0 0 0.236194 0.212221 
63800 0.0238231 0.15477 0.0568165 0 0 0.235422 0.211589 
64000 0.0236872 0.154722 0.056234 0 0 0.234649 0.210957 
64200 0.023552 0.154675 0.055658 0 0 0.233885 0.210332 
64400 0.0234208 0.154625 0.0551189 0 0 0.233163 0.209748 
64600 0.0232896 0.154575 0.0545797 0 0 0.232441 0.209164 
64800 0.0231585 0.154526 0.0540406 0 0 0.23172 0.20858 
65000 0.0230273 0.154476 0.0535014 0 0 0.230998 0.207997 
65200 0.0228961 0.154426 0.0529623 0 0 0.230276 0.207413 
65400 0.0227649 0.154376 0.0524231 0 0 0.229555 0.206829 
65600 0.0226407 0.154324 0.0519244 0 0 0.228882 0.206275 
65800 0.0225173 0.15427 0.0514302 0 0 0.228215 0.205723 
66000 0.0223939 0.154217 0.0509359 0 0 0.227548 0.205172 
66200 0.0222705 0.154164 0.0504417 0 0 0.226881 0.204621 
66400 0.0221471 0.154111 0.0499474 0 0 0.226213 0.20407 
66600 0.0220237 0.154057 0.0494532 0 0 0.225546 0.203518 
66800 0.021904 0.154005 0.0489796 0 0 0.224904 0.20299 
67000 0.021788 0.153955 0.0485266 0 0 0.224285 0.202485 
67200 0.021672 0.153904 0.0480737 0 0 0.223667 0.20198 
67400 0.021556 0.153854 0.0476207 0 0 0.223049 0.201475 
67600 0.0214401 0.153803 0.0471678 0 0 0.222431 0.20097 
67800 0.0213241 0.153753 0.0467149 0 0 0.221813 0.200465 
68000 0.0212081 0.153702 0.0462619 0 0 0.221194 0.19996 
68200 0.0210975 0.15365 0.0458389 0 0 0.220602 0.19948 
68400 0.0209871 0.153597 0.0454175 0 0 0.220011 0.199001 
68600 0.0208768 0.153544 0.0449961 0 0 0.219421 0.198521 
68800 0.0207665 0.153492 0.0445747 0 0 0.21883 0.198042 
69000 0.0206562 0.153439 0.0441533 0 0 0.218239 0.197563 
69200 0.0205458 0.153386 0.0437319 0 0 0.217648 0.197083 
69400 0.0204368 0.153333 0.0433205 0 0 0.21707 0.196615 
69600 0.0203308 0.15328 0.0429323 0 0 0.21652 0.196173 
69800 0.0202248 0.153226 0.0425442 0 0 0.215971 0.19573 
70000 0.0201187 0.153173 0.042156 0 0 0.215422 0.195288 
70200 0.0200127 0.153119 0.0417679 0 0 0.214872 0.194845 
70400 0.0199067 0.153066 0.0413797 0 0 0.214323 0.194403 
70600 0.0198007 0.153012 0.0409916 0 0 0.213773 0.19396 
70800 0.0196982 0.152958 0.0406202 0 0 0.21325 0.193534 
71000 0.0195985 0.152903 0.0402626 0 0 0.212747 0.193122 
71200 0.0194989 0.152848 0.039905 0 0 0.212245 0.192709 
71400 0.0193992 0.152792 0.0395474 0 0 0.211742 0.192297 
71600 0.0192996 0.152737 0.0391897 0 0 0.211239 0.191884 
71800 0.0191999 0.152682 0.0388321 0 0 0.210737 0.191472 
72000 0.0191003 0.152627 0.0384745 0 0 0.210234 0.191059 
72200 0.0190044 0.152571 0.0381347 0 0 0.20974 0.190671 
72400 0.0189106 0.152516 0.0378046 0 0 0.209251 0.190295 
72600 0.0188168 0.152461 0.0374745 0 0 0.208762 0.18992 
72800 0.0187229 0.152405 0.0371444 0 0 0.208273 0.189545 
73000 0.0186291 0.15235 0.0368143 0 0 0.207784 0.189169 
73200 0.0185353 0.152294 0.0364842 0 0 0.207295 0.188794 
73400 0.0184414 0.152239 0.0361541 0 0 0.206806 0.188419 
73600 0.0183503 0.152183 0.0358406 0 0 0.206348 0.188052 
73800 0.0182609 0.152127 0.0355382 0 0 0.205911 0.187692 
74000 0.0181715 0.152072 0.0352359 0 0 0.205474 0.187331 
74200 0.0180822 0.152016 0.0349335 0 0 0.205037 0.186971 
74400 0.0179928 0.15196 0.0346312 0 0 0.2046 0.18661 
74600 0.0179034 0.151905 0.0343288 0 0 0.204163 0.18625 
74800 0.0178141 0.151849 0.0340265 0 0 0.203726 0.185889 
75000 0.0177262 0.151794 0.0337327 0 0 0.203293 0.185538 
75200 0.0176405 0.151739 0.0334518 0 0 0.202867 0.185202 
75400 0.0175548 0.151684 0.0331709 0 0 0.202442 0.184865 
75600 0.0174691 0.151629 0.03289 0 0 0.202016 0.184529 
75800 0.0173835 0.151574 0.032609 0 0 0.20159 0.184193 
76000 0.0172978 0.151519 0.0323281 0 0 0.201165 0.183856 
76200 0.0172121 0.151464 0.0320472 0 0 0.200739 0.18352 
76400 0.017127 0.151409 0.0317687 0 0 0.200316 0.183186 
76600 0.0170471 0.151354 0.0315121 0 0 0.199918 0.182873 
76800 0.0169672 0.1513 0.0312556 0 0 0.19952 0.18256 
77000 0.0168873 0.151245 0.030999 0 0 0.199122 0.182248 
77200 0.0168074 0.15119 0.0307424 0 0 0.198723 0.181935 
77400 0.0167274 0.151135 0.0304858 0 0 0.198325 0.181622 
77600 0.0166475 0.151081 0.0302292 0 0 0.197927 0.18131 
77800 0.0165676 0.151026 0.0299726 0 0 0.197529 0.180997 
78000 0.0164894 0.15097 0.0297273 0 0 0.197149 0.180695 
78200 0.0164124 0.150913 0.0294894 0 0 0.196783 0.180401 
78400 0.0163354 0.150856 0.0292514 0 0 0.196416 0.180107 
78600 0.0162584 0.1508 0.0290135 0 0 0.19605 0.179813 
78800 0.0161814 0.150743 0.0287756 0 0 0.195683 0.179519 
79000 0.0161043 0.150686 0.0285377 0 0 0.195316 0.179225 
79200 0.0160273 0.15063 0.0282998 0 0 0.19495 0.178931 
79400 0.0159503 0.150573 0.0280619 0 0 0.194583 0.178637 
79600 0.0158775 0.150516 0.0278394 0 0 0.194229 0.178359 
79800 0.0158047 0.150459 0.0276169 0 0 0.193875 0.178082 
80000 0.0157318 0.150402 0.0273944 0 0 0.193521 0.177805 
80200 0.0156609 0.150345 0.0271787 0 0 0.193183 0.177531 
80400 0.01559 0.150288 0.0269631 0 0 0.192845 0.177256 
80600 0.0155191 0.150232 0.0267474 0 0 0.192508 0.176982 
80800 0.0154482 0.150175 0.0265318 0 0 0.19217 0.176708 
81000 0.0153777 0.150118 0.0263197 0 0 0.191834 0.176438 
81200 0.0153084 0.150062 0.0261185 0 0 0.191501 0.176182 
81400 0.015239 0.150007 0.0259173 0 0 0.191168 0.175926 
81600 0.0151697 0.149952 0.0257161 0 0 0.190835 0.17567 
81800 0.0151004 0.149896 0.0255149 0 0 0.190502 0.175414 
82000 0.015031 0.149841 0.0253137 0 0 0.19017 0.175158 
82200 0.0149617 0.149785 0.0251125 0 0 0.189837 0.174902 
82400 0.0148923 0.14973 0.0249112 0 0 0.189504 0.174646 
82600 0.0148244 0.149673 0.0247146 0 0 0.189179 0.174393 
82800 0.0147598 0.149613 0.0245286 0 0 0.188874 0.174147 
83000 0.0146952 0.149553 0.0243426 0 0 0.188569 0.1739 
83200 0.0146306 0.149494 0.0241566 0 0 0.188264 0.173654 
83400 0.0145659 0.149434 0.0239705 0 0 0.187959 0.173407 
83600 0.0145013 0.149374 0.0237845 0 0 0.187654 0.173161 
83800 0.0144367 0.149314 0.0235985 0 0 0.187349 0.172914 
84000 0.0143721 0.149255 0.0234125 0 0 0.187044 0.172668 
84200 0.0143082 0.149196 0.0232302 0 0 0.186743 0.172426 
84400 0.0142466 0.149141 0.0230589 0 0 0.186455 0.1722 
84600 0.014185 0.149087 0.0228876 0 0 0.186168 0.171974 
84800 0.0141234 0.149032 0.0227163 0 0 0.18588 0.171748 
85000 0.0140618 0.148977 0.022545 0 0 0.185592 0.171522 
85200 0.0140002 0.148923 0.0223737 0 0 0.185304 0.171296 
85400 0.0139386 0.148868 0.0222024 0 0 0.185016 0.17107 
85600 0.0138771 0.148813 0.0220311 0 0 0.184728 0.170844 
85800 0.0138155 0.148759 0.0218598 0 0 0.18444 0.170618 
86000 0.013757 0.148701 0.0217013 0 0 0.184165 0.170401 
86200 0.0136985 0.148643 0.0215429 0 0 0.18389 0.170184 
86400 0.0136401 0.148586 0.0213844 0 0 0.183615 0.169967 
86600 0.0135816 0.148528 0.021226 0 0 0.18334 0.169749 
86800 0.0135232 0.148471 0.0210675 0 0 0.183066 0.169532 
87000 0.0134647 0.148413 0.0209091 0 0 0.182791 0.169315 
87200 0.0134063 0.148355 0.0207507 0 0 0.182516 0.169098 
87400 0.0133478 0.148298 0.0205922 0 0 0.182241 0.16888 
87600 0.0132914 0.14824 0.0204424 0 0 0.181976 0.168673 
87800 0.013236 0.148183 0.0202973 0 0 0.181717 0.16847 
88000 0.0131807 0.148125 0.0201522 0 0 0.181458 0.168267 
88200 0.0131254 0.148068 0.020007 0 0 0.181199 0.168064 
88400 0.0130701 0.148011 0.0198619 0 0 0.18094 0.167861 
88600 0.0130147 0.147953 0.0197168 0 0 0.180681 0.167659 
88800 0.0129594 0.147896 0.0195717 0 0 0.180422 0.167456 
89000 0.0129041 0.147838 0.0194265 0 0 0.180163 0.167253 
89200 0.0128491 0.147781 0.0192825 0 0 0.179905 0.167051 
89400 0.0127969 0.147722 0.0191485 0 0 0.179663 0.16686 
89600 0.0127448 0.147664 0.0190145 0 0 0.17942 0.166669 
89800 0.0126927 0.147605 0.0188805 0 0 0.179177 0.166477 
90000 0.0126406 0.147547 0.0187465 0 0 0.178934 0.166286 
90200 0.0125885 0.147489 0.0186124 0 0 0.178691 0.166095 
90400 0.0125363 0.14743 0.0184784 0 0 0.178448 0.165904 
90600 0.0124842 0.147372 0.0183444 0 0 0.178206 0.165712 
90800 0.0124321 0.147313 0.0182104 0 0 0.177963 0.165521 
91000 0.0123809 0.147256 0.0180799 0 0 0.177725 0.165334 
91200 0.0123313 0.147201 0.017956 0 0 0.177496 0.165155 
91400 0.0122818 0.147146 0.0178322 0 0 0.177268 0.164976 
91600 0.0122322 0.14709 0.0177083 0 0 0.177039 0.164797 
91800 0.0121827 0.147035 0.0175844 0 0 0.17681 0.164618 
92000 0.0121331 0.14698 0.0174605 0 0 0.176582 0.164439 
92200 0.0120836 0.146925 0.0173366 0 0 0.176353 0.16426 
92400 0.012034 0.14687 0.0172128 0 0 0.176125 0.164081 
92600 0.0119845 0.146815 0.0170889 0 0 0.175896 0.163901 
92800 0.0119361 0.146758 0.0169698 0 0 0.175672 0.163726 
93000 0.0118891 0.146701 0.0168567 0 0 0.175454 0.163556 
93200 0.0118422 0.146643 0.0167436 0 0 0.175236 0.163385 
93400 0.0117952 0.146586 0.0166305 0 0 0.175017 0.163215 
93600 0.0117483 0.146528 0.0165174 0 0 0.174799 0.163044 
93800 0.0117013 0.14647 0.0164043 0 0 0.174581 0.162873 
94000 0.0116543 0.146413 0.0162911 0 0 0.174363 0.162703 
94200 0.0116074 0.146355 0.016178 0 0 0.174145 0.162532 
94400 0.0115604 0.146298 0.0160649 0 0 0.173927 0.162362 
94600 0.0115144 0.14624 0.0159548 0 0 0.173713 0.162195 
94800 0.0114698 0.146183 0.0158494 0 0 0.173506 0.162035 
95000 0.0114251 0.146125 0.0157439 0 0 0.173299 0.161875 
95200 0.0113805 0.146068 0.0156385 0 0 0.173092 0.161714 
95400 0.0113358 0.14601 0.015533 0 0 0.172885 0.161554 
95600 0.0112912 0.145953 0.0154276 0 0 0.172678 0.161393 
95800 0.0112465 0.145895 0.0153221 0 0 0.172471 0.161233 
96000 0.0112019 0.145838 0.0152167 0 0 0.172264 0.161073 
96200 0.0111573 0.145781 0.0151112 0 0 0.172057 0.160912 
96400 0.011113 0.145723 0.0150071 0 0 0.171852 0.160753 
96600 0.0110709 0.145667 0.0149106 0 0 0.171656 0.160598 
96800 0.0110288 0.14561 0.014814 0 0 0.17146 0.160444 
97000 0.0109866 0.145554 0.0147174 0 0 0.171263 0.160289 
97200 0.0109445 0.145497 0.0146209 0 0 0.171067 0.160134 
97400 0.0109024 0.145441 0.0145243 0 0 0.170871 0.15998 
97600 0.0108603 0.145384 0.0144278 0 0 0.170675 0.159825 
97800 0.0108182 0.145328 0.0143312 0 0 0.170479 0.159671 
98000 0.0107761 0.145271 0.0142346 0 0 0.170282 0.159516 
98200 0.0107339 0.145215 0.0141381 0 0 0.170086 0.159361 
98400 0.0106933 0.145158 0.014047 0 0 0.169899 0.159214 
98600 0.0106533 0.145102 0.0139578 0 0 0.169714 0.159068 
98800 0.0106132 0.145046 0.0138685 0 0 0.16953 0.158923 
99000 0.0105731 0.14499 0.0137793 0 0 0.169346 0.158777 
99200 0.010533 0.144934 0.0136901 0 0 0.169161 0.158632 
99400 0.0104929 0.144878 0.0136009 0 0 0.168977 0.158486 
99600 0.0104528 0.144822 0.0135116 0 0 0.168792 0.158341 
99800 0.0104127 0.144766 0.0134224 0 0 0.168608 0.158195 
100000 0.0103726 0.144709 0.0133332 0 0 0.168423 0.15805 
100200 0.0103395 0.144669 0.0132638 0 0 0.168253 0.15793 
100400 0.0103005 0.14461 0.0131792 0 0 0.168073 0.157786 
100600 0.0102615 0.144551 0.0130947 0 0 0.167892 0.157643 
100800 0.0102224 0.144492 0.0130101 0 0 0.167712 0.157499 
101000 0.0101834 0.144433 0.0129255 0 0 0.167531 0.157356 
101200 0.0101444 0.144374 0.0128409 0 0 0.167351 0.157212 
101400 0.0101053 0.144315 0.0127564 0 0 0.167171 0.157069 
101600 0.0100663 0.144256 0.0126718 0 0 0.16699 0.156925 
101800 0.0100273 0.144197 0.0125872 0 0 0.16681 0.156782 
102000 0.00998822 0.144138 0.0125027 0 0 0.166629 0.156638 
102200 0.00995086 0.14408 0.0124225 0 0 0.166455 0.156501 
102400 0.00991518 0.144024 0.0123468 0 0 0.166288 0.156371 
102600 0.00987949 0.143968 0.0122711 0 0 0.166121 0.156241 
102800 0.00984381 0.143912 0.0121954 0 0 0.165953 0.15611 
103000 0.00980813 0.143856 0.0121197 0 0 0.165786 0.15598 
103200 0.00977245 0.143799 0.0120439 0 0 0.165619 0.15585 
103400 0.00973677 0.143743 0.0119682 0 0 0.165451 0.15572 
103600 0.00970109 0.143687 0.0118925 0 0 0.165284 0.155589 
103800 0.00966541 0.143631 0.0118168 0 0 0.165116 0.155459 
104000 0.00962972 0.143575 0.0117411 0 0 0.164949 0.155329 
104200 0.00959542 0.14352 0.0116695 0 0 0.164788 0.155202 
104400 0.00956249 0.143465 0.011602 0 0 0.164633 0.155079 
104600 0.00952955 0.143411 0.0115344 0 0 0.164479 0.154956 
104800 0.00949662 0.143356 0.0114669 0 0 0.164324 0.154833 
105000 0.00946369 0.143302 0.0113994 0 0 0.16417 0.154709 
105200 0.00943076 0.143248 0.0113319 0 0 0.164015 0.154586 
105400 0.00939783 0.143193 0.0112643 0 0 0.16386 0.154463 
105600 0.00936489 0.143139 0.0111968 0 0 0.163706 0.15434 
105800 0.00933196 0.143084 0.0111293 0 0 0.163551 0.154217 
106000 0.00929903 0.14303 0.0110618 0 0 0.163396 0.154094 
106200 0.0092661 0.142976 0.0109942 0 0 0.163242 0.153971 
106400 0.00923272 0.142918 0.0109277 0 0 0.163085 0.153847 
106600 0.00919935 0.142861 0.0108612 0 0 0.162929 0.153724 
106800 0.00916597 0.142804 0.0107946 0 0 0.162773 0.153601 
107000 0.00913259 0.142747 0.0107281 0 0 0.162616 0.153477 
107200 0.00909922 0.14269 0.0106616 0 0 0.16246 0.153354 
107400 0.00906584 0.142633 0.010595 0 0 0.162304 0.153231 
107600 0.00903247 0.142576 0.0105285 0 0 0.162147 0.153108 
107800 0.00899909 0.142518 0.010462 0 0 0.161991 0.152984 
108000 0.00896571 0.142461 0.0103954 0 0 0.161834 0.152861 
108200 0.00893234 0.142404 0.0103289 0 0 0.161678 0.152738 
108400 0.00890309 0.142352 0.0102721 0 0 0.16154 0.152629 
108600 0.00887384 0.1423 0.0102153 0 0 0.161401 0.152521 
108800 0.00884459 0.142248 0.0101585 0 0 0.161263 0.152412 
109000 0.00881534 0.142196 0.0101016 0 0 0.161124 0.152304 
109200 0.0087861 0.142145 0.0100448 0 0 0.160986 0.152196 
109400 0.00875685 0.142093 0.009988 0 0 0.160847 0.152087 
109600 0.0087276 0.142041 0.00993118 0 0 0.160709 0.151979 
109800 0.00869835 0.141989 0.00987436 0 0 0.16057 0.15187 
110000 0.0086691 0.141937 0.00981754 0 0 0.160432 0.151762 
110200 0.00863985 0.141885 0.00976072 0 0 0.160293 0.151653 
110400 0.00861061 0.141833 0.0097039 0 0 0.160155 0.151545 
110600 0.00858111 0.141778 0.00964798 0 0 0.160013 0.151433 
110800 0.00855161 0.141722 0.00959206 0 0 0.159872 0.151322 
111000 0.00852212 0.141667 0.00953614 0 0 0.159731 0.15121 
111200 0.00849262 0.141611 0.00948022 0 0 0.15959 0.151098 
111400 0.00846313 0.141556 0.00942431 0 0 0.159448 0.150987 
111600 0.00843363 0.141501 0.00936839 0 0 0.159307 0.150875 
111800 0.00840413 0.141445 0.00931247 0 0 0.159166 0.150763 
112000 0.00837464 0.14139 0.00925655 0 0 0.159024 0.150652 
112200 0.00834514 0.141335 0.00920063 0 0 0.158883 0.15054 
112400 0.00831565 0.141279 0.00914471 0 0 0.158742 0.150428 
112600 0.00828732 0.141224 0.00909169 0 0 0.158605 0.15032 
112800 0.00826017 0.14117 0.00904156 0 0 0.158473 0.150215 
113000 0.00823302 0.141115 0.00899143 0 0 0.158341 0.15011 
113200 0.00820587 0.14106 0.00894129 0 0 0.158209 0.150006 
113400 0.00817871 0.141006 0.00889116 0 0 0.158077 0.149901 
113600 0.00815156 0.140951 0.00884103 0 0 0.157945 0.149796 
113800 0.00812441 0.140896 0.0087909 0 0 0.157812 0.149691 
114000 0.00809725 0.140842 0.00874077 0 0 0.15768 0.149586 
114200 0.0080701 0.140787 0.00869063 0 0 0.157548 0.149482 
114400 0.00804295 0.140732 0.0086405 0 0 0.157416 0.149377 
114600 0.0080158 0.140678 0.00859037 0 0 0.157284 0.149272 
114800 0.00798963 0.140624 0.00854278 0 0 0.157156 0.149171 
115000 0.00796444 0.14057 0.00849774 0 0 0.157032 0.149075 
115200 0.00793925 0.140517 0.0084527 0 0 0.156909 0.148978 
115400 0.00791406 0.140464 0.00840765 0 0 0.156785 0.148881 
115600 0.00788887 0.140411 0.00836261 0 0 0.156661 0.148784 
115800 0.00786369 0.140358 0.00831757 0 0 0.156537 0.148688 
116000 0.0078385 0.140305 0.00827253 0 0 0.156414 0.148591 
116200 0.00781331 0.140252 0.00822749 0 0 0.15629 0.148494 
116400 0.00778812 0.140198 0.00818245 0 0 0.156166 0.148397 
116600 0.00776293 0.140145 0.0081374 0 0 0.156042 0.148301 
116800 0.00773775 0.140092 0.00809236 0 0 0.155918 0.148204 
117000 0.00771256 0.140039 0.00804732 0 0 0.155795 0.148107 
117200 0.00768723 0.139983 0.00800306 0 0 0.155671 0.148007 
117400 0.0076619 0.139928 0.00795879 0 0 0.155547 0.147907 
117600 0.00763657 0.139872 0.00791453 0 0 0.155423 0.147807 
117800 0.00761124 0.139817 0.00787026 0 0 0.155299 0.147706 
118000 0.00758591 0.139761 0.007826 0 0 0.155175 0.147606 
118200 0.00756058 0.139705 0.00778174 0 0 0.155051 0.147506 
118400 0.00753525 0.13965 0.00773747 0 0 0.154927 0.147406 
118600 0.00750992 0.139594 0.00769321 0 0 0.154803 0.147305 
118800 0.00748459 0.139539 0.00764894 0 0 0.154679 0.147205 
119000 0.00745926 0.139483 0.00760468 0 0 0.154556 0.147105 
119200 0.00743393 0.139427 0.00756042 0 0 0.154432 0.147005 
119400 0.00741146 0.139377 0.00752241 0 0 0.15432 0.146915 
119600 0.00738899 0.139326 0.00748441 0 0 0.154208 0.146826 
119800 0.00736652 0.139275 0.0074464 0 0 0.154096 0.146737 
120000 0.00734405 0.139224 0.0074084 0 0 0.153984 0.146647 
120200 0.00732159 0.139173 0.0073704 0 0 0.153872 0.146558 
120400 0.00729912 0.139122 0.00733239 0 0 0.15376 0.146468 
120600 0.00727665 0.139071 0.00729439 0 0 0.153648 0.146379 
120800 0.00725418 0.13902 0.00725639 0 0 0.153536 0.14629 
121000 0.00723172 0.138969 0.00721839 0 0 0.153424 0.1462 
121200 0.00720925 0.138918 0.00718038 0 0 0.153312 0.146111 
121400 0.00718678 0.138867 0.00714238 0 0 0.1532 0.146022 
121600 0.00716431 0.138816 0.00710438 0 0 0.153089 0.145932 
121800 0.00714268 0.138765 0.00706858 0 0 0.152979 0.145845 
122000 0.00712105 0.138714 0.00703278 0 0 0.15287 0.145757 
122200 0.00709941 0.138663 0.00699698 0 0 0.15276 0.145669 
122400 0.00707778 0.138612 0.00696118 0 0 0.152651 0.145581 
122600 0.00705615 0.138561 0.00692539 0 0 0.152541 0.145494 
122800 0.00703452 0.13851 0.00688959 0 0 0.152432 0.145406 
123000 0.00701288 0.138459 0.00685379 0 0 0.152323 0.145318 
123200 0.00699125 0.138408 0.00681799 0 0 0.152213 0.145231 
123400 0.00696962 0.138358 0.00678219 0 0 0.152104 0.145143 
123600 0.00694799 0.138307 0.00674639 0 0 0.151994 0.145055 
123800 0.00692635 0.138256 0.00671059 0 0 0.151885 0.144968 
124000 0.00690472 0.138205 0.0066748 0 0 0.151776 0.14488 
124200 0.00688376 0.138153 0.0066412 0 0 0.151669 0.144794 
124400 0.00686279 0.138101 0.00660761 0 0 0.151562 0.144708 
124600 0.00684183 0.138049 0.00657402 0 0 0.151455 0.144622 
124800 0.00682086 0.137998 0.00654042 0 0 0.151348 0.144536 
125000 0.0067999 0.137946 0.00650683 0 0 0.151241 0.14445 
125200 0.00677893 0.137894 0.00647324 0 0 0.151134 0.144364 
125400 0.00675797 0.137842 0.00643965 0 0 0.151027 0.144278 
125600 0.00673701 0.13779 0.00640605 0 0 0.15092 0.144192 
125800 0.00671604 0.137739 0.00637246 0 0 0.150813 0.144106 
126000 0.00669508 0.137687 0.00633887 0 0 0.150706 0.14402 
126200 0.00667411 0.137635 0.00630527 0 0 0.1506 0.143934 
126400 0.00665315 0.137583 0.00627168 0 0 0.150493 0.143848 
126600 0.00663295 0.13753 0.00624019 0 0 0.150389 0.143763 
126800 0.00661276 0.137476 0.0062087 0 0 0.150286 0.143679 
127000 0.00659256 0.137423 0.00617721 0 0 0.150182 0.143594 
127200 0.00657236 0.137369 0.00614573 0 0 0.150078 0.14351 
127400 0.00655217 0.137316 0.00611424 0 0 0.149975 0.143426 
127600 0.00653197 0.137263 0.00608275 0 0 0.149871 0.143341 
127800 0.00651178 0.137209 0.00605126 0 0 0.149768 0.143257 
128000 0.00649158 0.137156 0.00601977 0 0 0.149664 0.143173 
128200 0.00647138 0.137102 0.00598828 0 0 0.149561 0.143088 
128400 0.00645119 0.137049 0.0059568 0 0 0.149457 0.143004 
128600 0.00643099 0.136995 0.00592531 0 0 0.149353 0.14292 
128800 0.0064108 0.136942 0.00589382 0 0 0.14925 0.142835 
129000 0.00639291 0.136892 0.00586643 0 0 0.149154 0.142758 
129200 0.00637502 0.136842 0.00583905 0 0 0.149059 0.142681 
129400 0.00635714 0.136791 0.00581166 0 0 0.148963 0.142604 
129600 0.00633925 0.136741 0.00578428 0 0 0.148867 0.142527 
129800 0.00632136 0.136691 0.00575689 0 0 0.148772 0.14245 
130000 0.00630348 0.136641 0.00572951 0 0 0.148676 0.142373 
130200 0.00628559 0.136591 0.00570212 0 0 0.148581 0.142296 
130400 0.0062677 0.136541 0.00567474 0 0 0.148485 0.142218 
130600 0.00624981 0.136491 0.00564735 0 0 0.148389 0.142141 
130800 0.00623193 0.136441 0.00561997 0 0 0.148294 0.142064 
131000 0.00621404 0.136391 0.00559258 0 0 0.148198 0.141987 
131200 0.00619615 0.13634 0.00556519 0 0 0.148103 0.14191 
131400 0.00617827 0.13629 0.00553781 0 0 0.148007 0.141833 
131600 0.00616019 0.13624 0.00551108 0 0 0.147912 0.141754 
131800 0.00614212 0.136189 0.00548434 0 0 0.147816 0.141676 
132000 0.00612405 0.136139 0.00545761 0 0 0.147721 0.141597 
132200 0.00610597 0.136088 0.00543088 0 0 0.147625 0.141519 
132400 0.0060879 0.136038 0.00540414 0 0 0.14753 0.14144 
132600 0.00606983 0.135987 0.00537741 0 0 0.147434 0.141361 
132800 0.00605176 0.135937 0.00535068 0 0 0.147339 0.141283 
133000 0.00603368 0.135886 0.00532395 0 0 0.147244 0.141204 
133200 0.00601561 0.135836 0.00529721 0 0 0.147148 0.141126 
133400 0.00599754 0.135785 0.00527048 0 0 0.147053 0.141047 
133600 0.00597946 0.135735 0.00524375 0 0 0.146957 0.140969 
133800 0.00596139 0.135684 0.00521701 0 0 0.146862 0.14089 
134000 0.00594433 0.135635 0.00519204 0 0 0.14677 0.140815 
134200 0.0059283 0.135586 0.00516881 0 0 0.146683 0.140744 
134400 0.00591226 0.135538 0.00514559 0 0 0.146595 0.140673 
134600 0.00589622 0.13549 0.00512237 0 0 0.146508 0.140601 
134800 0.00588019 0.135442 0.00509914 0 0 0.14642 0.14053 
135000 0.00586415 0.135393 0.00507592 0 0 0.146332 0.140459 
135200 0.00584812 0.135345 0.0050527 0 0 0.146245 0.140387 
135400 0.00583208 0.135297 0.00502947 0 0 0.146157 0.140316 
135600 0.00581604 0.135249 0.00500625 0 0 0.14607 0.140245 
135800 0.00580001 0.1352 0.00498303 0 0 0.145982 0.140174 
136000 0.00578397 0.135152 0.0049598 0 0 0.145894 0.140102 
136200 0.00576793 0.135104 0.00493658 0 0 0.145807 0.140031 
136400 0.0057519 0.135056 0.00491336 0 0 0.145719 0.13996 
136600 0.00573586 0.135007 0.00489013 0 0 0.145632 0.139888 
136800 0.0057197 0.134957 0.00486751 0 0 0.145543 0.139816 
137000 0.00570354 0.134907 0.00484489 0 0 0.145454 0.139744 
137200 0.00568738 0.134857 0.00482227 0 0 0.145366 0.139671 
137400 0.00567122 0.134807 0.00479965 0 0 0.145277 0.139599 
137600 0.00565506 0.134757 0.00477703 0 0 0.145188 0.139526 
137800 0.0056389 0.134707 0.00475441 0 0 0.1451 0.139454 
138000 0.00562274 0.134657 0.00473179 0 0 0.145011 0.139381 
138200 0.00560658 0.134606 0.00470917 0 0 0.144922 0.139309 
138400 0.00559042 0.134556 0.00468655 0 0 0.144834 0.139236 
138600 0.00557426 0.134506 0.00466393 0 0 0.144745 0.139164 
138800 0.0055581 0.134456 0.00464131 0 0 0.144656 0.139091 
139000 0.00554194 0.134406 0.00461869 0 0 0.144568 0.139019 
139200 0.00552578 0.134356 0.00459606 0 0 0.144479 0.138946 
139400 0.00551084 0.134305 0.00457556 0 0 0.144394 0.138877 
139600 0.00549591 0.134255 0.00455505 0 0 0.14431 0.138808 
139800 0.00548097 0.134204 0.00453455 0 0 0.144225 0.138739 
140000 0.00546603 0.134154 0.00451404 0 0 0.14414 0.13867 
140200 0.00545109 0.134103 0.00449353 0 0 0.144056 0.138601 
140400 0.00543616 0.134053 0.00447303 0 0 0.143971 0.138532 
140600 0.00542122 0.134003 0.00445252 0 0 0.143886 0.138463 
140800 0.00540628 0.133952 0.00443202 0 0 0.143802 0.138394 
141000 0.00539134 0.133902 0.00441151 0 0 0.143717 0.138325 
141200 0.0053764 0.133851 0.004391 0 0 0.143633 0.138256 
141400 0.00536147 0.133801 0.0043705 0 0 0.143548 0.138187 
141600 0.00534653 0.13375 0.00434999 0 0 0.143463 0.138118 
141800 0.00533159 0.1337 0.00432949 0 0 0.143379 0.138049 
142000 0.00531715 0.133651 0.00430996 0 0 0.143296 0.137981 
142200 0.0053032 0.133603 0.00429142 0 0 0.143216 0.137914 
142400 0.00528926 0.133556 0.00427288 0 0 0.143136 0.137848 
142600 0.00527531 0.133509 0.00425434 0 0 0.143056 0.137781 
142800 0.00526136 0.133462 0.00423579 0 0 0.142976 0.137715 
143000 0.00524742 0.133414 0.00421725 0 0 0.142895 0.137648 
143200 0.00523347 0.133367 0.00419871 0 0 0.142815 0.137581 
143400 0.00521953 0.13332 0.00418017 0 0 0.142735 0.137515 
143600 0.00520558 0.133273 0.00416163 0 0 0.142655 0.137448 
143800 0.00519163 0.133225 0.00414308 0 0 0.142575 0.137382 
144000 0.00517769 0.133178 0.00412454 0 0 0.142494 0.137315 
144200 0.00516374 0.133131 0.004106 0 0 0.142414 0.137249 
144400 0.0051498 0.133084 0.00408746 0 0 0.142334 0.137182 
144600 0.00513585 0.133036 0.00406891 0 0 0.142254 0.137115 
144800 0.00512219 0.132989 0.00405091 0 0 0.142174 0.137049 
145000 0.00510882 0.132942 0.00403344 0 0 0.142095 0.136983 
145200 0.00509544 0.132895 0.00401597 0 0 0.142015 0.136917 
145400 0.00508207 0.132847 0.0039985 0 0 0.141936 0.136852 
145600 0.0050687 0.1328 0.00398104 0 0 0.141856 0.136786 
145800 0.00505532 0.132753 0.00396357 0 0 0.141777 0.13672 
146000 0.00504195 0.132706 0.0039461 0 0 0.141697 0.136654 
146200 0.00502858 0.132658 0.00392863 0 0 0.141618 0.136588 
146400 0.0050152 0.132611 0.00391116 0 0 0.141538 0.136522 
146600 0.00500183 0.132564 0.00389369 0 0 0.141459 0.136456 
146800 0.00498846 0.132517 0.00387623 0 0 0.141379 0.136391 
147000 0.00497508 0.132469 0.00385876 0 0 0.1413 0.136325 
147200 0.00496171 0.132422 0.00384129 0 0 0.14122 0.136259 
147400 0.00494834 0.132375 0.00382382 0 0 0.141141 0.136193 
147600 0.00493545 0.132328 0.00380726 0 0 0.141064 0.136129 
147800 0.00492306 0.132282 0.00379161 0 0 0.140989 0.136067 
148000 0.00491066 0.132235 0.00377596 0 0 0.140915 0.136006 
148200 0.00489826 0.132189 0.00376031 0 0 0.14084 0.135944 
148400 0.00488587 0.132142 0.00374465 0 0 0.140766 0.135882 
148600 0.00487347 0.132096 0.003729 0 0 0.140691 0.13582 
148800 0.00486108 0.132049 0.00371335 0 0 0.140617 0.135759 
149000 0.00484868 0.132003 0.0036977 0 0 0.140542 0.135697 
149200 0.00483628 0.131956 0.00368205 0 0 0.140467 0.135635 
149400 0.00482389 0.13191 0.0036664 0 0 0.140393 0.135573 
149600 0.00481149 0.131863 0.00365074 0 0 0.140318 0.135512 
149800 0.00479909 0.131817 0.00363509 0 0 0.140244 0.13545 
150000 0.0047867 0.13177 0.00361944 0 0 0.140169 0.135388 
150200 0.00477357 0.131715 0.0036029 0 0 0.140089 0.135323 
150400 0.00476044 0.13166 0.00358637 0 0 0.140009 0.135258 
150600 0.00474877 0.131616 0.00357203 0 0 0.139937 0.135198 
150800 0.00473711 0.131572 0.00355769 0 0 0.139866 0.135138 
151000 0.00472544 0.131527 0.00354335 0 0 0.139794 0.135078 
151200 0.00471377 0.131483 0.00352901 0 0 0.139723 0.135017 
151400 0.00470211 0.131439 0.00351467 0 0 0.139651 0.134957 
151600 0.00469044 0.131395 0.00350033 0 0 0.13958 0.134897 
151800 0.00467877 0.131351 0.00348599 0 0 0.139508 0.134837 
152000 0.00466711 0.131307 0.00347165 0 0 0.139437 0.134777 
152200 0.00465544 0.131263 0.00345731 0 0 0.139365 0.134717 
152400 0.00464377 0.131219 0.00344297 0 0 0.139294 0.134657 
152600 0.00463211 0.131175 0.00342863 0 0 0.139222 0.134596 
152800 0.00462044 0.131131 0.00341429 0 0 0.139151 0.134536 
153000 0.00460877 0.131086 0.00339995 0 0 0.139079 0.134476 
153200 0.00459711 0.131042 0.00338562 0 0 0.139008 0.134416 
153400 0.00458544 0.130998 0.00337128 0 0 0.138936 0.134356 
153600 0.00457423 0.130952 0.00335779 0 0 0.138867 0.134297 
153800 0.00456302 0.130906 0.00334431 0 0 0.138797 0.134238 
154000 0.0045518 0.13086 0.00333082 0 0 0.138728 0.13418 
154200 0.00454059 0.130814 0.00331734 0 0 0.138658 0.134121 
154400 0.00452938 0.130768 0.00330386 0 0 0.138589 0.134062 
154600 0.00451817 0.130722 0.00329037 0 0 0.138519 0.134003 
154800 0.00450695 0.130676 0.00327689 0 0 0.13845 0.133944 
155000 0.00449574 0.130629 0.0032634 0 0 0.13838 0.133886 
155200 0.00448453 0.130583 0.00324992 0 0 0.138311 0.133827 
155400 0.00447332 0.130537 0.00323644 0 0 0.138241 0.133768 
155600 0.00446211 0.130491 0.00322295 0 0 0.138172 0.133709 
155800 0.00445089 0.130445 0.00320947 0 0 0.138102 0.13365 
156000 0.00443968 0.130399 0.00319598 0 0 0.138033 0.133592 
156200 0.00442847 0.130353 0.0031825 0 0 0.137963 0.133533 
156400 0.00441726 0.130307 0.00316902 0 0 0.137894 0.133474 
156600 0.00440638 0.130261 0.00315631 0 0 0.137824 0.133415 
156800 0.0043955 0.130214 0.0031436 0 0 0.137754 0.133356 
157000 0.00438462 0.130168 0.00313089 0 0 0.137683 0.133298 
157200 0.00437375 0.130122 0.00311818 0 0 0.137613 0.133239 
157400 0.00436287 0.130076 0.00310547 0 0 0.137543 0.13318 
157600 0.00435199 0.13003 0.00309276 0 0 0.137473 0.133121 
157800 0.00434111 0.129984 0.00308005 0 0 0.137403 0.133062 
158000 0.00433023 0.129938 0.00306734 0 0 0.137333 0.133003 
158200 0.00431935 0.129892 0.00305463 0 0 0.137263 0.132945 
158400 0.00430848 0.129846 0.00304193 0 0 0.137192 0.132886 
158600 0.0042976 0.1298 0.00302922 0 0 0.137122 0.132827 
158800 0.00428672 0.129753 0.00301651 0 0 0.137052 0.132768 
159000 0.00427584 0.129707 0.0030038 0 0 0.136982 0.132709 
159200 0.00426496 0.129661 0.00299109 0 0 0.136912 0.132651 
159400 0.00425409 0.129615 0.00297838 0 0 0.136842 0.132592 
159600 0.004244 0.12957 0.00296688 0 0 0.136776 0.132536 
159800 0.00423391 0.129525 0.00295539 0 0 0.13671 0.132479 
160000 0.00422382 0.129479 0.00294389 0 0 0.136644 0.132423 
160200 0.00421374 0.129434 0.00293239 0 0 0.136578 0.132367 
160400 0.00420365 0.129389 0.0029209 0 0 0.136512 0.132311 
160600 0.00419356 0.129344 0.0029094 0 0 0.136446 0.132254 
160800 0.00418347 0.129298 0.0028979 0 0 0.13638 0.132198 
161000 0.00417339 0.129253 0.0028864 0 0 0.136314 0.132142 
161200 0.0041633 0.129208 0.00287491 0 0 0.136248 0.132086 
161400 0.00415321 0.129162 0.00286341 0 0 0.136182 0.132029 
161600 0.00414312 0.129117 0.00285191 0 0 0.136116 0.131973 
161800 0.00413304 0.129072 0.00284042 0 0 0.13605 0.131917 
162000 0.00412295 0.129027 0.00282892 0 0 0.135984 0.131861 
162200 0.00411286 0.128981 0.00281742 0 0 0.135918 0.131804 
162400 0.00410277 0.128936 0.00280592 0 0 0.135852 0.131748 
162600 0.00409303 0.128892 0.00279496 0 0 0.135788 0.131693 
162800 0.00408362 0.128849 0.00278452 0 0 0.135724 0.131639 
163000 0.00407421 0.128805 0.00277408 0 0 0.135661 0.131585 
163200 0.0040648 0.128762 0.00276365 0 0 0.135598 0.131531 
163400 0.00405539 0.128719 0.00275321 0 0 0.135535 0.131477 
163600 0.00404598 0.128676 0.00274278 0 0 0.135471 0.131424 
163800 0.00403657 0.128633 0.00273234 0 0 0.135408 0.13137 
164000 0.00402716 0.128589 0.0027219 0 0 0.135345 0.131316 
164200 0.00401775 0.128546 0.00271147 0 0 0.135281 0.131262 
164400 0.00400834 0.128503 0.00270103 0 0 0.135218 0.131208 
164600 0.00399894 0.12846 0.00269059 0 0 0.135155 0.131154 
164800 0.00398953 0.128416 0.00268016 0 0 0.135092 0.1311 
165000 0.00398012 0.128373 0.00266972 0 0 0.135028 0.131046 
165200 0.00397071 0.12833 0.00265929 0 0 0.134965 0.130993 
165400 0.0039613 0.128287 0.00264885 0 0 0.134902 0.130939 
165600 0.00395189 0.128244 0.00263841 0 0 0.134839 0.130885 
165800 0.00394276 0.128201 0.00262842 0 0 0.134776 0.130832 
166000 0.00393392 0.128158 0.00261887 0 0 0.134715 0.13078 
166200 0.00392508 0.128116 0.00260932 0 0 0.134654 0.130727 
166400 0.00391623 0.128073 0.00259977 0 0 0.134592 0.130675 
166600 0.00390739 0.128031 0.00259022 0 0 0.134531 0.130623 
166800 0.00389854 0.127988 0.00258068 0 0 0.134469 0.130571 
167000 0.0038897 0.127946 0.00257113 0 0 0.134408 0.130518 
167200 0.00388085 0.127903 0.00256158 0 0 0.134347 0.130466 
167400 0.00387201 0.127861 0.00255203 0 0 0.134285 0.130414 
167600 0.00386317 0.127818 0.00254248 0 0 0.134224 0.130362 
167800 0.00385432 0.127775 0.00253293 0 0 0.134163 0.130309 
168000 0.00384548 0.127733 0.00252338 0 0 0.134101 0.130257 
168200 0.00383663 0.12769 0.00251383 0 0 0.13404 0.130205 
168400 0.00382779 0.127648 0.00250428 0 0 0.133979 0.130153 
168600 0.00381894 0.127605 0.00249473 0 0 0.133917 0.1301 
168800 0.0038101 0.127563 0.00248519 0 0 0.133856 0.130048 
169000 0.00380125 0.12752 0.00247564 0 0 0.133795 0.129996 
169200 0.00379275 0.127478 0.00246665 0 0 0.133734 0.129945 
169400 0.00378425 0.127435 0.00245766 0 0 0.133674 0.129894 
169600 0.00377574 0.127393 0.00244867 0 0 0.133614 0.129843 
169800 0.00376724 0.12735 0.00243968 0 0 0.133554 0.129792 
170000 0.00375873 0.127308 0.00243069 0 0 0.133494 0.129741 
170200 0.00375023 0.127265 0.0024217 0 0 0.133434 0.12969 
170400 0.00374173 0.127223 0.00241271 0 0 0.133374 0.129639 
170600 0.00373322 0.12718 0.00240372 0 0 0.133314 0.129588 
170800 0.00372472 0.127138 0.00239473 0 0 0.133253 0.129537 
171000 0.00371621 0.127095 0.00238574 0 0 0.133193 0.129486 
171200 0.00370771 0.127053 0.00237674 0 0 0.133133 0.129435 
171400 0.0036992 0.12701 0.00236775 0 0 0.133073 0.129384 
171600 0.0036907 0.126968 0.00235876 0 0 0.133013 0.129333 
171800 0.0036822 0.126925 0.00234977 0 0 0.132953 0.129282 
172000 0.00367369 0.126883 0.00234078 0 0 0.132893 0.129231 
172200 0.00366519 0.12684 0.00233179 0 0 0.132832 0.12918 
172400 0.00365682 0.126797 0.00232311 0 0 0.132773 0.129128 
172600 0.0036486 0.126755 0.00231472 0 0 0.132713 0.129077 
172800 0.00364037 0.126712 0.00230634 0 0 0.132654 0.129025 
173000 0.00363215 0.12667 0.00229796 0 0 0.132594 0.128973 
173200 0.00362392 0.126627 0.00228958 0 0 0.132534 0.128922 
173400 0.0036157 0.126585 0.00228119 0 0 0.132475 0.12887 
173600 0.00360747 0.126542 0.00227281 0 0 0.132415 0.128818 
173800 0.00359925 0.1265 0.00226443 0 0 0.132356 0.128767 
174000 0.00359102 0.126457 0.00225605 0 0 0.132296 0.128715 
174200 0.0035828 0.126415 0.00224766 0 0 0.132237 0.128664 
174400 0.00357458 0.126372 0.00223928 0 0 0.132177 0.128612 
174600 0.00356635 0.12633 0.0022309 0 0 0.132118 0.12856 
174800 0.00355813 0.126287 0.00222251 0 0 0.132058 0.128509 
175000 0.0035499 0.126245 0.00221413 0 0 0.131999 0.128457 
175200 0.00354168 0.126202 0.00220575 0 0 0.131939 0.128405 
175400 0.00353345 0.12616 0.00219737 0 0 0.13188 0.128354 
175600 0.00352523 0.126117 0.00218898 0 0 0.13182 0.128302 
175800 0.00351779 0.126076 0.00218149 0 0 0.131765 0.128255 
176000 0.00351036 0.126035 0.002174 0 0 0.13171 0.128207 
176200 0.00350292 0.125993 0.00216651 0 0 0.131655 0.12816 
176400 0.00349549 0.125952 0.00215902 0 0 0.1316 0.128112 
176600 0.00348806 0.125911 0.00215153 0 0 0.131545 0.128064 
176800 0.00348062 0.12587 0.00214404 0 0 0.13149 0.128017 
177000 0.00347319 0.125828 0.00213654 0 0 0.131435 0.127969 
177200 0.00346575 0.125787 0.00212905 0 0 0.13138 0.127922 
177400 0.00345832 0.125746 0.00212156 0 0 0.131325 0.127874 
177600 0.00345089 0.125705 0.00211407 0 0 0.13127 0.127827 
177800 0.00344345 0.125664 0.00210658 0 0 0.131215 0.127779 
178000 0.00343602 0.125622 0.00209909 0 0 0.13116 0.127732 
178200 0.00342858 0.125581 0.0020916 0 0 0.131105 0.127684 
178400 0.00342115 0.12554 0.00208411 0 0 0.13105 0.127637 
178600 0.00341372 0.125499 0.00207661 0 0 0.130995 0.127589 
178800 0.00340628 0.125457 0.00206912 0 0 0.13094 0.127542 
179000 0.00339885 0.125416 0.00206163 0 0 0.130885 0.127494 
179200 0.00339154 0.125375 0.0020544 0 0 0.13083 0.127446 
179400 0.00338436 0.125335 0.00204742 0 0 0.130775 0.127396 
179600 0.00337717 0.125294 0.00204045 0 0 0.13072 0.127347 
179800 0.00336999 0.125253 0.00203347 0 0 0.130665 0.127298 
180000 0.00336281 0.125213 0.00202649 0 0 0.130611 0.127249 
180200 0.00335563 0.125172 0.00201952 0 0 0.130556 0.127199 
180400 0.00334845 0.125131 0.00201254 0 0 0.130501 0.12715 
180600 0.00334126 0.125091 0.00200557 0 0 0.130446 0.127101 
180800 0.00333408 0.12505 0.00199859 0 0 0.130391 0.127052 
181000 0.0033269 0.125009 0.00199161 0 0 0.130336 0.127002 
181200 0.00331972 0.124969 0.00198464 0 0 0.130281 0.126953 
181400 0.00331254 0.124928 0.00197766 0 0 0.130226 0.126904 
181600 0.00330535 0.124887 0.00197069 0 0 0.130171 0.126855 
181800 0.00329817 0.124847 0.00196371 0 0 0.130116 0.126805 
182000 0.00329099 0.124806 0.00195674 0 0 0.130061 0.126756 
182200 0.00328381 0.124765 0.00194976 0 0 0.130006 0.126707 
182400 0.00327663 0.124725 0.00194278 0 0 0.129951 0.126658 
182600 0.00326944 0.124684 0.00193581 0 0 0.129896 0.126608 
182800 0.00326253 0.124643 0.00192922 0 0 0.129841 0.126561 
183000 0.00325561 0.124601 0.00192263 0 0 0.129787 0.126514 
183200 0.00324869 0.12456 0.00191605 0 0 0.129733 0.126467 
183400 0.00324177 0.124519 0.00190946 0 0 0.129678 0.12642 
183600 0.00323485 0.124478 0.00190288 0 0 0.129624 0.126373 
183800 0.00322793 0.124436 0.00189629 0 0 0.129569 0.126326 
184000 0.00322101 0.124395 0.0018897 0 0 0.129515 0.12628 
184200 0.0032141 0.124354 0.00188312 0 0 0.12946 0.126233 
184400 0.00320718 0.124313 0.00187653 0 0 0.129406 0.126186 
184600 0.00320026 0.124272 0.00186994 0 0 0.129352 0.126139 
184800 0.00319334 0.12423 0.00186336 0 0 0.129297 0.126092 
185000 0.00318642 0.124189 0.00185677 0 0 0.129243 0.126045 
185200 0.0031795 0.124148 0.00185018 0 0 0.129188 0.125998 
185400 0.00317258 0.124107 0.0018436 0 0 0.129134 0.125951 
185600 0.00316566 0.124065 0.00183701 0 0 0.12908 0.125904 
185800 0.00315875 0.124024 0.00183042 0 0 0.129025 0.125857 
186000 0.00315183 0.123983 0.00182384 0 0 0.128971 0.12581 
186200 0.00314524 0.123943 0.00181764 0 0 0.128918 0.125764 
186400 0.00313897 0.123905 0.00181183 0 0 0.128867 0.12572 
186600 0.00313271 0.123866 0.00180603 0 0 0.128816 0.125675 
186800 0.00312645 0.123828 0.00180022 0 0 0.128765 0.125631 
187000 0.00312019 0.123789 0.00179441 0 0 0.128714 0.125586 
187200 0.00311392 0.123751 0.0017886 0 0 0.128663 0.125542 
187400 0.00310766 0.123712 0.00178279 0 0 0.128613 0.125498 
187600 0.0031014 0.123674 0.00177699 0 0 0.128562 0.125453 
187800 0.00309513 0.123635 0.00177118 0 0 0.128511 0.125409 
188000 0.00308887 0.123597 0.00176537 0 0 0.12846 0.125364 
188200 0.00308261 0.123558 0.00175956 0 0 0.128409 0.12532 
188400 0.00307634 0.12352 0.00175376 0 0 0.128358 0.125276 
188600 0.00307008 0.123481 0.00174795 0 0 0.128307 0.125231 
188800 0.00306382 0.123443 0.00174214 0 0 0.128256 0.125187 
189000 0.00305756 0.123404 0.00173633 0 0 0.128205 0.125142 
189200 0.00305129 0.123366 0.00173052 0 0 0.128154 0.125098 
189400 0.00304503 0.123328 0.00172472 0 0 0.128103 0.125053 
189600 0.00303877 0.123289 0.00171891 0 0 0.128052 0.125009 
189800 0.0030325 0.123251 0.0017131 0 0 0.128001 0.124965 
190000 0.00302641 0.123211 0.00170762 0 0 0.127951 0.12492 
190200 0.00302033 0.123172 0.00170213 0 0 0.1279 0.124876 
190400 0.00301424 0.123132 0.00169665 0 0 0.127849 0.124831 
190600 0.00300815 0.123092 0.00169117 0 0 0.127798 0.124787 
190800 0.00300206 0.123053 0.00168569 0 0 0.127747 0.124742 
191000 0.00299597 0.123013 0.0016802 0 0 0.127696 0.124698 
191200 0.00298988 0.122974 0.00167472 0 0 0.127645 0.124654 
191400 0.00298379 0.122934 0.00166924 0 0 0.127594 0.124609 
191600 0.0029777 0.122895 0.00166376 0 0 0.127543 0.124565 
191800 0.00297161 0.122855 0.00165827 0 0 0.127492 0.12452 
192000 0.00296552 0.122816 0.00165279 0 0 0.127441 0.124476 
192200 0.00295943 0.122776 0.00164731 0 0 0.12739 0.124431 
192400 0.00295334 0.122736 0.00164182 0 0 0.127339 0.124387 
192600 0.00294725 0.122697 0.00163634 0 0 0.127288 0.124343 
192800 0.00294116 0.122657 0.00163086 0 0 0.127238 0.124298 
193000 0.00293507 0.122618 0.00162538 0 0 0.127187 0.124254 
193200 0.00292898 0.122578 0.00161989 0 0 0.127136 0.124209 
193400 0.00292289 0.122539 0.00161441 0 0 0.127085 0.124165 
193600 0.002917 0.1225 0.00160915 0 0 0.127035 0.124121 
193800 0.0029113 0.122463 0.00160411 0 0 0.126986 0.124079 
194000 0.0029056 0.122425 0.00159907 0 0 0.126937 0.124036 
194200 0.00289991 0.122388 0.00159403 0 0 0.126888 0.123993 
194400 0.00289421 0.12235 0.00158899 0 0 0.126839 0.12395 
194600 0.00288851 0.122313 0.00158395 0 0 0.126789 0.123908 
194800 0.00288282 0.122276 0.00157891 0 0 0.12674 0.123865 
195000 0.00287712 0.122238 0.00157387 0 0 0.126691 0.123822 
195200 0.00287142 0.122201 0.00156883 0 0 0.126642 0.123779 
195400 0.00286572 0.122163 0.00156379 0 0 0.126593 0.123737 
195600 0.00286003 0.122126 0.00155875 0 0 0.126544 0.123694 
195800 0.00285433 0.122088 0.00155371 0 0 0.126495 0.123651 
196000 0.00284863 0.122051 0.00154867 0 0 0.126446 0.123609 
196200 0.00284294 0.122013 0.00154363 0 0 0.126397 0.123566 
196400 0.00283724 0.121976 0.00153859 0 0 0.126348 0.123523 
196600 0.00283154 0.121938 0.00153355 0 0 0.126299 0.12348 
196800 0.00282584 0.121901 0.00152851 0 0 0.12625 0.123438 
197000 0.00282015 0.121864 0.00152347 0 0 0.126201 0.123395 
197200 0.00281445 0.121826 0.00151843 0 0 0.126152 0.123352 
197400 0.00280883 0.121788 0.00151355 0 0 0.126103 0.12331 
197600 0.00280329 0.121751 0.00150882 0 0 0.126056 0.123267 
197800 0.00279776 0.121713 0.00150408 0 0 0.126008 0.123225 
198000 0.00279222 0.121675 0.00149935 0 0 0.125961 0.123183 
198200 0.00278668 0.121637 0.00149462 0 0 0.125913 0.12314 
198400 0.00278114 0.121599 0.00148989 0 0 0.125866 0.123098 
198600 0.0027756 0.121561 0.00148516 0 0 0.125818 0.123056 
198800 0.00277006 0.121523 0.00148043 0 0 0.125771 0.123013 
199000 0.00276452 0.121485 0.0014757 0 0 0.125723 0.122971 
199200 0.00275899 0.121448 0.00147097 0 0 0.125676 0.122929 
199400 0.00275345 0.12141 0.00146624 0 0 0.125628 0.122886 
199600 0.00274791 0.121372 0.00146151 0 0 0.125581 0.122844 
199800 0.00274237 0.121334 0.00145678 0 0 0.125533 0.122802 
200000 0.00273683 0.121296 0.00145205 0 0 0.125486 0.122759 
