1000 2.11644 0.0124485 2147.34 0 0 2149.49 2147.34 
1200 2.0346 0.016677 1313.17 0 0 1315.17 1313.17 
1400 1.95608 0.0211514 864.118 0 0 866.121 864.118 
1600 1.87525 0.0256311 599.016 0 0 600.927 599.108 
1800 1.79308 0.0300014 432.072 0 0 433.87 432.154 
2000 1.7147 0.0342868 2009.71 0 0 2011.57 2009.71 
2200 1.63958 0.0384001 1634.28 0 0 1636.05 1634.29 
2400 1.56843 0.0423268 1310.96 0 0 1312.58 1311.07 
2600 1.50121 0.046063 1051.53 0 0 1053.13 1051.55 
2800 1.43835 0.0496432 851.467 0 0 852.912 851.496 
3000 1.37977 0.0530218 699.856 0 0 701.287 699.87 
3200 1.32508 0.0562379 585.671 0 0 587.086 585.698 
3400 1.27411 0.0593006 497.193 0 0 498.554 497.207 
3600 1.22637 0.0622177 426.597 0 0 427.853 426.626 
3800 1.18204 0.0649809 369.175 0 0 370.419 369.342 
4000 1.14013 0.0676292 321.45 0 0 322.68 321.479 
4200 1.10106 0.0701567 281.505 0 0 282.59 281.534 
4400 1.06413 0.0725737 247.514 0 0 248.644 247.543 
4600 1.02922 0.0748949 218.579 0 0 219.77 218.737 
4800 0.996203 0.0771262 193.998 0 0 195.054 194.159 
5000 0.965008 0.0792751 172.943 0 0 173.992 172.975 
5200 0.93536 0.081341 154.85 0 0 155.883 155.002 
5400 0.906899 0.0833487 139.191 0 0 140.182 139.281 
5600 0.879934 0.0852693 125.564 0 0 126.523 125.641 
5800 0.853956 0.0871348 113.666 0 0 114.607 113.757 
6000 0.829048 0.0889467 103.171 0 0 104.092 103.264 
6200 0.805154 0.090695 93.9918 0 0 94.8907 94.0858 
6400 0.782104 0.092401 85.7923 0 0 86.6644 85.8731 
6600 0.75999 0.094045 78.5631 0 0 79.408 78.6583 
6800 0.738633 0.0956417 72.0633 0 0 72.8961 72.1579 
7000 0.718158 0.0971901 66.2965 0 0 67.114 66.3923 
7200 0.698301 0.0986977 61.0783 0 0 61.8774 61.1755 
7400 0.679184 0.100159 56.4402 0 0 57.2158 56.5367 
7600 0.660723 0.101601 52.2031 0 0 52.9676 52.3122 
7800 0.642984 0.102965 48.4222 0 0 49.1679 48.5195 
8000 0.625731 0.104327 44.9483 0 0 45.6794 45.0471 
8200 0.609176 0.105636 41.8384 0 0 42.5563 41.9511 
8400 0.593034 0.106924 38.9721 0 0 39.669 39.0851 
8600 0.577547 0.108174 36.379 0 0 37.0581 36.4893 
8800 0.562544 0.109386 34.008 0 0 34.6741 34.1081 
9000 0.548145 0.110573 31.828 0 0 32.4917 31.9361 
9200 0.534211 0.111724 29.8342 0 0 30.4759 29.9388 
9400 0.520619 0.112852 27.9958 0 0 28.6274 28.1078 
9600 0.507576 0.113959 26.295 0 0 26.9249 26.4101 
9800 0.494926 0.115029 24.7361 0 0 25.3507 24.8516 
10000 0.482747 0.116073 23.2977 0 0 23.896 23.4134 
10200 0.471259 0.117074 21.997 0 0 22.5796 22.1131 
10400 0.459405 0.118108 20.7165 0 0 21.2834 20.8328 
10600 0.448668 0.119049 19.608 0 0 20.1737 19.7246 
10800 0.438231 0.119989 18.5575 0 0 19.1083 18.6744 
11000 0.427832 0.120916 17.562 0 0 18.1109 17.6919 
11200 0.417705 0.121843 16.6211 0 0 17.1689 16.7527 
11400 0.408132 0.122722 15.7687 0 0 16.3045 15.8895 
11600 0.398987 0.123556 14.9871 0 0 15.5103 15.1087 
11800 0.38988 0.124407 14.23 0 0 14.7438 14.3545 
12000 0.381171 0.12523 13.5276 0 0 14.0342 13.6531 
12200 0.372849 0.126016 12.8791 0 0 13.3784 13.0048 
12400 0.36451 0.126811 12.25 0 0 12.7412 12.3759 
12600 0.356853 0.127532 11.6912 0 0 12.1759 11.8185 
12800 0.349155 0.128291 11.1411 0 0 11.619 11.2697 
13000 0.341677 0.129025 10.6285 0 0 11.0989 10.7577 
13200 0.334531 0.129728 10.1516 0 0 10.615 10.281 
13400 0.327695 0.130409 9.70309 0 0 10.1604 9.83276 
13600 0.320971 0.13108 9.27531 0 0 9.72747 9.4063 
13800 0.314557 0.13173 8.88189 0 0 9.32823 9.01327 
14000 0.308262 0.132366 8.50467 0 0 8.9456 8.63678 
14200 0.302081 0.132988 8.14261 0 0 8.57854 8.27582 
14400 0.296184 0.133591 7.80915 0 0 8.23936 7.94246 
14600 0.290456 0.134186 7.48941 0 0 7.91467 7.6236 
14800 0.284845 0.134768 7.18307 0 0 7.6032 7.31806 
15000 0.279344 0.13533 6.89312 0 0 7.30731 7.02832 
15200 0.274125 0.135876 6.62518 0 0 7.03445 6.76047 
15400 0.269 0.13641 6.3647 0 0 6.76938 6.50056 
15600 0.264041 0.136935 6.11691 0 0 6.51824 6.25391 
15800 0.259329 0.137435 5.89056 0 0 6.28681 6.02771 
16000 0.254672 0.137929 5.67003 0 0 6.06189 5.80767 
16200 0.250075 0.138418 5.45653 0 0 5.84516 5.59528 
16400 0.245565 0.138892 5.25378 0 0 5.6384 5.39278 
16600 0.241182 0.139354 5.05962 0 0 5.4404 5.19897 
16800 0.237064 0.139796 4.88109 0 0 5.25874 5.02139 
17000 0.233007 0.140233 4.7096 0 0 5.08312 4.85035 
17200 0.228984 0.140667 4.5419 0 0 4.91074 4.68283 
17400 0.225151 0.141091 4.3834 0 0 4.7492 4.52441 
17600 0.221395 0.141505 4.23078 0 0 4.59361 4.37219 
17800 0.217782 0.141897 4.0891 0 0 4.44907 4.23149 
18000 0.214227 0.14228 3.95262 0 0 4.30973 4.09546 
18200 0.210712 0.142656 3.81961 0 0 4.17385 3.96252 
18400 0.207273 0.143032 3.69313 0 0 4.04381 3.83612 
18600 0.203883 0.143405 3.56912 0 0 3.91623 3.71228 
18800 0.200812 0.143745 3.45707 0 0 3.80155 3.60107 
19000 0.197742 0.144083 3.34664 0 0 3.68848 3.49131 
19200 0.194672 0.144416 3.24114 0 0 3.58029 3.38591 
19400 0.191639 0.144745 3.13822 0 0 3.4747 3.2831 
19600 0.188662 0.14507 3.03919 0 0 3.373 3.18418 
19800 0.185783 0.145384 2.9451 0 0 3.27652 3.09018 
20000 0.182987 0.145688 2.85505 0 0 3.18431 3.00018 
20200 0.180329 0.145979 2.77019 0 0 3.0964 2.91587 
20400 0.177592 0.146272 2.68629 0 0 3.00997 2.83281 
20600 0.174998 0.146561 2.6067 0 0 2.92792 2.75357 
20800 0.17248 0.146847 2.52943 0 0 2.84823 2.67639 
21000 0.170024 0.147115 2.45624 0 0 2.77312 2.60324 
21200 0.167602 0.147373 2.38526 0 0 2.70047 2.53226 
21400 0.165252 0.147628 2.31786 0 0 2.63098 2.46491 
21600 0.162949 0.14788 2.25284 0 0 2.5636 2.39999 
21800 0.160681 0.148129 2.18962 0 0 2.49806 2.33683 
22000 0.158446 0.148374 2.1282 0 0 2.43436 2.27545 
22200 0.156256 0.148612 2.06847 0 0 2.37263 2.21605 
22400 0.154133 0.148838 2.01131 0 0 2.31388 2.15964 
22600 0.152034 0.149063 1.95548 0 0 2.25631 2.10439 
22800 0.150005 0.149284 1.90367 0 0 2.20234 2.05263 
23000 0.147982 0.149504 1.85205 0 0 2.14859 2.00107 
23200 0.146061 0.149714 1.80407 0 0 2.09912 1.95315 
23400 0.144141 0.149924 1.7561 0 0 2.04964 1.90523 
23600 0.142289 0.15012 1.71056 0 0 2.00312 1.86024 
23800 0.140454 0.150313 1.66563 0 0 1.95734 1.81597 
24000 0.138663 0.150501 1.62275 0 0 1.91301 1.77346 
24200 0.136915 0.150684 1.58194 0 0 1.87013 1.73269 
24400 0.135182 0.150866 1.54162 0 0 1.82786 1.69243 
24600 0.133524 0.151044 1.50408 0 0 1.78899 1.655 
24800 0.131867 0.151223 1.46655 0 0 1.75012 1.61758 
25000 0.130237 0.151393 1.43049 0 0 1.71268 1.58175 
25200 0.128615 0.15156 1.39491 0 0 1.6757 1.54645 
25400 0.127031 0.151721 1.36055 0 0 1.63989 1.5123 
25600 0.125514 0.151869 1.32844 0 0 1.60621 1.48028 
25800 0.123997 0.152018 1.29632 0 0 1.57253 1.44827 
26000 0.12252 0.152172 1.26574 0 0 1.54053 1.41783 
26200 0.121049 0.152326 1.23543 0 0 1.50883 1.38767 
26400 0.119613 0.152473 1.20611 0 0 1.47819 1.35852 
26600 0.118243 0.152605 1.17864 0 0 1.4495 1.33125 
26800 0.116873 0.152737 1.15117 0 0 1.42081 1.30398 
27000 0.115524 0.152873 1.12491 0 0 1.39333 1.27783 
27200 0.114181 0.153011 1.09906 0 0 1.36626 1.25206 
27400 0.112851 0.153145 1.07357 0 0 1.33957 1.22666 
27600 0.111595 0.153262 1.05012 0 0 1.31501 1.20335 
27800 0.11034 0.153379 1.02667 0 0 1.29044 1.18003 
28000 0.1091 0.153495 1.00382 0 0 1.26648 1.15732 
28200 0.107882 0.153612 0.981703 0 0 1.24325 1.13533 
28400 0.106663 0.153728 0.959591 0 0 1.22001 1.11335 
28600 0.1055 0.153838 0.939029 0 0 1.19837 1.09287 
28800 0.104355 0.153945 0.918984 0 0 1.17726 1.0729 
29000 0.103211 0.154053 0.898939 0 0 1.15615 1.05294 
29200 0.102119 0.154153 0.880287 0 0 1.13653 1.0344 
29400 0.101029 0.154254 0.861708 0 0 1.117 1.01593 
29600 0.0999419 0.154354 0.843226 0 0 1.09756 0.997565 
29800 0.0988716 0.154449 0.825629 0 0 1.07894 0.980056 
30000 0.0978013 0.154544 0.808031 0 0 1.06032 0.962547 
30200 0.0967588 0.154638 0.791189 0 0 1.04257 0.945747 
30400 0.0957593 0.154725 0.775267 0 0 1.02574 0.929936 
30600 0.0947597 0.154812 0.759345 0 0 1.00891 0.914126 
30800 0.0937734 0.154896 0.743773 0 0 0.992446 0.898665 
31000 0.0928182 0.154973 0.729018 0 0 0.976842 0.884019 
31200 0.091863 0.155049 0.714262 0 0 0.961238 0.869374 
31400 0.0909252 0.155124 0.699912 0 0 0.946034 0.855116 
31600 0.090028 0.155198 0.686505 0 0 0.931764 0.841765 
31800 0.0891308 0.155272 0.673097 0 0 0.917493 0.828413 
32000 0.0882381 0.155346 0.659844 0 0 0.903387 0.815215 
32200 0.0873635 0.15542 0.647208 0 0 0.889939 0.802634 
32400 0.086489 0.155494 0.634572 0 0 0.87649 0.790053 
32600 0.0856193 0.155566 0.622045 0 0 0.863159 0.777582 
32800 0.0847935 0.155624 0.610506 0 0 0.850877 0.766096 
33000 0.0839677 0.155682 0.598966 0 0 0.838595 0.75461 
33200 0.0831419 0.15574 0.587427 0 0 0.826313 0.743124 
33400 0.0823502 0.155798 0.576629 0 0 0.814788 0.73242 
33600 0.0815622 0.155855 0.565915 0 0 0.803347 0.721802 
33800 0.0807742 0.155912 0.5552 0 0 0.791906 0.711184 
34000 0.0800078 0.155966 0.545005 0 0 0.781017 0.701054 
34200 0.079253 0.156018 0.535089 0 0 0.770425 0.691186 
34400 0.0784982 0.15607 0.525174 0 0 0.759834 0.681319 
34600 0.0777582 0.156119 0.51556 0 0 0.749538 0.671751 
34800 0.0770458 0.156161 0.506504 0 0 0.739793 0.662742 
35000 0.0763334 0.156203 0.497449 0 0 0.730047 0.653733 
35200 0.075621 0.156245 0.488393 0 0 0.720302 0.644724 
35400 0.074927 0.156283 0.479846 0 0 0.7111 0.636214 
35600 0.0742339 0.156321 0.471325 0 0 0.701926 0.627731 
35800 0.0735409 0.156359 0.462803 0 0 0.692753 0.619248 
36000 0.0728748 0.156396 0.454755 0 0 0.68407 0.611217 
36200 0.0722308 0.156432 0.447094 0 0 0.675788 0.603555 
36400 0.0715868 0.156468 0.439433 0 0 0.667506 0.595894 
36600 0.0709427 0.156504 0.431771 0 0 0.659224 0.588233 
36800 0.0703173 0.156537 0.424537 0 0 0.65141 0.581035 
37000 0.0696918 0.156569 0.417303 0 0 0.643595 0.573837 
37200 0.0690663 0.156601 0.410069 0 0 0.635781 0.566639 
37400 0.0684552 0.156631 0.403107 0 0 0.628248 0.559715 
37600 0.0678618 0.156659 0.396479 0 0 0.621059 0.553126 
37800 0.0672684 0.156686 0.389851 0 0 0.61387 0.546537 
38000 0.0666749 0.156714 0.383223 0 0 0.606682 0.539948 
38200 0.0661051 0.156737 0.377053 0 0 0.599964 0.533814 
38400 0.0655412 0.15676 0.370999 0 0 0.593363 0.527794 
38600 0.0649773 0.156783 0.364944 0 0 0.586763 0.521773 
38800 0.0644145 0.156806 0.358907 0 0 0.580181 0.515769 
39000 0.0638724 0.156821 0.353214 0 0 0.573943 0.510069 
39200 0.0633302 0.156836 0.347521 0 0 0.567705 0.504369 
39400 0.0627881 0.156851 0.341828 0 0 0.561467 0.498669 
39600 0.0622534 0.156866 0.336266 0 0 0.555369 0.493119 
39800 0.0617358 0.156878 0.331009 0 0 0.549596 0.487919 
40000 0.0612183 0.156891 0.325752 0 0 0.543824 0.482719 
40200 0.0607148 0.1569 0.320714 0 0 0.538342 0.477666 
40400 0.0602175 0.156909 0.315772 0 0 0.532943 0.472713 
40600 0.0597292 0.15692 0.310973 0 0 0.527665 0.467906 
40800 0.059241 0.156931 0.306173 0 0 0.522388 0.4631 
41000 0.0587527 0.156942 0.301374 0 0 0.517111 0.458293 
41200 0.058273 0.15695 0.296736 0 0 0.511998 0.453647 
41400 0.0578038 0.156953 0.292296 0 0 0.507088 0.449198 
41600 0.0573345 0.156957 0.287855 0 0 0.502177 0.444748 
41800 0.0568652 0.15696 0.283415 0 0 0.497266 0.440299 
42000 0.0564068 0.156964 0.279122 0 0 0.492523 0.436013 
42200 0.0559615 0.156967 0.275011 0 0 0.487987 0.431927 
42400 0.0555162 0.156971 0.270899 0 0 0.483451 0.427841 
42600 0.055071 0.156974 0.266787 0 0 0.478914 0.423754 
42800 0.0546319 0.156975 0.262793 0 0 0.474485 0.419772 
43000 0.0542044 0.156972 0.259016 0 0 0.470255 0.415983 
43200 0.0537769 0.156968 0.25524 0 0 0.466025 0.412195 
43400 0.0533495 0.156965 0.251464 0 0 0.461795 0.408406 
43600 0.0529273 0.156961 0.247749 0 0 0.457636 0.404685 
43800 0.0525264 0.156954 0.24428 0 0 0.453763 0.401238 
44000 0.0521254 0.156948 0.240812 0 0 0.449891 0.397791 
44200 0.0517245 0.156941 0.237343 0 0 0.446018 0.394344 
44400 0.0513236 0.156934 0.233874 0 0 0.442145 0.390897 
44600 0.0509334 0.156928 0.230623 0 0 0.438494 0.387606 
44800 0.0505445 0.156921 0.227396 0 0 0.434867 0.384332 
45000 0.0501555 0.156914 0.224169 0 0 0.43124 0.381058 
45200 0.0497666 0.156908 0.220942 0 0 0.427614 0.377784 
45400 0.0493924 0.156897 0.217881 0 0 0.424159 0.374696 
45600 0.0490282 0.156884 0.214932 0 0 0.420818 0.371732 
45800 0.0486639 0.156872 0.211982 0 0 0.417478 0.368768 
46000 0.0482996 0.156859 0.209032 0 0 0.414137 0.365803 
46200 0.0479376 0.156845 0.206112 0 0 0.410833 0.362873 
46400 0.0475882 0.156829 0.203362 0 0 0.407733 0.360139 
46600 0.0472388 0.156814 0.200611 0 0 0.404633 0.357405 
46800 0.0468894 0.156798 0.197861 0 0 0.401533 0.354671 
47000 0.04654 0.156782 0.19511 0 0 0.398434 0.351937 
47200 0.0462028 0.156766 0.192504 0 0 0.395483 0.349328 
47400 0.0458722 0.156751 0.189976 0 0 0.392612 0.346787 
47600 0.0455415 0.156735 0.187448 0 0 0.389741 0.344246 
47800 0.0452109 0.156719 0.184919 0 0 0.38687 0.341705 
48000 0.044881 0.156704 0.182402 0 0 0.384011 0.339172 
48200 0.0445647 0.156682 0.180085 0 0 0.381359 0.336807 
48400 0.0442485 0.156661 0.177769 0 0 0.378708 0.334442 
48600 0.0439322 0.15664 0.175452 0 0 0.376057 0.332077 
48800 0.0436159 0.156618 0.173136 0 0 0.373405 0.329712 
49000 0.0433056 0.156597 0.17088 0 0 0.370817 0.327419 
49200 0.0430063 0.156576 0.168737 0 0 0.368346 0.325261 
49400 0.0427071 0.156556 0.166594 0 0 0.365875 0.323103 
49600 0.0424078 0.156535 0.16445 0 0 0.363404 0.320945 
49800 0.0421086 0.156514 0.162307 0 0 0.360933 0.318787 
50000 0.0418079 0.15649 0.160153 0 0 0.358448 0.316614 
50200 0.0415208 0.156463 0.158176 0 0 0.356149 0.314621 
50400 0.0412337 0.156437 0.1562 0 0 0.35385 0.312628 
50600 0.0409465 0.15641 0.154224 0 0 0.351551 0.310635 
50800 0.0406594 0.156384 0.152247 0 0 0.349251 0.308642 
51000 0.040384 0.156358 0.150377 0 0 0.34709 0.306738 
51200 0.0401136 0.156332 0.148553 0 0 0.344986 0.304873 
51400 0.0398432 0.156306 0.146729 0 0 0.342883 0.303007 
51600 0.0395728 0.15628 0.144905 0 0 0.34078 0.301141 
51800 0.0393024 0.156255 0.143081 0 0 0.338677 0.299276 
52000 0.0390408 0.156225 0.141348 0 0 0.33665 0.297526 
52200 0.038783 0.156194 0.139654 0 0 0.334655 0.295826 
52400 0.0385252 0.156163 0.13796 0 0 0.332661 0.294127 
52600 0.0382673 0.156132 0.136266 0 0 0.330666 0.292427 
52800 0.0380095 0.1561 0.134572 0 0 0.328672 0.290727 
53000 0.0377591 0.15607 0.132973 0 0 0.326792 0.289096 
53200 0.0375125 0.15604 0.131426 0 0 0.324973 0.287503 
53400 0.037266 0.156009 0.129878 0 0 0.323155 0.28591 
53600 0.0370195 0.155979 0.128331 0 0 0.321336 0.284317 
53800 0.036773 0.155949 0.126783 0 0 0.319517 0.282724 
54000 0.0365317 0.155916 0.125283 0 0 0.317743 0.281188 
54200 0.0362968 0.155881 0.123841 0 0 0.316024 0.279722 
54400 0.0360619 0.155845 0.1224 0 0 0.314304 0.278256 
54600 0.035827 0.15581 0.120958 0 0 0.312584 0.27679 
54800 0.0355921 0.155774 0.119517 0 0 0.310865 0.275324 
55000 0.0353598 0.155739 0.118098 0 0 0.309175 0.273874 
55200 0.0351384 0.155704 0.116769 0 0 0.307602 0.272492 
55400 0.034917 0.15567 0.115441 0 0 0.30603 0.271109 
55600 0.0346956 0.155635 0.114112 0 0 0.304457 0.269727 
55800 0.0344741 0.1556 0.112783 0 0 0.302885 0.268344 
56000 0.0342527 0.155565 0.111455 0 0 0.301313 0.266962 
56200 0.0340395 0.155527 0.110222 0 0 0.299821 0.265702 
56400 0.0338278 0.155488 0.109006 0 0 0.298343 0.264464 
56600 0.033616 0.155449 0.10779 0 0 0.296866 0.263225 
56800 0.0334043 0.15541 0.106574 0 0 0.295388 0.261987 
57000 0.0331926 0.155371 0.105358 0 0 0.293911 0.260749 
57200 0.0329851 0.155332 0.104173 0 0 0.292471 0.259537 
57400 0.0327855 0.155294 0.103048 0 0 0.291102 0.258375 
57600 0.032586 0.155255 0.101923 0 0 0.289732 0.257212 
57800 0.0323865 0.155217 0.100798 0 0 0.288363 0.25605 
58000 0.032187 0.155179 0.0996727 0 0 0.286994 0.254887 
58200 0.0319874 0.155141 0.0985475 0 0 0.285624 0.253725 
58400 0.031795 0.155101 0.0974882 0 0 0.284331 0.252615 
58600 0.031605 0.155061 0.0964508 0 0 0.283064 0.251524 
58800 0.031415 0.15502 0.0954134 0 0 0.281796 0.250432 
59000 0.031225 0.15498 0.0943761 0 0 0.280528 0.24934 
59200 0.031035 0.15494 0.0933387 0 0 0.279261 0.248248 
59400 0.0308452 0.1549 0.0923041 0 0 0.277996 0.247161 
59600 0.0306599 0.154858 0.0913228 0 0 0.276786 0.246167 
59800 0.0304747 0.154815 0.0903415 0 0 0.275576 0.245172 
60000 0.0302894 0.154773 0.0893602 0 0 0.274366 0.244178 
60200 0.0301135 0.154732 0.0884289 0 0 0.273242 0.243184 
60400 0.0299377 0.15469 0.0874977 0 0 0.272118 0.24219 
60600 0.0297621 0.154648 0.0865777 0 0 0.271001 0.241213 
60800 0.0295876 0.154604 0.0856916 0 0 0.269902 0.240284 
61000 0.029413 0.154561 0.0848056 0 0 0.268804 0.239355 
61200 0.0292384 0.154517 0.0839195 0 0 0.267705 0.238427 
61400 0.0290638 0.154473 0.0830334 0 0 0.266607 0.237498 
61600 0.0288892 0.15443 0.0821474 0 0 0.265508 0.236569 
61800 0.0287189 0.154386 0.0812872 0 0 0.264437 0.235666 
62000 0.0285567 0.154341 0.0804751 0 0 0.263418 0.23481 
62200 0.0283945 0.154296 0.0796631 0 0 0.262399 0.233954 
62400 0.0282322 0.154251 0.078851 0 0 0.26138 0.233098 
62600 0.02807 0.154206 0.0780389 0 0 0.260361 0.232242 
62800 0.0279078 0.154161 0.0772268 0 0 0.259341 0.231386 
63000 0.0277479 0.154115 0.0764332 0 0 0.258341 0.230548 
63200 0.0275934 0.154069 0.0756828 0 0 0.257385 0.229752 
63400 0.027439 0.154022 0.0749323 0 0 0.256429 0.228956 
63600 0.0272845 0.153976 0.0741818 0 0 0.255473 0.228161 
63800 0.02713 0.153929 0.0734313 0 0 0.254516 0.227365 
64000 0.0269755 0.153883 0.0726809 0 0 0.25356 0.22657 
64200 0.0268219 0.153836 0.0719386 0 0 0.252614 0.225783 
64400 0.0266731 0.153791 0.0712432 0 0 0.251721 0.225048 
64600 0.0265243 0.153745 0.0705478 0 0 0.250828 0.224314 
64800 0.0263755 0.153699 0.0698523 0 0 0.249935 0.223579 
65000 0.0262268 0.153653 0.0691569 0 0 0.249043 0.222844 
65200 0.026078 0.153608 0.0684615 0 0 0.24815 0.222109 
65400 0.0259292 0.153562 0.067766 0 0 0.247257 0.221374 
65600 0.0257881 0.153513 0.0671231 0 0 0.246424 0.220677 
65800 0.025648 0.153464 0.066486 0 0 0.245596 0.219984 
66000 0.0255078 0.153415 0.0658489 0 0 0.244769 0.219291 
66200 0.0253676 0.153365 0.0652118 0 0 0.243942 0.218598 
66400 0.0252275 0.153316 0.0645747 0 0 0.243115 0.217905 
66600 0.0250873 0.153267 0.0639375 0 0 0.242288 0.217212 
66800 0.0249512 0.153218 0.0633269 0 0 0.241494 0.216549 
67000 0.024819 0.15317 0.0627429 0 0 0.240734 0.215916 
67200 0.0246869 0.153122 0.0621588 0 0 0.239974 0.215282 
67400 0.0245547 0.153074 0.0615747 0 0 0.239214 0.214649 
67600 0.0244226 0.153026 0.0609906 0 0 0.238454 0.214015 
67800 0.0242904 0.152978 0.0604066 0 0 0.237694 0.213382 
68000 0.0241583 0.15293 0.0598225 0 0 0.236933 0.212748 
68200 0.0240329 0.152881 0.0592766 0 0 0.236205 0.212144 
68400 0.0239079 0.152831 0.0587327 0 0 0.235477 0.211542 
68600 0.0237829 0.152782 0.0581888 0 0 0.23475 0.21094 
68800 0.0236579 0.152732 0.057645 0 0 0.234023 0.210337 
69000 0.0235329 0.152683 0.0571011 0 0 0.233296 0.209735 
69200 0.0234079 0.152633 0.0565572 0 0 0.232569 0.209132 
69400 0.0232842 0.152583 0.0560264 0 0 0.231858 0.208546 
69600 0.0231636 0.15253 0.0555259 0 0 0.231186 0.207997 
69800 0.023043 0.152477 0.0550255 0 0 0.230514 0.207448 
70000 0.0229224 0.152424 0.0545251 0 0 0.229842 0.206899 
70200 0.0228018 0.152371 0.0540246 0 0 0.229171 0.20635 
70400 0.0226812 0.152318 0.0535242 0 0 0.228499 0.205801 
70600 0.0225606 0.152265 0.0530238 0 0 0.227827 0.205252 
70800 0.0224441 0.152214 0.0525449 0 0 0.227186 0.204721 
71000 0.0223309 0.152164 0.0520835 0 0 0.22657 0.204205 
71200 0.0222177 0.152114 0.0516222 0 0 0.225954 0.203689 
71400 0.0221045 0.152064 0.0511608 0 0 0.225338 0.203172 
71600 0.0219912 0.152014 0.0506995 0 0 0.224722 0.202656 
71800 0.021878 0.151965 0.0502381 0 0 0.224107 0.20214 
72000 0.0217648 0.151915 0.0497768 0 0 0.223491 0.201623 
72200 0.0216561 0.151863 0.0493381 0 0 0.222885 0.201141 
72400 0.0215497 0.15181 0.0489118 0 0 0.222284 0.200676 
72600 0.0214434 0.151758 0.0484854 0 0 0.221683 0.200211 
72800 0.0213371 0.151705 0.048059 0 0 0.221083 0.199746 
73000 0.0212307 0.151652 0.0476327 0 0 0.220482 0.199282 
73200 0.0211244 0.151599 0.0472063 0 0 0.219881 0.198817 
73400 0.021018 0.151547 0.0467799 0 0 0.219281 0.198352 
73600 0.0209146 0.151493 0.0463751 0 0 0.218724 0.197898 
73800 0.020813 0.15144 0.0459846 0 0 0.218198 0.197451 
74000 0.0207115 0.151386 0.0455942 0 0 0.217671 0.197004 
74200 0.02061 0.151332 0.0452037 0 0 0.217145 0.196557 
74400 0.0205084 0.151279 0.0448133 0 0 0.216618 0.19611 
74600 0.0204069 0.151225 0.0444228 0 0 0.216091 0.195663 
74800 0.0203053 0.151171 0.0440323 0 0 0.215565 0.195216 
75000 0.0202054 0.151118 0.043653 0 0 0.215041 0.194782 
75200 0.0201078 0.151065 0.0432904 0 0 0.214522 0.194368 
75400 0.0200102 0.151012 0.0429279 0 0 0.214003 0.193955 
75600 0.0199126 0.150959 0.0425653 0 0 0.213483 0.193541 
75800 0.019815 0.150906 0.0422027 0 0 0.212964 0.193128 
76000 0.0197174 0.150854 0.0418401 0 0 0.212444 0.192714 
76200 0.0196198 0.150801 0.0414776 0 0 0.211925 0.192301 
76400 0.0195228 0.150748 0.0411181 0 0 0.211409 0.19189 
76600 0.0194318 0.150694 0.0407869 0 0 0.210923 0.191505 
76800 0.0193408 0.150641 0.0404556 0 0 0.210436 0.191119 
77000 0.0192499 0.150587 0.0401244 0 0 0.20995 0.190734 
77200 0.0191589 0.150534 0.0397931 0 0 0.209463 0.190349 
77400 0.0190679 0.150481 0.0394619 0 0 0.208977 0.189963 
77600 0.0189769 0.150427 0.0391306 0 0 0.20849 0.189578 
77800 0.0188859 0.150374 0.0387993 0 0 0.208004 0.189193 
78000 0.0187971 0.150321 0.0384825 0 0 0.207545 0.188821 
78200 0.0187097 0.150268 0.0381753 0 0 0.207105 0.188457 
78400 0.0186224 0.150215 0.037868 0 0 0.206664 0.188094 
78600 0.018535 0.150163 0.0375608 0 0 0.206224 0.187731 
78800 0.0184477 0.15011 0.0372535 0 0 0.205783 0.187367 
79000 0.0183603 0.150057 0.0369463 0 0 0.205343 0.187004 
79200 0.018273 0.150004 0.036639 0 0 0.204902 0.186641 
79400 0.0181856 0.149952 0.0363318 0 0 0.204462 0.186277 
79600 0.0181027 0.149895 0.0360442 0 0 0.204037 0.185934 
79800 0.0180197 0.149837 0.0357567 0 0 0.203613 0.185591 
80000 0.0179367 0.14978 0.0354691 0 0 0.203188 0.185247 
80200 0.017856 0.149726 0.0351904 0 0 0.202782 0.184913 
80400 0.0177753 0.149672 0.0349117 0 0 0.202375 0.184579 
80600 0.0176945 0.149617 0.0346331 0 0 0.201968 0.184244 
80800 0.0176138 0.149563 0.0343544 0 0 0.201562 0.18391 
81000 0.0175335 0.149509 0.0340804 0 0 0.201156 0.183581 
81200 0.0174545 0.149455 0.0338205 0 0 0.200755 0.183268 
81400 0.0173755 0.149401 0.0335605 0 0 0.200354 0.182955 
81600 0.0172965 0.149347 0.0333005 0 0 0.199952 0.182641 
81800 0.0172175 0.149293 0.0330406 0 0 0.199551 0.182328 
82000 0.0171385 0.149239 0.0327806 0 0 0.19915 0.182015 
82200 0.0170595 0.149185 0.0325207 0 0 0.198748 0.181702 
82400 0.0169805 0.149131 0.0322607 0 0 0.198347 0.181389 
82600 0.0169032 0.149076 0.0320067 0 0 0.197956 0.181081 
82800 0.0168298 0.149019 0.0317666 0 0 0.19759 0.180784 
83000 0.0167564 0.148963 0.0315264 0 0 0.197224 0.180487 
83200 0.016683 0.148906 0.0312863 0 0 0.196858 0.18019 
83400 0.0166096 0.148849 0.0310461 0 0 0.196492 0.179893 
83600 0.0165362 0.148792 0.030806 0 0 0.196126 0.179597 
83800 0.0164628 0.148735 0.0305658 0 0 0.19576 0.1793 
84000 0.0163894 0.148678 0.0303257 0 0 0.195394 0.179003 
84200 0.0163168 0.148622 0.0300902 0 0 0.195032 0.178711 
84400 0.016247 0.148566 0.0298686 0 0 0.194685 0.178436 
84600 0.0161771 0.148511 0.029647 0 0 0.194339 0.17816 
84800 0.0161072 0.148455 0.0294254 0 0 0.193992 0.177884 
85000 0.0160373 0.1484 0.0292037 0 0 0.193645 0.177609 
85200 0.0159674 0.148344 0.0289821 0 0 0.193298 0.177333 
85400 0.0158975 0.148289 0.0287605 0 0 0.192951 0.177057 
85600 0.0158276 0.148233 0.0285389 0 0 0.192604 0.176781 
85800 0.0157577 0.148178 0.0283173 0 0 0.192258 0.176506 
86000 0.0156913 0.148123 0.0281125 0 0 0.19193 0.176243 
86200 0.0156248 0.148068 0.0279078 0 0 0.191603 0.175981 
86400 0.0155583 0.148013 0.027703 0 0 0.191276 0.175719 
86600 0.0154918 0.147958 0.0274983 0 0 0.190949 0.175457 
86800 0.0154253 0.147904 0.0272935 0 0 0.190621 0.175195 
87000 0.0153589 0.147849 0.0270888 0 0 0.190294 0.174933 
87200 0.0152924 0.147794 0.026884 0 0 0.189967 0.174671 
87400 0.0152259 0.147739 0.0266793 0 0 0.18964 0.174408 
87600 0.0151617 0.147683 0.0264855 0 0 0.189326 0.174158 
87800 0.0150988 0.147626 0.0262978 0 0 0.18902 0.173914 
88000 0.0150359 0.147569 0.02611 0 0 0.188713 0.173669 
88200 0.014973 0.147512 0.0259222 0 0 0.188407 0.173425 
88400 0.0149101 0.147455 0.0257344 0 0 0.188101 0.173181 
88600 0.0148471 0.147398 0.0255466 0 0 0.187795 0.172936 
88800 0.0147842 0.147342 0.0253589 0 0 0.187489 0.172692 
89000 0.0147213 0.147285 0.0251711 0 0 0.187182 0.172448 
89200 0.0146588 0.147228 0.0249847 0 0 0.186878 0.172205 
89400 0.0145994 0.147172 0.0248115 0 0 0.18659 0.171978 
89600 0.01454 0.147117 0.0246383 0 0 0.186302 0.171751 
89800 0.0144807 0.147061 0.024465 0 0 0.186015 0.171523 
90000 0.0144213 0.147006 0.0242918 0 0 0.185727 0.171296 
90200 0.014362 0.14695 0.0241186 0 0 0.185439 0.171069 
90400 0.0143026 0.146894 0.0239453 0 0 0.185151 0.170841 
90600 0.0142433 0.146839 0.0237721 0 0 0.184864 0.170614 
90800 0.0141839 0.146783 0.0235989 0 0 0.184576 0.170387 
91000 0.0141256 0.146728 0.0234301 0 0 0.184294 0.170164 
91200 0.0140692 0.146673 0.0232699 0 0 0.184022 0.169948 
91400 0.0140127 0.146619 0.0231096 0 0 0.18375 0.169733 
91600 0.0139563 0.146564 0.0229493 0 0 0.183479 0.169518 
91800 0.0138999 0.146509 0.022789 0 0 0.183207 0.169302 
92000 0.0138435 0.146455 0.0226287 0 0 0.182935 0.169087 
92200 0.013787 0.1464 0.0224684 0 0 0.182664 0.168871 
92400 0.0137306 0.146345 0.0223081 0 0 0.182392 0.168656 
92600 0.0136742 0.146291 0.0221479 0 0 0.18212 0.16844 
92800 0.0136191 0.146236 0.0219939 0 0 0.181856 0.16823 
93000 0.0135657 0.14618 0.0218477 0 0 0.1816 0.168026 
93200 0.0135123 0.146125 0.0217015 0 0 0.181343 0.167822 
93400 0.0134588 0.14607 0.0215553 0 0 0.181087 0.167618 
93600 0.0134054 0.146014 0.0214091 0 0 0.180831 0.167414 
93800 0.013352 0.145959 0.0212629 0 0 0.180575 0.167211 
94000 0.0132985 0.145904 0.0211167 0 0 0.180319 0.167007 
94200 0.0132451 0.145848 0.0209705 0 0 0.180063 0.166803 
94400 0.0131916 0.145793 0.0208243 0 0 0.179807 0.166599 
94600 0.0131394 0.145737 0.020682 0 0 0.179556 0.1664 
94800 0.0130888 0.14568 0.0205455 0 0 0.179313 0.16621 
95000 0.0130382 0.145622 0.020409 0 0 0.17907 0.16602 
95200 0.0129876 0.145565 0.0202724 0 0 0.178828 0.16583 
95400 0.012937 0.145508 0.0201359 0 0 0.178585 0.165639 
95600 0.0128865 0.145451 0.0199994 0 0 0.178342 0.165449 
95800 0.0128359 0.145394 0.0198629 0 0 0.178099 0.165259 
96000 0.0127853 0.145336 0.0197264 0 0 0.177856 0.165069 
96200 0.0127347 0.145279 0.0195899 0 0 0.177613 0.164878 
96400 0.0126845 0.145222 0.0194551 0 0 0.177372 0.164689 
96600 0.0126363 0.145167 0.0193302 0 0 0.177143 0.164508 
96800 0.012588 0.145113 0.0192053 0 0 0.176913 0.164327 
97000 0.0125398 0.145058 0.0190805 0 0 0.176683 0.164146 
97200 0.0124915 0.145003 0.0189556 0 0 0.176453 0.163965 
97400 0.0124433 0.144948 0.0188307 0 0 0.176223 0.163784 
97600 0.012395 0.144893 0.0187058 0 0 0.175994 0.163603 
97800 0.0123468 0.144839 0.0185809 0 0 0.175764 0.163422 
98000 0.0122985 0.144784 0.0184561 0 0 0.175534 0.16324 
98200 0.0122503 0.144729 0.0183312 0 0 0.175304 0.163059 
98400 0.0122041 0.144674 0.0182134 0 0 0.175085 0.162885 
98600 0.0121587 0.144618 0.0180979 0 0 0.174869 0.162714 
98800 0.0121132 0.144563 0.0179824 0 0 0.174653 0.162542 
99000 0.0120678 0.144507 0.0178669 0 0 0.174437 0.16237 
99200 0.0120223 0.144451 0.0177515 0 0 0.174221 0.162199 
99400 0.0119768 0.144396 0.017636 0 0 0.174006 0.162027 
99600 0.0119314 0.14434 0.0175205 0 0 0.17379 0.161855 
99800 0.0118859 0.144285 0.0174051 0 0 0.173574 0.161684 
100000 0.0118405 0.144229 0.0172896 0 0 0.173358 0.161512 
100200 0.0118019 0.144186 0.0172002 0 0 0.173186 0.161383 
100400 0.0117576 0.144129 0.0170907 0 0 0.172976 0.161216 
100600 0.0117133 0.144072 0.0169813 0 0 0.172765 0.161049 
100800 0.011669 0.144014 0.0168718 0 0 0.172554 0.160882 
101000 0.0116247 0.143957 0.0167623 0 0 0.172343 0.160714 
101200 0.0115805 0.1439 0.0166529 0 0 0.172132 0.160547 
101400 0.0115362 0.143843 0.0165434 0 0 0.171921 0.16038 
101600 0.0114919 0.143785 0.016434 0 0 0.17171 0.160213 
101800 0.0114476 0.143728 0.0163245 0 0 0.1715 0.160046 
102000 0.0114034 0.143671 0.0162151 0 0 0.171289 0.159879 
102200 0.0113608 0.143615 0.0161113 0 0 0.171086 0.159719 
102400 0.0113201 0.143561 0.0160133 0 0 0.170892 0.159568 
102600 0.0112793 0.143506 0.0159153 0 0 0.170697 0.159416 
102800 0.0112385 0.143452 0.0158172 0 0 0.170502 0.159264 
103000 0.0111977 0.143398 0.0157192 0 0 0.170308 0.159113 
103200 0.011157 0.143343 0.0156212 0 0 0.170113 0.158961 
103400 0.0111162 0.143289 0.0155231 0 0 0.169919 0.158809 
103600 0.0110754 0.143235 0.0154251 0 0 0.169724 0.158658 
103800 0.0110346 0.14318 0.0153271 0 0 0.169529 0.158506 
104000 0.0109939 0.143126 0.015229 0 0 0.169335 0.158354 
104200 0.0109548 0.143072 0.0151363 0 0 0.169149 0.158208 
104400 0.0109174 0.143019 0.0150489 0 0 0.168972 0.158066 
104600 0.0108799 0.142966 0.0149615 0 0 0.168795 0.157924 
104800 0.0108425 0.142913 0.014874 0 0 0.168618 0.157782 
105000 0.0108051 0.14286 0.0147866 0 0 0.168441 0.157641 
105200 0.0107677 0.142806 0.0146992 0 0 0.168263 0.157499 
105400 0.0107303 0.142753 0.0146118 0 0 0.168086 0.157357 
105600 0.0106929 0.1427 0.0145244 0 0 0.167909 0.157216 
105800 0.0106554 0.142647 0.0144369 0 0 0.167732 0.157074 
106000 0.010618 0.142594 0.0143495 0 0 0.167555 0.156932 
106200 0.0105806 0.142541 0.0142621 0 0 0.167378 0.156791 
106400 0.0105427 0.142484 0.0141759 0 0 0.167197 0.156649 
106600 0.0105047 0.142426 0.0140898 0 0 0.167017 0.156507 
106800 0.0104668 0.142369 0.0140037 0 0 0.166837 0.156366 
107000 0.0104288 0.142312 0.0139175 0 0 0.166657 0.156224 
107200 0.0103909 0.142255 0.0138314 0 0 0.166476 0.156082 
107400 0.010353 0.142197 0.0137452 0 0 0.166296 0.155941 
107600 0.010315 0.14214 0.0136591 0 0 0.166116 0.155799 
107800 0.0102771 0.142083 0.0135729 0 0 0.165936 0.155657 
108000 0.0102391 0.142026 0.0134868 0 0 0.165755 0.155516 
108200 0.0102012 0.141968 0.0134007 0 0 0.165575 0.155374 
108400 0.0101679 0.141918 0.0133271 0 0 0.165416 0.155249 
108600 0.0101346 0.141867 0.0132535 0 0 0.165258 0.155124 
108800 0.0101013 0.141816 0.0131799 0 0 0.165099 0.155 
109000 0.010068 0.141766 0.0131063 0 0 0.16494 0.154875 
109200 0.0100347 0.141715 0.0130327 0 0 0.164782 0.15475 
109400 0.0100014 0.141664 0.0129591 0 0 0.164623 0.154625 
109600 0.00996811 0.141613 0.0128855 0 0 0.164464 0.1545 
109800 0.00993481 0.141563 0.0128119 0 0 0.164306 0.154375 
110000 0.00990152 0.141512 0.0127384 0 0 0.164147 0.15425 
110200 0.00986822 0.141461 0.0126648 0 0 0.163988 0.154126 
110400 0.00983493 0.14141 0.0125912 0 0 0.16383 0.154001 
110600 0.00980131 0.141355 0.0125188 0 0 0.163669 0.153874 
110800 0.0097677 0.141299 0.0124464 0 0 0.163508 0.153747 
111000 0.00973408 0.141243 0.012374 0 0 0.163347 0.153621 
111200 0.00970047 0.141187 0.0123015 0 0 0.163186 0.153494 
111400 0.00966685 0.141131 0.0122291 0 0 0.163026 0.153367 
111600 0.00963324 0.141075 0.0121567 0 0 0.162865 0.15324 
111800 0.00959962 0.141019 0.0120843 0 0 0.162704 0.153114 
112000 0.00956601 0.140964 0.0120119 0 0 0.162543 0.152987 
112200 0.00953239 0.140908 0.0119395 0 0 0.162383 0.15286 
112400 0.00949878 0.140852 0.0118671 0 0 0.162222 0.152733 
112600 0.00946647 0.140797 0.0117984 0 0 0.162067 0.15261 
112800 0.00943546 0.140744 0.0117335 0 0 0.161917 0.152491 
113000 0.00940445 0.140691 0.0116685 0 0 0.161767 0.152371 
113200 0.00937345 0.140637 0.0116036 0 0 0.161618 0.152251 
113400 0.00934244 0.140584 0.0115387 0 0 0.161468 0.152132 
113600 0.00931143 0.140531 0.0114737 0 0 0.161319 0.152012 
113800 0.00928042 0.140477 0.0114088 0 0 0.161169 0.151892 
114000 0.00924942 0.140424 0.0113438 0 0 0.16102 0.151773 
114200 0.00921841 0.140371 0.0112789 0 0 0.16087 0.151653 
114400 0.0091874 0.140317 0.011214 0 0 0.16072 0.151533 
114600 0.0091564 0.140264 0.011149 0 0 0.160571 0.151414 
114800 0.00912656 0.140212 0.0110874 0 0 0.160426 0.151299 
115000 0.0090979 0.140161 0.011029 0 0 0.160287 0.15119 
115200 0.00906923 0.14011 0.0109706 0 0 0.160148 0.15108 
115400 0.00904057 0.140059 0.0109123 0 0 0.160008 0.150971 
115600 0.00901191 0.140008 0.0108539 0 0 0.159869 0.150861 
115800 0.00898324 0.139957 0.0107956 0 0 0.15973 0.150752 
116000 0.00895458 0.139906 0.0107372 0 0 0.15959 0.150642 
116200 0.00892591 0.139855 0.0106788 0 0 0.159451 0.150533 
116400 0.00889725 0.139804 0.0106205 0 0 0.159312 0.150423 
116600 0.00886859 0.139753 0.0105621 0 0 0.159172 0.150314 
116800 0.00883992 0.139702 0.0105038 0 0 0.159033 0.150204 
117000 0.00881126 0.139651 0.0104454 0 0 0.158894 0.150095 
117200 0.00878236 0.139596 0.010388 0 0 0.158754 0.149983 
117400 0.00875346 0.139541 0.0103307 0 0 0.158615 0.149871 
117600 0.00872456 0.139487 0.0102733 0 0 0.158476 0.149759 
117800 0.00869566 0.139432 0.010216 0 0 0.158337 0.149647 
118000 0.00866676 0.139378 0.0101586 0 0 0.158198 0.149536 
118200 0.00863786 0.139323 0.0101013 0 0 0.158059 0.149424 
118400 0.00860896 0.139268 0.0100439 0 0 0.157919 0.149312 
118600 0.00858006 0.139214 0.00998654 0 0 0.15778 0.1492 
118800 0.00855116 0.139159 0.00992918 0 0 0.157641 0.149088 
119000 0.00852226 0.139104 0.00987182 0 0 0.157502 0.148976 
119200 0.00849336 0.13905 0.00981447 0 0 0.157363 0.148864 
119400 0.00846783 0.138999 0.00976523 0 0 0.157236 0.148764 
119600 0.0084423 0.138947 0.00971598 0 0 0.15711 0.148664 
119800 0.00841678 0.138896 0.00966675 0 0 0.156984 0.148564 
120000 0.00839125 0.138845 0.0096175 0 0 0.156857 0.148464 
120200 0.00836573 0.138794 0.00956827 0 0 0.156731 0.148364 
120400 0.0083402 0.138742 0.00951902 0 0 0.156605 0.148264 
120600 0.00831467 0.138691 0.00946979 0 0 0.156478 0.148163 
120800 0.00828915 0.13864 0.00942054 0 0 0.156352 0.148063 
121000 0.00826362 0.138588 0.00937131 0 0 0.156225 0.147963 
121200 0.0082381 0.138537 0.00932207 0 0 0.156099 0.147863 
121400 0.00821257 0.138486 0.00927283 0 0 0.155973 0.147763 
121600 0.00818704 0.138435 0.00922359 0 0 0.155846 0.147663 
121800 0.00816235 0.138385 0.0091772 0 0 0.155725 0.147566 
122000 0.00813766 0.138334 0.00913081 0 0 0.155603 0.14747 
122200 0.00811297 0.138284 0.00908442 0 0 0.155481 0.147373 
122400 0.00808828 0.138234 0.00903802 0 0 0.15536 0.147276 
122600 0.00806359 0.138184 0.00899164 0 0 0.155238 0.14718 
122800 0.0080389 0.138134 0.00894524 0 0 0.155117 0.147083 
123000 0.0080142 0.138084 0.00889886 0 0 0.154995 0.146987 
123200 0.00798951 0.138034 0.00885246 0 0 0.154873 0.14689 
123400 0.00796482 0.137984 0.00880607 0 0 0.154752 0.146794 
123600 0.00794013 0.137934 0.00875968 0 0 0.15463 0.146697 
123800 0.00791544 0.137884 0.00871329 0 0 0.154509 0.1466 
124000 0.00789075 0.137834 0.0086669 0 0 0.154387 0.146504 
124200 0.0078669 0.137782 0.00862336 0 0 0.154268 0.146408 
124400 0.00784306 0.137731 0.00857982 0 0 0.154149 0.146313 
124600 0.00781921 0.13768 0.00853628 0 0 0.154029 0.146218 
124800 0.00779537 0.137629 0.00849274 0 0 0.15391 0.146122 
125000 0.00777152 0.137577 0.00844919 0 0 0.153791 0.146027 
125200 0.00774768 0.137526 0.00840565 0 0 0.153672 0.145932 
125400 0.00772383 0.137475 0.00836211 0 0 0.153552 0.145836 
125600 0.00769999 0.137424 0.00831857 0 0 0.153433 0.145741 
125800 0.00767614 0.137372 0.00827503 0 0 0.153314 0.145645 
126000 0.0076523 0.137321 0.00823149 0 0 0.153195 0.14555 
126200 0.00762845 0.13727 0.00818795 0 0 0.153075 0.145455 
126400 0.00760461 0.137219 0.00814441 0 0 0.152956 0.145359 
126600 0.00758158 0.137166 0.00810359 0 0 0.152841 0.145266 
126800 0.00755856 0.137114 0.00806277 0 0 0.152725 0.145173 
127000 0.00753554 0.137061 0.00802194 0 0 0.152609 0.14508 
127200 0.00751252 0.137009 0.00798112 0 0 0.152494 0.144987 
127400 0.00748949 0.136956 0.0079403 0 0 0.152378 0.144894 
127600 0.00746647 0.136904 0.00789948 0 0 0.152262 0.144801 
127800 0.00744345 0.136851 0.00785865 0 0 0.152147 0.144708 
128000 0.00742043 0.136799 0.00781783 0 0 0.152031 0.144615 
128200 0.0073974 0.136746 0.007777 0 0 0.151915 0.144522 
128400 0.00737438 0.136694 0.00773618 0 0 0.1518 0.144429 
128600 0.00735136 0.136642 0.00769536 0 0 0.151684 0.144336 
128800 0.00732834 0.136589 0.00765454 0 0 0.151568 0.144243 
129000 0.00730796 0.136541 0.00761903 0 0 0.151464 0.144159 
129200 0.00728757 0.136492 0.00758353 0 0 0.151359 0.144074 
129400 0.00726719 0.136444 0.00754803 0 0 0.151255 0.143989 
129600 0.00724681 0.136395 0.00751252 0 0 0.15115 0.143904 
129800 0.00722643 0.136347 0.00747702 0 0 0.151046 0.14382 
130000 0.00720605 0.136298 0.00744152 0 0 0.150941 0.143735 
130200 0.00718566 0.13625 0.00740601 0 0 0.150837 0.14365 
130400 0.00716528 0.136202 0.00737051 0 0 0.150732 0.143565 
130600 0.0071449 0.136153 0.00733501 0 0 0.150628 0.143481 
130800 0.00712452 0.136105 0.0072995 0 0 0.150523 0.143396 
131000 0.00710414 0.136056 0.007264 0 0 0.150418 0.143311 
131200 0.00708375 0.136008 0.0072285 0 0 0.150314 0.143226 
131400 0.00706337 0.13596 0.00719299 0 0 0.150209 0.143142 
131600 0.00704275 0.135908 0.00715832 0 0 0.150104 0.143057 
131800 0.00702212 0.135857 0.00712366 0 0 0.149999 0.142972 
132000 0.0070015 0.135805 0.00708899 0 0 0.149893 0.142888 
132200 0.00698087 0.135753 0.00705432 0 0 0.149788 0.142803 
132400 0.00696025 0.135702 0.00701965 0 0 0.149683 0.142718 
132600 0.00693962 0.13565 0.00698498 0 0 0.149578 0.142633 
132800 0.006919 0.135599 0.00695031 0 0 0.149472 0.142549 
133000 0.00689837 0.135547 0.00691564 0 0 0.149367 0.142464 
133200 0.00687775 0.135496 0.00688097 0 0 0.149262 0.142379 
133400 0.00685712 0.135444 0.0068463 0 0 0.149156 0.142295 
133600 0.0068365 0.135393 0.00681164 0 0 0.149051 0.14221 
133800 0.00681587 0.135341 0.00677697 0 0 0.148946 0.142125 
134000 0.00679642 0.135292 0.00674457 0 0 0.148844 0.142044 
134200 0.00677815 0.135244 0.00671446 0 0 0.148747 0.141967 
134400 0.00675988 0.135196 0.00668434 0 0 0.148649 0.14189 
134600 0.00674161 0.135149 0.00665422 0 0 0.148552 0.141812 
134800 0.00672334 0.135101 0.0066241 0 0 0.148454 0.141735 
135000 0.00670507 0.135053 0.00659398 0 0 0.148357 0.141657 
135200 0.0066868 0.135006 0.00656386 0 0 0.148259 0.14158 
135400 0.00666853 0.134958 0.00653374 0 0 0.148162 0.141503 
135600 0.00665026 0.13491 0.00650362 0 0 0.148064 0.141425 
135800 0.00663199 0.134863 0.0064735 0 0 0.147967 0.141348 
136000 0.00661372 0.134815 0.00644339 0 0 0.147869 0.141271 
136200 0.00659545 0.134767 0.00641327 0 0 0.147772 0.141193 
136400 0.00657718 0.13472 0.00638315 0 0 0.147674 0.141116 
136600 0.00655891 0.134672 0.00635303 0 0 0.147577 0.141039 
136800 0.00654047 0.134622 0.0063237 0 0 0.14748 0.140958 
137000 0.00652204 0.134573 0.00629437 0 0 0.147383 0.140878 
137200 0.0065036 0.134523 0.00626504 0 0 0.147286 0.140797 
137400 0.00648517 0.134474 0.00623571 0 0 0.147189 0.140717 
137600 0.00646674 0.134424 0.00620638 0 0 0.147093 0.140637 
137800 0.0064483 0.134375 0.00617705 0 0 0.146996 0.140556 
138000 0.00642987 0.134325 0.00614772 0 0 0.146899 0.140476 
138200 0.00641143 0.134276 0.00611839 0 0 0.146802 0.140396 
138400 0.006393 0.134226 0.00608906 0 0 0.146705 0.140315 
138600 0.00637457 0.134177 0.00605973 0 0 0.146608 0.140235 
138800 0.00635613 0.134127 0.0060304 0 0 0.146511 0.140155 
139000 0.0063377 0.134078 0.00600108 0 0 0.146415 0.140074 
139200 0.00631926 0.134028 0.00597175 0 0 0.146318 0.139994 
139400 0.00630223 0.133979 0.00594515 0 0 0.146226 0.13992 
139600 0.0062852 0.133931 0.00591855 0 0 0.146133 0.139846 
139800 0.00626817 0.133882 0.00589195 0 0 0.146041 0.139772 
140000 0.00625114 0.133833 0.00586534 0 0 0.145949 0.139697 
140200 0.00623411 0.133784 0.00583874 0 0 0.145857 0.139623 
140400 0.00621708 0.133736 0.00581214 0 0 0.145765 0.139549 
140600 0.00620005 0.133687 0.00578554 0 0 0.145672 0.139475 
140800 0.00618302 0.133638 0.00575894 0 0 0.14558 0.139401 
141000 0.00616599 0.133589 0.00573234 0 0 0.145488 0.139326 
141200 0.00614896 0.133541 0.00570574 0 0 0.145396 0.139252 
141400 0.00613193 0.133492 0.00567914 0 0 0.145304 0.139178 
141600 0.0061149 0.133443 0.00565254 0 0 0.145211 0.139104 
141800 0.00609787 0.133394 0.00562594 0 0 0.145119 0.13903 
142000 0.00608138 0.133346 0.00560061 0 0 0.14503 0.138957 
142200 0.00606545 0.133299 0.00557656 0 0 0.144943 0.138885 
142400 0.00604952 0.133252 0.0055525 0 0 0.144856 0.138814 
142600 0.00603359 0.133205 0.00552844 0 0 0.144769 0.138742 
142800 0.00601766 0.133158 0.00550439 0 0 0.144682 0.138671 
143000 0.00600172 0.133111 0.00548033 0 0 0.144595 0.138599 
143200 0.00598579 0.133064 0.00545627 0 0 0.144508 0.138528 
143400 0.00596986 0.133017 0.00543222 0 0 0.144422 0.138456 
143600 0.00595393 0.13297 0.00540816 0 0 0.144335 0.138385 
143800 0.005938 0.132923 0.00538411 0 0 0.144248 0.138313 
144000 0.00592207 0.132876 0.00536005 0 0 0.144161 0.138241 
144200 0.00590613 0.132829 0.00533599 0 0 0.144074 0.13817 
144400 0.0058902 0.132782 0.00531194 0 0 0.143987 0.138098 
144600 0.00587427 0.132735 0.00528788 0 0 0.1439 0.138027 
144800 0.00585868 0.132688 0.00526452 0 0 0.143814 0.137956 
145000 0.00584345 0.132641 0.00524184 0 0 0.143728 0.137885 
145200 0.00582821 0.132594 0.00521916 0 0 0.143642 0.137815 
145400 0.00581297 0.132547 0.00519649 0 0 0.143557 0.137744 
145600 0.00579774 0.1325 0.00517381 0 0 0.143471 0.137674 
145800 0.0057825 0.132453 0.00515113 0 0 0.143385 0.137603 
146000 0.00576726 0.132406 0.00512846 0 0 0.143299 0.137533 
146200 0.00575203 0.132359 0.00510578 0 0 0.143213 0.137462 
146400 0.00573679 0.132312 0.0050831 0 0 0.143127 0.137392 
146600 0.00572155 0.132265 0.00506043 0 0 0.143041 0.137321 
146800 0.00570632 0.132218 0.00503775 0 0 0.142956 0.137251 
147000 0.00569108 0.132171 0.00501507 0 0 0.14287 0.13718 
147200 0.00567584 0.132124 0.0049924 0 0 0.142784 0.13711 
147400 0.0056606 0.132077 0.00496972 0 0 0.142698 0.137039 
147600 0.00564591 0.132031 0.00494823 0 0 0.142616 0.136971 
147800 0.00563177 0.131985 0.00492794 0 0 0.142537 0.136904 
148000 0.00561762 0.131939 0.00490765 0 0 0.142458 0.136838 
148200 0.00560347 0.131893 0.00488736 0 0 0.142379 0.136772 
148400 0.00558933 0.131848 0.00486706 0 0 0.1423 0.136705 
148600 0.00557518 0.131802 0.00484677 0 0 0.142221 0.136639 
148800 0.00556103 0.131756 0.00482648 0 0 0.142142 0.136572 
149000 0.00554689 0.13171 0.00480618 0 0 0.142063 0.136506 
149200 0.00553274 0.131665 0.00478589 0 0 0.141984 0.13644 
149400 0.00551859 0.131619 0.0047656 0 0 0.141905 0.136373 
149600 0.00550445 0.131573 0.0047453 0 0 0.141826 0.136307 
149800 0.0054903 0.131527 0.00472501 0 0 0.141747 0.136241 
150000 0.00547615 0.131481 0.00470472 0 0 0.141668 0.136174 
150200 0.00546127 0.131431 0.00468319 0 0 0.141575 0.13611 
150400 0.00544639 0.131381 0.00466165 0 0 0.141482 0.136045 
150600 0.00543307 0.131336 0.00464306 0 0 0.141406 0.135981 
150800 0.00541974 0.131292 0.00462447 0 0 0.141329 0.135918 
151000 0.00540642 0.131247 0.00460588 0 0 0.141253 0.135854 
151200 0.00539309 0.131202 0.00458729 0 0 0.141177 0.13579 
151400 0.00537977 0.131157 0.00456871 0 0 0.141101 0.135726 
151600 0.00536645 0.131112 0.00455012 0 0 0.141024 0.135662 
151800 0.00535312 0.131067 0.00453153 0 0 0.140948 0.135598 
152000 0.0053398 0.131023 0.00451294 0 0 0.140872 0.135534 
152200 0.00532647 0.130978 0.00449435 0 0 0.140795 0.13547 
152400 0.00531315 0.130933 0.00447576 0 0 0.140719 0.135406 
152600 0.00529982 0.130888 0.00445717 0 0 0.140643 0.135342 
152800 0.0052865 0.130843 0.00443858 0 0 0.140566 0.135279 
153000 0.00527317 0.130799 0.00441999 0 0 0.14049 0.135215 
153200 0.00525985 0.130754 0.0044014 0 0 0.140414 0.135151 
153400 0.00524652 0.130709 0.00438281 0 0 0.140337 0.135087 
153600 0.00523373 0.130664 0.00436531 0 0 0.140262 0.135025 
153800 0.00522094 0.130619 0.00434781 0 0 0.140187 0.134963 
154000 0.00520815 0.130574 0.0043303 0 0 0.140111 0.134901 
154200 0.00519536 0.13053 0.0043128 0 0 0.140036 0.134839 
154400 0.00518257 0.130485 0.0042953 0 0 0.139961 0.134777 
154600 0.00516978 0.13044 0.0042778 0 0 0.139885 0.134715 
154800 0.00515699 0.130395 0.00426029 0 0 0.13981 0.134653 
155000 0.0051442 0.13035 0.00424279 0 0 0.139735 0.134591 
155200 0.00513141 0.130305 0.00422529 0 0 0.139659 0.134529 
155400 0.00511862 0.130261 0.00420779 0 0 0.139584 0.134467 
155600 0.00510583 0.130216 0.00419029 0 0 0.139509 0.134405 
155800 0.00509304 0.130171 0.00417278 0 0 0.139433 0.134343 
156000 0.00508025 0.130126 0.00415528 0 0 0.139358 0.134281 
156200 0.00506746 0.130081 0.00413778 0 0 0.139283 0.134219 
156400 0.00505467 0.130036 0.00412028 0 0 0.139207 0.134157 
156600 0.00504224 0.129991 0.00410377 0 0 0.139133 0.134094 
156800 0.00502981 0.129945 0.00408726 0 0 0.139058 0.134031 
157000 0.00501738 0.129899 0.00407075 0 0 0.138984 0.133968 
157200 0.00500495 0.129853 0.00405423 0 0 0.13891 0.133905 
157400 0.00499253 0.129808 0.00403772 0 0 0.138835 0.133842 
157600 0.0049801 0.129762 0.00402121 0 0 0.138761 0.133779 
157800 0.00496767 0.129716 0.0040047 0 0 0.138686 0.133716 
158000 0.00495524 0.12967 0.00398819 0 0 0.138612 0.133653 
158200 0.00494281 0.129624 0.00397168 0 0 0.138538 0.13359 
158400 0.00493039 0.129579 0.00395517 0 0 0.138463 0.133527 
158600 0.00491796 0.129533 0.00393866 0 0 0.138389 0.133464 
158800 0.00490553 0.129487 0.00392215 0 0 0.138314 0.133401 
159000 0.0048931 0.129441 0.00390564 0 0 0.13824 0.133338 
159200 0.00488067 0.129395 0.00388913 0 0 0.138166 0.133276 
159400 0.00486825 0.12935 0.00387262 0 0 0.138091 0.133213 
159600 0.00485674 0.129304 0.0038577 0 0 0.13802 0.133154 
159800 0.00484523 0.129259 0.00384277 0 0 0.137949 0.133094 
160000 0.00483372 0.129214 0.00382784 0 0 0.137878 0.133035 
160200 0.00482221 0.129169 0.00381292 0 0 0.137807 0.132976 
160400 0.0048107 0.129124 0.00379799 0 0 0.137736 0.132917 
160600 0.00479919 0.129078 0.00378306 0 0 0.137665 0.132858 
160800 0.00478768 0.129033 0.00376814 0 0 0.137594 0.132799 
161000 0.00477616 0.128988 0.00375321 0 0 0.137523 0.13274 
161200 0.00476465 0.128943 0.00373828 0 0 0.137452 0.132681 
161400 0.00475314 0.128897 0.00372336 0 0 0.137381 0.132622 
161600 0.00474163 0.128852 0.00370843 0 0 0.137309 0.132563 
161800 0.00473012 0.128807 0.00369351 0 0 0.137238 0.132504 
162000 0.00471861 0.128762 0.00367858 0 0 0.137167 0.132445 
162200 0.0047071 0.128716 0.00366365 0 0 0.137096 0.132386 
162400 0.00469559 0.128671 0.00364873 0 0 0.137025 0.132326 
162600 0.00468446 0.128628 0.0036345 0 0 0.136956 0.132269 
162800 0.00467372 0.128586 0.00362096 0 0 0.136888 0.132212 
163000 0.00466297 0.128544 0.00360743 0 0 0.13682 0.132156 
163200 0.00465222 0.128502 0.00359389 0 0 0.136752 0.1321 
163400 0.00464147 0.12846 0.00358036 0 0 0.136684 0.132043 
163600 0.00463072 0.128417 0.00356682 0 0 0.136616 0.131987 
163800 0.00461998 0.128375 0.00355329 0 0 0.136548 0.131931 
164000 0.00460923 0.128333 0.00353976 0 0 0.13648 0.131874 
164200 0.00459848 0.128291 0.00352622 0 0 0.136412 0.131818 
164400 0.00458773 0.128249 0.00351269 0 0 0.136344 0.131762 
164600 0.00457698 0.128207 0.00349915 0 0 0.136276 0.131705 
164800 0.00456623 0.128165 0.00348562 0 0 0.136208 0.131649 
165000 0.00455549 0.128123 0.00347208 0 0 0.13614 0.131593 
165200 0.00454474 0.128081 0.00345855 0 0 0.136072 0.131536 
165400 0.00453399 0.128039 0.00344501 0 0 0.136004 0.13148 
165600 0.00452324 0.127997 0.00343148 0 0 0.135936 0.131424 
165800 0.00451282 0.127955 0.00341851 0 0 0.13587 0.131368 
166000 0.00450272 0.127912 0.00340611 0 0 0.135806 0.131314 
166200 0.00449261 0.12787 0.00339371 0 0 0.135742 0.131259 
166400 0.00448251 0.127828 0.00338131 0 0 0.135678 0.131204 
166600 0.00447241 0.127785 0.0033689 0 0 0.135614 0.13115 
166800 0.00446231 0.127743 0.0033565 0 0 0.135549 0.131095 
167000 0.00445221 0.1277 0.0033441 0 0 0.135485 0.131041 
167200 0.00444211 0.127658 0.0033317 0 0 0.135421 0.130986 
167400 0.004432 0.127615 0.00331929 0 0 0.135357 0.130931 
167600 0.0044219 0.127573 0.00330689 0 0 0.135293 0.130877 
167800 0.0044118 0.12753 0.00329449 0 0 0.135229 0.130822 
168000 0.0044017 0.127488 0.00328209 0 0 0.135164 0.130767 
168200 0.0043916 0.127445 0.00326969 0 0 0.1351 0.130713 
168400 0.0043815 0.127403 0.00325728 0 0 0.135036 0.130658 
168600 0.00437139 0.12736 0.00324488 0 0 0.134972 0.130604 
168800 0.00436129 0.127318 0.00323248 0 0 0.134908 0.130549 
169000 0.00435119 0.127275 0.00322008 0 0 0.134844 0.130494 
169200 0.00434149 0.127233 0.0032084 0 0 0.13478 0.13044 
169400 0.00433179 0.12719 0.00319672 0 0 0.134717 0.130387 
169600 0.00432208 0.127148 0.00318503 0 0 0.134654 0.130333 
169800 0.00431238 0.127105 0.00317335 0 0 0.13459 0.130279 
170000 0.00430268 0.127063 0.00316167 0 0 0.134527 0.130225 
170200 0.00429297 0.12702 0.00314999 0 0 0.134464 0.130172 
170400 0.00428327 0.126978 0.00313831 0 0 0.1344 0.130118 
170600 0.00427357 0.126935 0.00312663 0 0 0.134337 0.130064 
170800 0.00426387 0.126893 0.00311495 0 0 0.134274 0.13001 
171000 0.00425416 0.12685 0.00310326 0 0 0.134211 0.129957 
171200 0.00424446 0.126808 0.00309158 0 0 0.134147 0.129903 
171400 0.00423476 0.126765 0.0030799 0 0 0.134084 0.129849 
171600 0.00422506 0.126723 0.00306822 0 0 0.134021 0.129795 
171800 0.00421535 0.12668 0.00305654 0 0 0.133957 0.129742 
172000 0.00420565 0.126638 0.00304486 0 0 0.133894 0.129688 
172200 0.00419595 0.126595 0.00303318 0 0 0.133831 0.129634 
172400 0.0041864 0.126553 0.0030219 0 0 0.133768 0.12958 
172600 0.004177 0.12651 0.00301102 0 0 0.133704 0.129527 
172800 0.0041676 0.126468 0.00300015 0 0 0.133641 0.129473 
173000 0.0041582 0.126425 0.00298927 0 0 0.133578 0.129419 
173200 0.0041488 0.126383 0.00297839 0 0 0.133514 0.129365 
173400 0.0041394 0.12634 0.00296752 0 0 0.133451 0.129312 
173600 0.00413 0.126298 0.00295664 0 0 0.133388 0.129258 
173800 0.0041206 0.126255 0.00294577 0 0 0.133324 0.129204 
174000 0.0041112 0.126213 0.00293489 0 0 0.133261 0.12915 
174200 0.0041018 0.12617 0.00292401 0 0 0.133198 0.129096 
174400 0.0040924 0.126128 0.00291314 0 0 0.133135 0.129043 
174600 0.004083 0.126086 0.00290226 0 0 0.133071 0.128989 
174800 0.0040736 0.126043 0.00289139 0 0 0.133008 0.128935 
175000 0.00406421 0.126001 0.00288051 0 0 0.132945 0.128881 
175200 0.00405481 0.125958 0.00286963 0 0 0.132881 0.128828 
175400 0.00404541 0.125916 0.00285876 0 0 0.132818 0.128774 
175600 0.00403601 0.125873 0.00284788 0 0 0.132755 0.12872 
175800 0.00402751 0.125833 0.00283814 0 0 0.132697 0.12867 
176000 0.00401902 0.125793 0.0028284 0 0 0.132639 0.12862 
176200 0.00401053 0.125753 0.00281866 0 0 0.132581 0.128571 
176400 0.00400203 0.125713 0.00280892 0 0 0.132523 0.128521 
176600 0.00399354 0.125673 0.00279918 0 0 0.132465 0.128471 
176800 0.00398504 0.125633 0.00278944 0 0 0.132406 0.128421 
177000 0.00397655 0.125593 0.00277969 0 0 0.132348 0.128371 
177200 0.00396805 0.125553 0.00276995 0 0 0.13229 0.128321 
177400 0.00395956 0.125513 0.00276021 0 0 0.132232 0.128271 
177600 0.00395106 0.125472 0.00275047 0 0 0.132174 0.128221 
177800 0.00394257 0.125432 0.00274073 0 0 0.132116 0.128172 
178000 0.00393408 0.125392 0.00273099 0 0 0.132058 0.128122 
178200 0.00392558 0.125352 0.00272125 0 0 0.132 0.128072 
178400 0.00391709 0.125312 0.00271151 0 0 0.131942 0.128022 
178600 0.00390859 0.125272 0.00270177 0 0 0.131884 0.127972 
178800 0.0039001 0.125232 0.00269203 0 0 0.131826 0.127922 
179000 0.0038916 0.125192 0.00268228 0 0 0.131768 0.127872 
179200 0.00388326 0.125152 0.00267288 0 0 0.13171 0.127823 
179400 0.00387506 0.125111 0.00266382 0 0 0.131652 0.127773 
179600 0.00386686 0.12507 0.00265475 0 0 0.131594 0.127723 
179800 0.00385866 0.125029 0.00264568 0 0 0.131536 0.127673 
180000 0.00385046 0.124988 0.00263662 0 0 0.131478 0.127623 
180200 0.00384226 0.124947 0.00262755 0 0 0.13142 0.127573 
180400 0.00383406 0.124906 0.00261849 0 0 0.131362 0.127523 
180600 0.00382586 0.124865 0.00260942 0 0 0.131304 0.127473 
180800 0.00381766 0.124825 0.00260036 0 0 0.131246 0.127424 
181000 0.00380946 0.124784 0.00259129 0 0 0.131188 0.127374 
181200 0.00380126 0.124743 0.00258222 0 0 0.131129 0.127324 
181400 0.00379306 0.124702 0.00257316 0 0 0.131071 0.127274 
181600 0.00378486 0.124661 0.00256409 0 0 0.131013 0.127224 
181800 0.00377666 0.12462 0.00255503 0 0 0.130955 0.127174 
182000 0.00376846 0.124579 0.00254596 0 0 0.130897 0.127124 
182200 0.00376026 0.124538 0.00253689 0 0 0.130839 0.127074 
182400 0.00375206 0.124498 0.00252783 0 0 0.130781 0.127025 
182600 0.00374386 0.124457 0.00251876 0 0 0.130723 0.126975 
182800 0.00373594 0.124417 0.00251021 0 0 0.130666 0.126926 
183000 0.00372801 0.124377 0.00250165 0 0 0.130609 0.126877 
183200 0.00372009 0.124337 0.00249309 0 0 0.130551 0.126828 
183400 0.00371217 0.124296 0.00248454 0 0 0.130494 0.126779 
183600 0.00370425 0.124256 0.00247598 0 0 0.130437 0.126729 
183800 0.00369633 0.124216 0.00246743 0 0 0.13038 0.12668 
184000 0.0036884 0.124176 0.00245887 0 0 0.130323 0.126631 
184200 0.00368048 0.124136 0.00245031 0 0 0.130265 0.126582 
184400 0.00367256 0.124096 0.00244176 0 0 0.130208 0.126533 
184600 0.00366464 0.124056 0.0024332 0 0 0.130151 0.126484 
184800 0.00365672 0.124016 0.00242464 0 0 0.130094 0.126435 
185000 0.00364879 0.123976 0.00241609 0 0 0.130036 0.126386 
185200 0.00364087 0.123936 0.00240753 0 0 0.129979 0.126337 
185400 0.00363295 0.123896 0.00239897 0 0 0.129922 0.126288 
185600 0.00362503 0.123856 0.00239042 0 0 0.129865 0.126239 
185800 0.00361711 0.123816 0.00238186 0 0 0.129808 0.12619 
186000 0.00360918 0.123776 0.0023733 0 0 0.12975 0.126141 
186200 0.00360165 0.123736 0.00236526 0 0 0.129695 0.126093 
186400 0.00359452 0.123698 0.00235772 0 0 0.129643 0.126048 
186600 0.00358738 0.123659 0.00235019 0 0 0.12959 0.126002 
186800 0.00358024 0.12362 0.00234265 0 0 0.129538 0.125957 
187000 0.0035731 0.123582 0.00233512 0 0 0.129485 0.125911 
187200 0.00356596 0.123543 0.00232759 0 0 0.129432 0.125865 
187400 0.00355883 0.123504 0.00232005 0 0 0.12938 0.12582 
187600 0.00355169 0.123466 0.00231252 0 0 0.129327 0.125774 
187800 0.00354455 0.123427 0.00230498 0 0 0.129275 0.125728 
188000 0.00353741 0.123388 0.00229745 0 0 0.129222 0.125683 
188200 0.00353027 0.12335 0.00228991 0 0 0.129169 0.125637 
188400 0.00352314 0.123311 0.00228238 0 0 0.129117 0.125592 
188600 0.003516 0.123272 0.00227484 0 0 0.129064 0.125546 
188800 0.00350886 0.123234 0.00226731 0 0 0.129012 0.1255 
189000 0.00350172 0.123195 0.00225977 0 0 0.128959 0.125455 
189200 0.00349458 0.123156 0.00225224 0 0 0.128907 0.125409 
189400 0.00348745 0.123118 0.0022447 0 0 0.128854 0.125363 
189600 0.00348031 0.123079 0.00223717 0 0 0.128801 0.125318 
189800 0.00347317 0.12304 0.00222963 0 0 0.128749 0.125272 
190000 0.00346621 0.123001 0.0022225 0 0 0.128695 0.125226 
190200 0.00345925 0.122961 0.00221537 0 0 0.128642 0.125179 
190400 0.00345229 0.122922 0.00220824 0 0 0.128589 0.125133 
190600 0.00344533 0.122883 0.00220111 0 0 0.128535 0.125087 
190800 0.00343837 0.122843 0.00219397 0 0 0.128482 0.12504 
191000 0.00343141 0.122804 0.00218684 0 0 0.128429 0.124994 
191200 0.00342445 0.122764 0.00217971 0 0 0.128375 0.124947 
191400 0.00341749 0.122725 0.00217258 0 0 0.128322 0.124901 
191600 0.00341053 0.122685 0.00216545 0 0 0.128269 0.124855 
191800 0.00340357 0.122646 0.00215831 0 0 0.128215 0.124808 
192000 0.00339661 0.122606 0.00215118 0 0 0.128162 0.124762 
192200 0.00338965 0.122567 0.00214405 0 0 0.128108 0.124715 
192400 0.00338269 0.122528 0.00213692 0 0 0.128055 0.124669 
192600 0.00337573 0.122488 0.00212979 0 0 0.128002 0.124623 
192800 0.00336877 0.122449 0.00212266 0 0 0.127948 0.124576 
193000 0.00336181 0.122409 0.00211552 0 0 0.127895 0.12453 
193200 0.00335485 0.12237 0.00210839 0 0 0.127842 0.124483 
193400 0.00334789 0.12233 0.00210126 0 0 0.127788 0.124437 
193600 0.00334115 0.122292 0.00209442 0 0 0.127736 0.124392 
193800 0.00333465 0.122254 0.00208787 0 0 0.127685 0.124348 
194000 0.00332814 0.122217 0.00208131 0 0 0.127634 0.124305 
194200 0.00332164 0.122179 0.00207476 0 0 0.127582 0.124261 
194400 0.00331513 0.122141 0.00206821 0 0 0.127531 0.124217 
194600 0.00330862 0.122104 0.00206165 0 0 0.12748 0.124174 
194800 0.00330212 0.122066 0.0020551 0 0 0.127429 0.12413 
195000 0.00329561 0.122028 0.00204855 0 0 0.127378 0.124086 
195200 0.00328911 0.121991 0.002042 0 0 0.127326 0.124043 
195400 0.0032826 0.121953 0.00203544 0 0 0.127275 0.123999 
195600 0.00327609 0.121915 0.00202889 0 0 0.127224 0.123955 
195800 0.00326959 0.121878 0.00202234 0 0 0.127173 0.123912 
196000 0.00326308 0.12184 0.00201579 0 0 0.127122 0.123868 
196200 0.00325658 0.121802 0.00200923 0 0 0.12707 0.123824 
196400 0.00325007 0.121765 0.00200268 0 0 0.127019 0.12378 
196600 0.00324357 0.121727 0.00199613 0 0 0.126968 0.123737 
196800 0.00323706 0.121689 0.00198958 0 0 0.126917 0.123693 
197000 0.00323055 0.121652 0.00198302 0 0 0.126866 0.123649 
197200 0.00322405 0.121614 0.00197647 0 0 0.126814 0.123606 
197400 0.00321762 0.121577 0.00197012 0 0 0.126764 0.123562 
197600 0.00321127 0.12154 0.00196397 0 0 0.126714 0.123519 
197800 0.00320492 0.121503 0.00195782 0 0 0.126664 0.123475 
198000 0.00319858 0.121465 0.00195167 0 0 0.126614 0.123432 
198200 0.00319223 0.121428 0.00194552 0 0 0.126565 0.123388 
198400 0.00318588 0.121391 0.00193938 0 0 0.126515 0.123345 
198600 0.00317953 0.121354 0.00193323 0 0 0.126465 0.123302 
198800 0.00317318 0.121317 0.00192708 0 0 0.126415 0.123258 
199000 0.00316684 0.12128 0.00192093 0 0 0.126365 0.123215 
199200 0.00316049 0.121243 0.00191478 0 0 0.126316 0.123171 
199400 0.00315414 0.121206 0.00190863 0 0 0.126266 0.123128 
199600 0.00314779 0.121169 0.00190248 0 0 0.126216 0.123084 
199800 0.00314144 0.121132 0.00189633 0 0 0.126166 0.123041 
200000 0.0031351 0.121095 0.00189019 0 0 0.126116 0.122997 
