1000 8.0001 0.00527083 8147.22 0 0 8157.36 8147.22 
1200 7.82762 0.00698296 5420.49 0 0 5428.09 5420.49 
1400 7.65586 0.00878007 3838.31 0 0 3845.92 3838.31 
1600 7.47873 0.010578 2821.35 0 0 2828.96 2821.35 
1800 7.29205 0.0123339 2132.32 0 0 2139.93 2132.32 
2000 7.10218 0.0140522 1657.85 0 0 1664.95 1657.85 
2200 6.91206 0.0157306 1309.34 0 0 1316.44 1309.34 
2400 6.7284 0.017365 1055.95 0 0 1063.05 1056.1 
2600 6.54694 0.018956 866.277 0 0 872.872 866.277 
2800 6.37374 0.0205114 721.191 0 0 727.654 721.191 
3000 6.20426 0.0220218 607.744 0 0 613.831 607.744 
3200 6.03975 0.0234944 515.544 0 0 521.624 515.544 
3400 5.88382 0.0249326 442.093 0 0 447.978 442.093 
3600 5.724 0.0263393 382.154 0 0 387.912 382.192 
3800 5.56849 0.0277071 333.116 0 0 338.694 333.165 
4000 5.4078 0.0290581 933.937 0 0 939.517 933.937 
4200 5.26502 0.0303795 1112.64 0 0 1117.71 1112.64 
4400 5.1227 0.0316717 999.48 0 0 1004.55 999.48 
4600 4.9848 0.0329376 1033.43 0 0 1038.5 1033.43 
4800 4.85105 0.0341813 930.823 0 0 935.847 930.823 
5000 4.72244 0.0354044 842.116 0 0 846.681 842.116 
5200 4.59787 0.0366072 761.023 0 0 765.589 761.023 
5400 4.47757 0.0377922 689.921 0 0 694.487 689.921 
5600 4.3619 0.0389495 627.854 0 0 632.42 627.854 
5800 4.24981 0.0400931 573.569 0 0 577.695 573.569 
6000 4.14159 0.0412231 525.054 0 0 529.112 525.054 
6200 4.03743 0.042331 482.016 0 0 486.058 482.051 
6400 3.93707 0.0434276 443.287 0 0 447.247 443.336 
6600 3.84041 0.0445042 409.034 0 0 412.913 409.057 
6800 3.74703 0.0455672 378.059 0 0 381.855 378.106 
7000 3.65753 0.0466122 350.495 0 0 354.198 350.524 
7200 3.57082 0.0476506 325.367 0 0 328.967 325.418 
7400 3.48795 0.0486652 302.928 0 0 306.456 302.979 
7600 3.40779 0.0496755 282.328 0 0 285.786 282.378 
7800 3.33071 0.0506606 263.807 0 0 267.198 263.858 
8000 3.25635 0.051643 246.75 0 0 250.047 246.801 
8200 3.18525 0.0526171 231.062 0 0 234.309 231.113 
8400 3.11617 0.053566 216.536 0 0 219.682 216.587 
8600 3.04977 0.0544912 203.327 0 0 206.462 203.388 
8800 2.98588 0.0554154 191.193 0 0 194.248 191.275 
9000 2.92408 0.0563285 180.034 0 0 183.027 180.084 
9200 2.86498 0.0572261 169.746 0 0 172.669 169.797 
9400 2.80754 0.0581272 160.256 0 0 163.107 160.307 
9600 2.75203 0.0589668 151.437 0 0 154.233 151.488 
9800 2.69843 0.0598267 143.232 0 0 146.022 143.331 
10000 2.64708 0.0606729 135.702 0 0 138.391 135.753 
10200 2.59838 0.0614846 128.702 0 0 131.39 128.752 
10400 2.54794 0.0623349 121.756 0 0 124.392 121.858 
10600 2.50301 0.0631079 115.766 0 0 118.353 115.867 
10800 2.45856 0.0638327 110.113 0 0 112.603 110.166 
11000 2.41457 0.0646033 104.69 0 0 107.175 104.786 
11200 2.37104 0.0653763 99.5392 0 0 101.982 99.6407 
11400 2.32963 0.0661194 94.851 0 0 97.2468 94.9133 
11600 2.29059 0.0668333 90.555 0 0 92.9062 90.6057 
11800 2.25116 0.0675583 86.3883 0 0 88.6942 86.4391 
12000 2.21313 0.0682655 82.4952 0 0 84.7569 82.5459 
12200 2.17673 0.0689375 78.8783 0 0 81.0972 78.929 
12400 2.13974 0.0695973 75.3724 0 0 77.5538 75.4231 
12600 2.10565 0.0702467 72.2474 0 0 74.4288 72.2982 
12800 2.07105 0.0709203 69.1575 0 0 71.3008 69.2082 
13000 2.03735 0.0715494 66.243 0 0 68.3737 66.3222 
13200 2.00482 0.0721652 63.5391 0 0 65.6347 63.623 
13400 1.97333 0.0727837 61.0144 0 0 63.0436 61.0709 
13600 1.9425 0.073369 58.5559 0 0 60.5851 58.6515 
13800 1.91265 0.0739679 56.3026 0 0 58.2999 56.4041 
14000 1.88315 0.0745503 54.1419 0 0 56.1016 54.2434 
14200 1.854 0.0751164 52.0651 0 0 53.9874 52.1639 
14400 1.82573 0.0756962 50.1446 0 0 52.0307 50.2253 
14600 1.79801 0.0762488 48.2921 0 0 50.1582 48.3682 
14800 1.77077 0.0767862 46.5108 0 0 48.3583 46.5869 
15000 1.74409 0.0773123 44.8198 0 0 46.641 44.8959 
15200 1.71826 0.0778353 43.2211 0 0 45.0172 43.2972 
15400 1.69275 0.0783523 41.6675 0 0 43.4374 41.7451 
15600 1.66773 0.0788596 40.1862 0 0 41.9325 40.2672 
15800 1.64378 0.0793513 38.8249 0 0 40.5482 38.906 
16000 1.62002 0.0798292 37.4974 0 0 39.1978 37.5786 
16200 1.59645 0.0802874 36.2111 0 0 37.8887 36.2923 
16400 1.57289 0.0807734 34.9833 0 0 36.6379 35.0645 
16600 1.54994 0.0812462 33.8064 0 0 35.4385 33.8875 
16800 1.52841 0.0816766 32.7241 0 0 34.3347 32.8053 
17000 1.50689 0.082127 31.6779 0 0 33.2669 31.759 
17200 1.48537 0.0825882 30.651 0 0 32.2185 30.7321 
17400 1.46446 0.0830186 29.6764 0 0 31.2224 29.7575 
17600 1.44397 0.0834405 28.7385 0 0 30.2644 28.8196 
17800 1.42426 0.0838463 27.8688 0 0 29.3774 27.95 
18000 1.40472 0.0842521 27.027 0 0 28.5164 27.1082 
18200 1.3853 0.084658 26.2037 0 0 27.6728 26.2849 
18400 1.36613 0.0850638 25.4149 0 0 26.8662 25.4986 
18600 1.34712 0.0854675 24.6406 0 0 26.0743 24.7268 
18800 1.3293 0.0858514 23.9413 0 0 25.3559 24.0276 
19000 1.31155 0.0862353 23.251 0 0 24.647 23.3372 
19200 1.294 0.0866192 22.5874 0 0 23.967 22.6736 
19400 1.27656 0.0869921 21.9381 0 0 23.3012 22.0243 
19600 1.25928 0.0873486 21.3101 0 0 22.6568 21.3963 
19800 1.24269 0.087707 20.7143 0 0 22.0446 20.8006 
20000 1.22665 0.088067 20.1448 0 0 21.4587 20.2311 
20200 1.21053 0.0884221 19.5969 0 0 20.8964 19.6832 
20400 1.19466 0.0887603 19.0558 0 0 20.3397 19.1421 
20600 1.17922 0.089093 18.54 0 0 19.8085 18.6279 
20800 1.164 0.0894228 18.0378 0 0 19.291 18.1282 
21000 1.14918 0.0897473 17.5612 0 0 18.8011 17.6525 
21200 1.13458 0.090069 17.0984 0 0 18.326 17.1898 
21400 1.12033 0.0903861 16.6582 0 0 17.8707 16.7481 
21600 1.10632 0.0907001 16.2331 0 0 17.4286 16.3205 
21800 1.09243 0.0910142 15.8176 0 0 16.9986 15.905 
22000 1.07866 0.0913282 15.4117 0 0 16.5807 15.5016 
22200 1.06511 0.0916394 15.0182 0 0 16.1752 15.1095 
22400 1.0519 0.0919461 14.643 0 0 15.7882 14.7343 
22600 1.03888 0.0922511 14.2752 0 0 15.408 14.3665 
22800 1.02643 0.0925509 13.9293 0 0 15.0483 14.0206 
23000 1.01399 0.0928492 13.5847 0 0 14.69 13.676 
23200 1.00181 0.0931197 13.2645 0 0 14.3586 13.3558 
23400 0.989638 0.0933903 12.9443 0 0 14.0271 13.0357 
23600 0.978028 0.0936561 12.6421 0 0 13.7138 12.7352 
23800 0.966558 0.0939208 12.3443 0 0 13.405 12.4396 
24000 0.955211 0.0941935 12.0573 0 0 13.1071 12.1537 
24200 0.943986 0.0944741 11.781 0 0 12.82 11.8774 
24400 0.932859 0.0947507 11.5081 0 0 12.5363 11.6041 
24600 0.92229 0.0950043 11.2544 0 0 12.2721 11.3484 
24800 0.911721 0.095258 11.0008 0 0 12.0079 11.0926 
25000 0.901311 0.0955116 10.755 0 0 11.7516 10.8479 
25200 0.890954 0.0957653 10.512 0 0 11.4979 10.607 
25400 0.880812 0.0960083 10.2773 0 0 11.2528 10.3736 
25600 0.871072 0.0962315 10.0581 0 0 11.0235 10.1545 
25800 0.861332 0.0964547 9.83895 0 0 10.7942 9.93534 
26000 0.851764 0.0966952 9.62843 0 0 10.5752 9.72481 
26200 0.842227 0.0969387 9.41942 0 0 10.3581 9.51581 
26400 0.832955 0.0971789 9.21732 0 0 10.148 9.31371 
26600 0.824175 0.097413 9.02806 0 0 9.95095 9.12445 
26800 0.815395 0.0976472 8.8388 0 0 9.75389 8.93519 
27000 0.806615 0.0978667 8.65686 0 0 9.56268 8.75471 
27200 0.797834 0.0980813 8.47735 0 0 9.37342 8.57715 
27400 0.789159 0.0982947 8.30025 0 0 9.1869 8.40171 
27600 0.78108 0.0985014 8.13679 0 0 9.01591 8.23825 
27800 0.773001 0.0987081 7.97332 0 0 8.84494 8.07478 
28000 0.765006 0.0989148 7.81409 0 0 8.67819 7.9147 
28200 0.757115 0.0991214 7.66002 0 0 8.5166 7.75876 
28400 0.749224 0.0993281 7.50595 0 0 8.35502 7.60281 
28600 0.74168 0.0995293 7.36145 0 0 8.20184 7.45783 
28800 0.734251 0.0997286 7.22013 0 0 8.05146 7.31651 
29000 0.726823 0.0999279 7.07881 0 0 7.90108 7.17519 
29200 0.719349 0.100141 6.93984 0 0 7.76167 7.0413 
29400 0.712424 0.100327 42.1793 0 0 42.9931 42.2807 
29600 0.705459 0.100515 41.5907 0 0 42.3966 41.6922 
29800 0.698453 0.100708 41.0061 0 0 41.8048 41.1076 
30000 0.691448 0.100902 40.4216 0 0 41.2129 40.523 
30200 0.684741 0.101097 39.8324 0 0 40.6221 39.9339 
30400 0.678207 0.101269 39.2615 0 0 40.0443 39.3629 
30600 0.671672 0.101441 38.6905 0 0 39.4665 38.792 
30800 0.665221 0.101617 38.122 0 0 38.891 38.2239 
31000 0.658964 0.101803 37.5589 0 0 38.3212 37.6625 
31200 0.652707 0.101989 36.9958 0 0 37.7513 37.1011 
31400 0.64656 0.102168 36.4396 0 0 37.1884 36.5456 
31600 0.640669 0.102332 35.8996 0 0 36.6419 36.004 
31800 0.634778 0.102496 35.3595 0 0 36.0953 35.4623 
32000 0.628919 0.102656 34.8205 0 0 35.55 34.9223 
32200 0.623192 0.102803 34.2854 0 0 35.01 34.3888 
32400 0.617464 0.102951 33.7502 0 0 34.47 33.8553 
32600 0.61177 0.103099 33.2181 0 0 33.9327 33.3244 
32800 0.60638 0.103257 32.7124 0 0 33.4207 32.8171 
33000 0.60099 0.103416 32.2066 0 0 32.9086 32.3098 
33200 0.5956 0.103575 31.7009 0 0 32.3966 31.8025 
33400 0.590425 0.103717 31.2121 0 0 31.9028 31.3135 
33600 0.585274 0.103857 30.725 0 0 31.4111 30.8265 
33800 0.580123 0.103998 30.238 0 0 30.9195 30.3395 
34000 0.575123 0.104147 29.7648 0 0 30.4426 29.8673 
34200 0.570204 0.104301 29.299 0 0 29.9737 29.403 
34400 0.565284 0.104454 28.8332 0 0 29.5049 28.9388 
34600 0.560468 0.104596 28.3785 0 0 29.0461 28.4845 
34800 0.555843 0.104715 27.9443 0 0 28.6059 28.0488 
35000 0.551217 0.104835 27.5101 0 0 28.1657 27.6132 
35200 0.546592 0.104954 27.0759 0 0 27.7256 27.1775 
35400 0.541966 0.105088 26.6559 0 0 27.3024 26.7588 
35600 0.537341 0.105222 26.2367 0 0 26.8802 26.341 
35800 0.532716 0.105356 25.8174 0 0 26.4579 25.9233 
36000 0.528355 0.105487 25.4181 0 0 26.0549 25.5246 
36200 0.524211 0.105616 25.0351 0 0 25.6677 25.1416 
36400 0.520067 0.105745 24.6521 0 0 25.2804 24.7587 
36600 0.515923 0.105873 24.2692 0 0 24.8931 24.3757 
36800 0.511721 0.105988 23.9048 0 0 24.5245 24.0113 
37000 0.50752 0.106102 23.5404 0 0 24.1558 23.6469 
37200 0.503319 0.106216 23.176 0 0 23.7871 23.2825 
37400 0.499244 0.106329 22.8242 0 0 23.4311 22.9307 
37600 0.495325 0.10644 22.4879 0 0 23.0906 22.5944 
37800 0.491406 0.106551 22.1515 0 0 22.75 22.258 
38000 0.487486 0.106663 21.8152 0 0 22.4095 21.9217 
38200 0.483737 0.106771 21.499 0 0 22.0893 21.6055 
38400 0.48003 0.10688 21.1878 0 0 21.7741 21.2944 
38600 0.476324 0.106988 20.8767 0 0 21.4589 20.9832 
38800 0.472621 0.107096 20.5665 0 0 21.1447 20.673 
39000 0.468996 0.107204 20.2743 0 0 20.8498 20.3808 
39200 0.46537 0.107313 19.9821 0 0 20.5549 20.0886 
39400 0.461745 0.107421 19.6899 0 0 20.2599 19.7964 
39600 0.458181 0.107523 19.4046 0 0 19.9715 19.5111 
39800 0.454762 0.107611 19.1355 0 0 19.698 19.2421 
40000 0.451344 0.107699 18.8664 0 0 19.4245 18.973 
40200 0.448014 0.107795 18.6096 0 0 19.1645 18.7161 
40400 0.444712 0.107888 18.3574 0 0 18.9088 18.4639 
40600 0.44145 0.107978 18.1121 0 0 18.6597 18.2186 
40800 0.438188 0.108067 17.8668 0 0 18.4105 17.9733 
41000 0.434926 0.108157 17.6215 0 0 18.1614 17.728 
41200 0.431716 0.108247 17.3839 0 0 17.9204 17.491 
41400 0.428571 0.108336 17.1556 0 0 17.6896 17.2639 
41600 0.425426 0.108424 16.9273 0 0 17.4588 17.0369 
41800 0.42228 0.108513 16.699 0 0 17.228 16.8099 
42000 0.419209 0.108601 16.4793 0 0 17.0058 16.5904 
42200 0.416227 0.108687 16.2702 0 0 16.7942 16.3801 
42400 0.413245 0.108774 16.0611 0 0 16.5827 16.1697 
42600 0.410263 0.108861 15.852 0 0 16.3711 15.9594 
42800 0.407319 0.108943 15.6481 0 0 16.1642 15.7546 
43000 0.404447 0.109016 15.4537 0 0 15.9662 15.5603 
43200 0.401574 0.109089 15.2594 0 0 15.7682 15.3659 
43400 0.398701 0.109163 15.065 0 0 15.5702 15.1715 
43600 0.395865 0.109238 14.8739 0 0 15.3756 14.9806 
43800 0.393175 0.10932 14.6957 0 0 15.1951 14.8037 
44000 0.390485 0.109403 14.5176 0 0 15.0146 14.6267 
44200 0.387796 0.109486 14.3394 0 0 14.8341 14.4498 
44400 0.385106 0.109568 14.1613 0 0 14.6536 14.2728 
44600 0.382458 0.10964 13.9927 0 0 14.4827 14.1033 
44800 0.379816 0.109711 13.8252 0 0 14.3128 13.9345 
45000 0.377173 0.109782 13.6577 0 0 14.1429 13.7658 
45200 0.37453 0.109853 13.4901 0 0 13.973 13.5971 
45400 0.371989 0.109922 13.3308 0 0 13.8113 13.4373 
45600 0.369515 0.10999 13.1769 0 0 13.6552 13.2834 
45800 0.367041 0.110059 13.023 0 0 13.499 13.1295 
46000 0.364568 0.110127 12.8691 0 0 13.3428 12.9756 
46200 0.362106 0.110194 12.7166 0 0 13.1881 12.8233 
46400 0.359716 0.11025 12.5723 0 0 13.0415 12.6802 
46600 0.357326 0.110306 12.428 0 0 12.895 12.537 
46800 0.354937 0.110363 12.2837 0 0 12.7484 12.3938 
47000 0.352547 0.110419 12.1394 0 0 12.6019 12.2506 
47200 0.350226 0.110482 12.0015 0 0 12.4624 12.1131 
47400 0.347943 0.110548 11.8669 0 0 12.3267 11.9785 
47600 0.345661 0.110614 11.7324 0 0 12.1911 11.844 
47800 0.343378 0.11068 11.5978 0 0 12.0555 11.7094 
48000 0.3411 0.110746 11.4638 0 0 11.9202 11.5754 
48200 0.33892 0.1108 11.3397 0 0 11.7929 11.4513 
48400 0.336739 0.110854 11.2156 0 0 11.6655 11.3272 
48600 0.334559 0.110908 11.0914 0 0 11.5381 11.203 
48800 0.332379 0.110962 10.9673 0 0 11.4108 11.0789 
49000 0.330233 0.111012 10.8459 0 0 11.2869 10.9575 
49200 0.328151 0.111054 10.7297 0 0 11.1696 10.8413 
49400 0.326069 0.111096 10.6134 0 0 11.0523 10.725 
49600 0.323987 0.111139 10.4972 0 0 10.935 10.6088 
49800 0.321905 0.111181 10.3809 0 0 10.8177 10.4925 
50000 0.319852 0.111251 10.2677 0 0 10.6989 10.3793 
50200 0.317858 0.111298 10.1592 0 0 10.588 10.2708 
50400 0.315864 0.111345 10.0506 0 0 10.4771 10.1623 
50600 0.31387 0.111392 9.94211 0 0 10.3662 10.0537 
50800 0.311877 0.111439 9.83357 0 0 10.2553 9.94518 
51000 0.30995 0.111482 9.72999 0 0 10.1503 9.84159 
51200 0.308053 0.111522 9.62853 0 0 10.0479 9.74013 
51400 0.306156 0.111563 9.52707 0 0 9.94539 9.63867 
51600 0.304258 0.111604 9.42561 0 0 9.84291 9.53721 
51800 0.302361 0.111644 9.32415 0 0 9.74044 9.43575 
52000 0.300505 0.111685 9.22761 0 0 9.64219 9.33922 
52200 0.298667 0.111725 9.13318 0 0 9.54575 9.24479 
52400 0.296828 0.111765 9.03875 0 0 9.44932 9.15036 
52600 0.29499 0.111805 8.94433 0 0 9.35288 9.05593 
52800 0.293152 0.111845 8.8499 0 0 9.25644 8.9615 
53000 0.291386 0.111885 8.75978 0 0 9.16435 8.87138 
53200 0.289659 0.111924 8.67198 0 0 9.0746 8.78358 
53400 0.287932 0.111963 8.58418 0 0 8.98485 8.69578 
53600 0.286206 0.112002 8.49638 0 0 8.89509 8.60798 
53800 0.284479 0.112041 8.40857 0 0 8.80534 8.52018 
54000 0.282777 0.11208 8.32288 0 0 8.71814 8.43449 
54200 0.281105 0.112118 8.23978 0 0 8.63408 8.35139 
54400 0.279434 0.112157 8.15668 0 0 8.55001 8.26829 
54600 0.277762 0.112196 8.07358 0 0 8.46594 8.18519 
54800 0.27609 0.112234 7.99048 0 0 8.38188 8.10209 
55000 0.274434 0.112271 7.90864 0 0 8.29888 8.02025 
55200 0.272841 0.112299 7.83184 0 0 8.22018 7.94344 
55400 0.271248 0.112328 7.75503 0 0 8.14148 7.86664 
55600 0.269655 0.112356 7.67822 0 0 8.06278 7.78983 
55800 0.268062 0.112385 7.60142 0 0 7.98407 7.71302 
56000 0.266469 0.112413 7.52461 0 0 7.90537 7.63622 
56200 0.264945 0.112441 7.45272 0 0 7.83163 7.56433 
56400 0.263432 0.112469 7.3817 0 0 7.75876 7.49331 
56600 0.261919 0.112496 7.31068 0 0 7.6859 7.42229 
56800 0.260407 0.112524 7.23966 0 0 7.61303 7.35126 
57000 0.258894 0.112552 7.16864 0 0 7.54016 7.28024 
57200 0.257403 0.112579 7.09901 0 0 7.46902 7.21062 
57400 0.255954 0.112606 7.03197 0 0 7.40108 7.14358 
57600 0.254504 0.112633 6.96494 0 0 7.33314 7.07654 
57800 0.253055 0.112661 6.8979 0 0 7.2652 7.00951 
58000 0.251606 0.112688 6.83087 0 0 7.19725 6.94247 
58200 0.250156 0.112715 6.76383 0 0 7.12931 6.87543 
58400 0.248759 0.112742 6.70101 0 0 7.06427 6.81262 
58600 0.24738 0.112768 6.6396 0 0 7.00019 6.75121 
58800 0.246 0.112795 6.57819 0 0 6.93611 6.6898 
59000 0.244621 0.112822 6.51678 0 0 6.87203 6.62839 
59200 0.243241 0.112849 6.45537 0 0 6.80795 6.56698 
59400 0.241863 0.112875 6.39404 0 0 6.74408 6.50565 
59600 0.240516 0.112891 6.33416 0 0 6.6842 6.44577 
59800 0.239169 0.112908 6.27429 0 0 6.62432 6.38589 
60000 0.237822 0.112925 6.21441 0 0 6.56444 6.32601 
60200 0.23653 0.112943 6.15722 0 0 6.50726 6.27067 
60400 0.235239 0.112962 6.10004 0 0 6.45007 6.21533 
60600 0.233954 0.11298 6.04382 0 0 6.39342 6.16028 
60800 0.232691 0.112997 5.99051 0 0 6.33839 6.10611 
61000 0.231427 0.113014 5.9372 0 0 6.28337 6.05194 
61200 0.230163 0.113031 5.88389 0 0 6.22834 5.99777 
61400 0.228899 0.113048 5.83058 0 0 6.17331 5.9436 
61600 0.227635 0.113066 5.77727 0 0 6.11828 5.88944 
61800 0.226394 0.113083 5.72501 0 0 6.06461 5.83691 
62000 0.225194 0.113099 5.6747 0 0 6.01346 5.78744 
62200 0.223995 0.113116 5.62439 0 0 5.96231 5.73797 
62400 0.222796 0.113133 5.57408 0 0 5.91116 5.68849 
62600 0.221597 0.11315 5.52377 0 0 5.86001 5.63902 
62800 0.220398 0.113167 5.47346 0 0 5.80886 5.58955 
63000 0.219215 0.113183 5.42438 0 0 5.7587 5.54081 
63200 0.218068 0.1132 5.37819 0 0 5.71086 5.4938 
63400 0.216922 0.113216 5.332 0 0 5.66302 5.44678 
63600 0.215775 0.113233 5.2858 0 0 5.61518 5.39976 
63800 0.214629 0.113249 5.23961 0 0 5.56733 5.35274 
64000 0.213482 0.113266 5.19342 0 0 5.51949 5.30572 
64200 0.212344 0.113281 5.1476 0 0 5.47213 5.25925 
64400 0.211257 0.113289 5.10394 0 0 5.42749 5.21582 
64600 0.210169 0.113297 5.06027 0 0 5.38284 5.1724 
64800 0.209081 0.113305 5.0166 0 0 5.3382 5.12897 
65000 0.207994 0.113313 4.97293 0 0 5.29356 5.08555 
65200 0.206906 0.113322 4.92926 0 0 5.24892 5.04212 
65400 0.205818 0.11333 4.88559 0 0 5.20427 4.9987 
65600 0.204775 0.113338 4.84499 0 0 5.16271 4.95811 
65800 0.203737 0.113346 4.80472 0 0 5.1215 4.91785 
66000 0.202698 0.113353 4.76445 0 0 5.08028 4.87758 
66200 0.20166 0.113361 4.72419 0 0 5.03906 4.83731 
66400 0.200622 0.113369 4.68392 0 0 4.99784 4.79705 
66600 0.199583 0.113377 4.64365 0 0 4.95662 4.75678 
66800 0.198572 0.113385 4.60485 0 0 4.91685 4.71802 
67000 0.197589 0.113393 4.56752 0 0 4.87851 4.68077 
67200 0.196605 0.113401 4.53019 0 0 4.84017 4.64351 
67400 0.195621 0.113408 4.49286 0 0 4.80183 4.60626 
67600 0.194638 0.113416 4.45553 0 0 4.76349 4.56901 
67800 0.193654 0.113424 4.4182 0 0 4.72516 4.53175 
68000 0.19267 0.113432 4.38087 0 0 4.68682 4.4945 
68200 0.191723 0.113432 4.34588 0 0 4.65091 4.45952 
68400 0.190777 0.113432 4.31102 0 0 4.61514 4.42465 
68600 0.189831 0.113432 4.27616 0 0 4.57936 4.38979 
68800 0.188885 0.113432 4.24129 0 0 4.54358 4.35493 
69000 0.187939 0.113432 4.20643 0 0 4.5078 4.32007 
69200 0.186993 0.113432 4.17157 0 0 4.47202 4.2852 
69400 0.186062 0.113432 4.1374 0 0 4.43695 4.25104 
69600 0.185168 0.113432 4.10486 0 0 4.4035 4.2185 
69800 0.184274 0.113432 4.07232 0 0 4.37006 4.18595 
70000 0.183379 0.113432 4.03978 0 0 4.33661 4.15341 
70200 0.182485 0.113432 4.00723 0 0 4.30317 4.12087 
70400 0.181591 0.113432 3.97469 0 0 4.26973 4.08833 
70600 0.180696 0.113432 3.94215 0 0 4.23628 4.05578 
70800 0.179825 0.113432 3.91093 0 0 4.20417 4.02452 
71000 0.178972 0.113432 3.88078 0 0 4.17314 3.9943 
71200 0.178119 0.113432 3.85064 0 0 4.14211 3.96409 
71400 0.177266 0.113432 3.82049 0 0 4.11109 3.93387 
71600 0.176413 0.113432 3.79035 0 0 4.08006 3.90365 
71800 0.175561 0.113432 3.76021 0 0 4.04904 3.87343 
72000 0.174708 0.113432 3.73006 0 0 4.01801 3.84322 
72200 0.173881 0.113432 3.70127 0 0 3.9884 3.81445 
72400 0.173068 0.113432 3.67321 0 0 3.95954 3.78645 
72600 0.172255 0.113432 3.64515 0 0 3.93069 3.75846 
72800 0.171441 0.113432 3.61708 0 0 3.90183 3.73047 
73000 0.170628 0.113432 3.58902 0 0 3.87298 3.70248 
73200 0.169815 0.113432 3.56096 0 0 3.84412 3.67449 
73400 0.169002 0.113432 3.53289 0 0 3.81527 3.6465 
73600 0.168216 0.113432 3.50607 0 0 3.78766 3.6197 
73800 0.167448 0.113432 3.48007 0 0 3.76089 3.5937 
74000 0.16668 0.113432 3.45407 0 0 3.73411 3.5677 
74200 0.165912 0.113432 3.42807 0 0 3.70734 3.54171 
74400 0.165144 0.113432 3.40207 0 0 3.68056 3.51571 
74600 0.164376 0.113432 3.37607 0 0 3.65379 3.48971 
74800 0.163608 0.113432 3.35007 0 0 3.62702 3.46371 
75000 0.162853 0.113429 3.32474 0 0 3.60094 3.43838 
75200 0.162116 0.113422 3.30042 0 0 3.57593 3.41406 
75400 0.161379 0.113415 3.2761 0 0 3.55091 3.38973 
75600 0.160643 0.113408 3.25178 0 0 3.52589 3.36541 
75800 0.159906 0.113401 3.22745 0 0 3.50087 3.34109 
76000 0.159169 0.113394 3.20313 0 0 3.47586 3.31677 
76200 0.158433 0.113387 3.17881 0 0 3.45084 3.29244 
76400 0.157701 0.113381 3.15468 0 0 3.42601 3.26831 
76600 0.157011 0.113374 3.13229 0 0 3.40288 3.24585 
76800 0.156321 0.113367 3.1099 0 0 3.37974 3.2234 
77000 0.155631 0.11336 3.08751 0 0 3.35661 3.20094 
77200 0.154941 0.113354 3.06512 0 0 3.33348 3.17848 
77400 0.154251 0.113347 3.04274 0 0 3.31035 3.15603 
77600 0.153561 0.11334 3.02035 0 0 3.28721 3.13357 
77800 0.152871 0.113333 2.99796 0 0 3.26408 3.11111 
78000 0.152199 0.113326 2.97639 0 0 3.24185 3.08956 
78200 0.151538 0.11332 2.95536 0 0 3.22022 3.0686 
78400 0.150877 0.113313 2.93434 0 0 3.1986 3.04764 
78600 0.150216 0.113306 2.91331 0 0 3.17697 3.02668 
78800 0.149556 0.1133 2.89228 0 0 3.15534 3.00572 
79000 0.148895 0.113293 2.87126 0 0 3.13372 2.98476 
79200 0.148234 0.113286 2.85023 0 0 3.11209 2.9638 
79400 0.147573 0.11328 2.8292 0 0 3.09046 2.94284 
79600 0.146931 0.113263 2.80942 0 0 3.06983 2.92289 
79800 0.146288 0.113246 2.78963 0 0 3.0492 2.90293 
80000 0.145645 0.113229 2.76985 0 0 3.02857 2.88298 
80200 0.145026 0.113218 2.75063 0 0 3.00871 2.86375 
80400 0.144407 0.113208 2.7314 0 0 2.98884 2.84453 
80600 0.143787 0.113197 2.71218 0 0 2.96898 2.82531 
80800 0.143168 0.113186 2.69295 0 0 2.94911 2.80608 
81000 0.142555 0.113175 2.67402 0 0 2.92956 2.78715 
81200 0.141961 0.113162 2.65596 0 0 2.91092 2.76909 
81400 0.141368 0.11315 2.6379 0 0 2.89229 2.75103 
81600 0.140774 0.113137 2.61985 0 0 2.87366 2.73297 
81800 0.140181 0.113124 2.60179 0 0 2.85503 2.71492 
82000 0.139588 0.113111 2.58373 0 0 2.83639 2.69686 
82200 0.138994 0.113099 2.56567 0 0 2.81776 2.6788 
82400 0.138401 0.113086 2.54761 0 0 2.79913 2.66074 
82600 0.137813 0.113073 2.52992 0 0 2.78087 2.64305 
82800 0.13724 0.11306 2.5131 0 0 2.76347 2.62622 
83000 0.136666 0.113048 2.49627 0 0 2.74608 2.6094 
83200 0.136093 0.113035 2.47945 0 0 2.72869 2.59257 
83400 0.135519 0.113023 2.46262 0 0 2.71129 2.57575 
83600 0.134946 0.11301 2.44579 0 0 2.6939 2.55892 
83800 0.134372 0.112997 2.42897 0 0 2.67651 2.5421 
84000 0.133799 0.112985 2.41214 0 0 2.65911 2.52527 
84200 0.133235 0.112972 2.39563 0 0 2.64203 2.50875 
84400 0.1327 0.11296 2.38008 0 0 2.62585 2.49313 
84600 0.132165 0.112948 2.36452 0 0 2.60968 2.47751 
84800 0.13163 0.112935 2.34896 0 0 2.59351 2.46189 
85000 0.131095 0.112923 2.3334 0 0 2.57734 2.44627 
85200 0.13056 0.112911 2.31785 0 0 2.56117 2.43065 
85400 0.130025 0.112899 2.30229 0 0 2.54499 2.41503 
85600 0.12949 0.112886 2.28673 0 0 2.52882 2.39941 
85800 0.128955 0.112874 2.27118 0 0 2.51265 2.3838 
86000 0.128445 0.112856 2.25659 0 0 2.49758 2.36922 
86200 0.127935 0.112837 2.24201 0 0 2.48252 2.35463 
86400 0.127424 0.112819 2.22743 0 0 2.46745 2.34005 
86600 0.126914 0.112801 2.21285 0 0 2.45238 2.32547 
86800 0.126404 0.112783 2.19827 0 0 2.43731 2.31089 
87000 0.125893 0.112765 2.18369 0 0 2.42225 2.29631 
87200 0.125383 0.112746 2.16911 0 0 2.40718 2.28173 
87400 0.124873 0.112728 2.15453 0 0 2.39211 2.26715 
87600 0.124378 0.11271 2.14063 0 0 2.37774 2.25325 
87800 0.123891 0.112692 2.1271 0 0 2.36374 2.23972 
88000 0.123405 0.112675 2.11357 0 0 2.34973 2.2262 
88200 0.122918 0.112657 2.10005 0 0 2.33573 2.21267 
88400 0.122432 0.112639 2.08652 0 0 2.32173 2.19914 
88600 0.121945 0.112621 2.07299 0 0 2.30772 2.18561 
88800 0.121459 0.112603 2.05946 0 0 2.29372 2.17208 
89000 0.120972 0.112586 2.04594 0 0 2.27972 2.15856 
89200 0.120488 0.112568 2.03251 0 0 2.26582 2.14513 
89400 0.12003 0.11255 2.02005 0 0 2.25283 2.13267 
89600 0.119572 0.112533 2.00758 0 0 2.23984 2.1202 
89800 0.119114 0.112516 1.99512 0 0 2.22686 2.10774 
90000 0.118656 0.112498 1.98265 0 0 2.21387 2.09527 
90200 0.118198 0.112481 1.97019 0 0 2.20088 2.08281 
90400 0.11774 0.112463 1.95772 0 0 2.1879 2.07034 
90600 0.117282 0.112446 1.94526 0 0 2.17491 2.05788 
90800 0.116824 0.112429 1.93279 0 0 2.16192 2.04541 
91000 0.116373 0.112411 1.92062 0 0 2.14927 2.03324 
91200 0.115934 0.112394 1.90899 0 0 2.13725 2.02161 
91400 0.115495 0.112377 1.89737 0 0 2.12522 2.00999 
91600 0.115056 0.11236 1.88574 0 0 2.11319 1.99836 
91800 0.114617 0.112343 1.87411 0 0 2.10117 1.98673 
92000 0.114178 0.112326 1.86248 0 0 2.08914 1.9751 
92200 0.113739 0.112309 1.85085 0 0 2.07711 1.96347 
92400 0.113301 0.112292 1.83923 0 0 2.06508 1.95185 
92600 0.112862 0.112275 1.8276 0 0 2.05306 1.94022 
92800 0.112434 0.112258 1.81633 0 0 2.04137 1.92893 
93000 0.112019 0.112241 1.80551 0 0 2.03011 1.91805 
93200 0.111604 0.112224 1.7947 0 0 2.01884 1.90718 
93400 0.111189 0.112207 1.78388 0 0 2.00757 1.8963 
93600 0.110774 0.11219 1.77306 0 0 1.9963 1.88543 
93800 0.11036 0.112174 1.76224 0 0 1.98504 1.87456 
94000 0.109945 0.112157 1.75142 0 0 1.97377 1.86368 
94200 0.10953 0.11214 1.7406 0 0 1.9625 1.85281 
94400 0.109115 0.112123 1.72978 0 0 1.95124 1.84193 
94600 0.108711 0.112104 1.71928 0 0 1.94029 1.83139 
94800 0.108321 0.112082 1.70924 0 0 1.92981 1.82136 
95000 0.107932 0.11206 1.69921 0 0 1.91934 1.81132 
95200 0.107542 0.112038 1.68917 0 0 1.90886 1.80128 
95400 0.107153 0.112016 1.67913 0 0 1.89839 1.79125 
95600 0.106764 0.111995 1.6691 0 0 1.88791 1.78121 
95800 0.106374 0.111973 1.65906 0 0 1.87744 1.77117 
96000 0.105985 0.111951 1.64902 0 0 1.86696 1.76114 
96200 0.105595 0.111929 1.63899 0 0 1.85649 1.7511 
96400 0.105208 0.111907 1.62906 0 0 1.84612 1.74116 
96600 0.10483 0.111885 1.61972 0 0 1.83641 1.73177 
96800 0.104452 0.111864 1.61038 0 0 1.8267 1.72238 
97000 0.104074 0.111842 1.60105 0 0 1.81698 1.71299 
97200 0.103697 0.11182 1.59171 0 0 1.80727 1.7036 
97400 0.103319 0.111799 1.58237 0 0 1.79755 1.69421 
97600 0.102941 0.111777 1.57304 0 0 1.78784 1.68482 
97800 0.102563 0.111756 1.5637 0 0 1.77812 1.67543 
98000 0.102186 0.111734 1.55437 0 0 1.76841 1.66604 
98200 0.101808 0.111713 1.54503 0 0 1.7587 1.65665 
98400 0.101448 0.11169 1.53617 0 0 1.74944 1.64778 
98600 0.101094 0.111667 1.52748 0 0 1.74034 1.63908 
98800 0.100741 0.111643 1.51878 0 0 1.73124 1.63039 
99000 0.100387 0.11162 1.51008 0 0 1.72213 1.62169 
99200 0.100033 0.111597 1.50139 0 0 1.71303 1.61299 
99400 0.0996798 0.111574 1.49269 0 0 1.70393 1.6043 
99600 0.0993262 0.111551 1.48399 0 0 1.69483 1.5956 
99800 0.0989725 0.111527 1.4753 0 0 1.68572 1.5869 
100000 0.0986188 0.111504 1.4666 0 0 1.67662 1.57821 
100200 0.0983145 0.111504 1.4595 0 0 1.66901 1.5711 
100400 0.0979674 0.111478 1.45122 0 0 1.66036 1.56277 
100600 0.0976203 0.111451 1.44294 0 0 1.65171 1.55444 
100800 0.0972732 0.111424 1.43467 0 0 1.64306 1.54611 
101000 0.0969261 0.111397 1.42639 0 0 1.63441 1.53778 
101200 0.096579 0.111371 1.41811 0 0 1.62576 1.52945 
101400 0.0962319 0.111344 1.40984 0 0 1.61711 1.52112 
101600 0.0958848 0.111317 1.40156 0 0 1.60846 1.51279 
101800 0.0955377 0.111291 1.39328 0 0 1.59981 1.50446 
102000 0.0951906 0.111264 1.38501 0 0 1.59116 1.49613 
102200 0.0948572 0.11124 1.37714 0 0 1.58292 1.48821 
102400 0.0945376 0.11122 1.36968 0 0 1.57511 1.4807 
102600 0.094218 0.1112 1.36222 0 0 1.5673 1.4732 
102800 0.0938984 0.11118 1.35477 0 0 1.55949 1.46569 
103000 0.0935788 0.111159 1.34731 0 0 1.55167 1.45818 
103200 0.0932592 0.111139 1.33985 0 0 1.54386 1.45067 
103400 0.0929396 0.111119 1.33239 0 0 1.53605 1.44316 
103600 0.09262 0.111098 1.32494 0 0 1.52824 1.43565 
103800 0.0923004 0.111078 1.31748 0 0 1.52042 1.42815 
104000 0.0919808 0.111058 1.31002 0 0 1.51261 1.42064 
104200 0.0916761 0.111036 1.30291 0 0 1.5052 1.41353 
104400 0.0913862 0.111011 1.29615 0 0 1.4982 1.40681 
104600 0.0910963 0.110987 1.28938 0 0 1.49119 1.4001 
104800 0.0908064 0.110963 1.28262 0 0 1.48419 1.39338 
105000 0.0905166 0.110939 1.27586 0 0 1.47718 1.38666 
105200 0.0902267 0.110915 1.26909 0 0 1.47018 1.37995 
105400 0.0899368 0.110891 1.26233 0 0 1.46317 1.37323 
105600 0.0896469 0.110866 1.25556 0 0 1.45616 1.36652 
105800 0.089357 0.110842 1.2488 0 0 1.44916 1.3598 
106000 0.0890671 0.110818 1.24204 0 0 1.44215 1.35309 
106200 0.0887773 0.110794 1.23527 0 0 1.43515 1.34637 
106400 0.0884779 0.110769 1.22863 0 0 1.42815 1.33967 
106600 0.0881786 0.110743 1.22198 0 0 1.42115 1.33298 
106800 0.0878793 0.110718 1.21534 0 0 1.41415 1.32628 
107000 0.08758 0.110693 1.20869 0 0 1.40714 1.31958 
107200 0.0872807 0.110667 1.20204 0 0 1.40014 1.31289 
107400 0.0869814 0.110642 1.1954 0 0 1.39314 1.30619 
107600 0.0866821 0.110616 1.18875 0 0 1.38614 1.2995 
107800 0.0863828 0.110591 1.18211 0 0 1.37914 1.2928 
108000 0.0860835 0.110566 1.17546 0 0 1.37214 1.2861 
108200 0.0857842 0.11054 1.16882 0 0 1.36514 1.27941 
108400 0.0855213 0.110513 1.16305 0 0 1.3591 1.2736 
108600 0.0852584 0.110485 1.15729 0 0 1.35306 1.26779 
108800 0.0849956 0.110457 1.15152 0 0 1.34702 1.26197 
109000 0.0847327 0.11043 1.14576 0 0 1.34097 1.25616 
109200 0.0844698 0.110402 1.13999 0 0 1.33493 1.25035 
109400 0.084207 0.110374 1.13423 0 0 1.32889 1.24454 
109600 0.0839441 0.110347 1.12846 0 0 1.32285 1.23873 
109800 0.0836812 0.110319 1.1227 0 0 1.31681 1.23292 
110000 0.0834183 0.110291 1.11693 0 0 1.31077 1.22711 
110200 0.0831555 0.110264 1.11117 0 0 1.30473 1.2213 
110400 0.0828926 0.110236 1.1054 0 0 1.29868 1.21549 
110600 0.0826269 0.110212 1.0997 0 0 1.29269 1.20979 
110800 0.0823611 0.110188 1.094 0 0 1.2867 1.20409 
111000 0.0820954 0.110164 1.0883 0 0 1.28071 1.19838 
111200 0.0818297 0.110139 1.0826 0 0 1.27472 1.19268 
111400 0.0815639 0.110115 1.0769 0 0 1.26873 1.18698 
111600 0.0812982 0.110091 1.0712 0 0 1.26274 1.18128 
111800 0.0810325 0.110067 1.0655 0 0 1.25675 1.17558 
112000 0.0807668 0.110043 1.05979 0 0 1.25076 1.16988 
112200 0.080501 0.110019 1.05409 0 0 1.24477 1.16418 
112400 0.0802353 0.109994 1.04839 0 0 1.23877 1.15848 
112600 0.0799802 0.109968 1.04296 0 0 1.23306 1.15304 
112800 0.0797358 0.109941 1.03779 0 0 1.22762 1.14788 
113000 0.0794914 0.109913 1.03263 0 0 1.22217 1.14271 
113200 0.079247 0.109885 1.02746 0 0 1.21673 1.13755 
113400 0.0790025 0.109858 1.0223 0 0 1.21129 1.13238 
113600 0.0787581 0.10983 1.01713 0 0 1.20585 1.12722 
113800 0.0785137 0.109802 1.01197 0 0 1.20041 1.12205 
114000 0.0782693 0.109775 1.0068 0 0 1.19496 1.11689 
114200 0.0780248 0.109747 1.00164 0 0 1.18952 1.11172 
114400 0.0777804 0.109719 0.996473 0 0 1.18408 1.10656 
114600 0.077536 0.109692 0.991308 0 0 1.17864 1.10139 
114800 0.0772991 0.109667 0.986409 0 0 1.17347 1.09645 
115000 0.0770697 0.109645 0.981777 0 0 1.16857 1.09173 
115200 0.0768403 0.109623 0.977145 0 0 1.16368 1.08701 
115400 0.0766109 0.109601 0.972513 0 0 1.15878 1.08229 
115600 0.0763815 0.109579 0.967882 0 0 1.15388 1.07757 
115800 0.0761521 0.109557 0.96325 0 0 1.14899 1.07285 
116000 0.0759227 0.109535 0.958618 0 0 1.14409 1.06813 
116200 0.0756934 0.109513 0.953986 0 0 1.13919 1.06341 
116400 0.075464 0.10949 0.949354 0 0 1.1343 1.05869 
116600 0.0752346 0.109468 0.944722 0 0 1.1294 1.05397 
116800 0.0750052 0.109446 0.94009 0 0 1.1245 1.04925 
117000 0.0747758 0.109424 0.935459 0 0 1.11961 1.04453 
117200 0.0745452 0.109397 0.930847 0 0 1.11472 1.03992 
117400 0.0743146 0.109369 0.926235 0 0 1.10983 1.0353 
117600 0.074084 0.109341 0.921623 0 0 1.10494 1.03069 
117800 0.0738534 0.109314 0.917011 0 0 1.10005 1.02608 
118000 0.0736229 0.109286 0.9124 0 0 1.09517 1.02147 
118200 0.0733923 0.109258 0.907788 0 0 1.09028 1.01686 
118400 0.0731617 0.109231 0.903176 0 0 1.08539 1.01225 
118600 0.0729311 0.109203 0.898564 0 0 1.0805 1.00763 
118800 0.0727005 0.109175 0.893952 0 0 1.07561 1.00302 
119000 0.0724699 0.109148 0.889341 0 0 1.07072 0.99841 
119200 0.0722393 0.10912 0.884729 0 0 1.06583 0.993798 
119400 0.0720364 0.10909 0.880713 0 0 1.06161 0.98974 
119600 0.0718335 0.109061 0.876696 0 0 1.05738 0.985681 
119800 0.0716306 0.109031 0.87268 0 0 1.05315 0.981623 
120000 0.0714276 0.109002 0.868664 0 0 1.04892 0.977564 
120200 0.0712247 0.108972 0.864648 0 0 1.0447 0.973506 
120400 0.0710218 0.108942 0.860632 0 0 1.04047 0.969447 
120600 0.0708189 0.108913 0.856616 0 0 1.03624 0.965389 
120800 0.070616 0.108883 0.8526 0 0 1.03201 0.961331 
121000 0.070413 0.108854 0.848584 0 0 1.02779 0.957272 
121200 0.0702101 0.108824 0.844568 0 0 1.02356 0.953214 
121400 0.0700072 0.108794 0.840551 0 0 1.01933 0.949156 
121600 0.0698043 0.108765 0.836535 0 0 1.0151 0.945097 
121800 0.0696098 0.108739 0.832773 0 0 1.01109 0.941293 
122000 0.0694154 0.108714 0.82901 0 0 1.00707 0.937488 
122200 0.0692209 0.108689 0.825248 0 0 1.00306 0.933683 
122400 0.0690264 0.108663 0.821486 0 0 0.99904 0.929878 
122600 0.068832 0.108638 0.817723 0 0 0.995024 0.926074 
122800 0.0686375 0.108613 0.813961 0 0 0.991008 0.922269 
123000 0.068443 0.108587 0.810198 0 0 0.986992 0.918464 
123200 0.0682486 0.108562 0.806436 0 0 0.982976 0.914659 
123400 0.0680541 0.108537 0.802673 0 0 0.97896 0.910855 
123600 0.0678596 0.108511 0.798911 0 0 0.974943 0.90705 
123800 0.0676652 0.108486 0.795148 0 0 0.970927 0.903245 
124000 0.0674707 0.10846 0.791386 0 0 0.966911 0.89944 
124200 0.0672805 0.108435 0.787792 0 0 0.963106 0.895847 
124400 0.0670902 0.10841 0.784199 0 0 0.959302 0.892254 
124600 0.0669 0.108384 0.780606 0 0 0.955497 0.88866 
124800 0.0667098 0.108359 0.777012 0 0 0.951692 0.885067 
125000 0.0665195 0.108334 0.773419 0 0 0.947887 0.881473 
125200 0.0663293 0.108308 0.769826 0 0 0.944083 0.87788 
125400 0.0661391 0.108283 0.766232 0 0 0.940278 0.874287 
125600 0.0659488 0.108258 0.762639 0 0 0.936473 0.870693 
125800 0.0657586 0.108232 0.759045 0 0 0.932668 0.8671 
126000 0.0655683 0.108207 0.755452 0 0 0.928864 0.863507 
126200 0.0653781 0.108181 0.751859 0 0 0.925059 0.859913 
126400 0.0651879 0.108156 0.748265 0 0 0.921254 0.85632 
126600 0.0650019 0.108126 0.744883 0 0 0.917661 0.852896 
126800 0.0648159 0.108097 0.741502 0 0 0.914068 0.849472 
127000 0.0646298 0.108067 0.738119 0 0 0.910474 0.846047 
127200 0.0644438 0.108038 0.734738 0 0 0.906881 0.842623 
127400 0.0642578 0.108008 0.731355 0 0 0.903287 0.839199 
127600 0.0640718 0.107979 0.727974 0 0 0.899694 0.835775 
127800 0.0638858 0.107949 0.724591 0 0 0.896101 0.83235 
128000 0.0636998 0.107919 0.72121 0 0 0.892507 0.828926 
128200 0.0635138 0.10789 0.717827 0 0 0.888914 0.825502 
128400 0.0633278 0.10786 0.714445 0 0 0.88532 0.822077 
128600 0.0631418 0.107831 0.711064 0 0 0.881727 0.818653 
128800 0.0629557 0.107801 0.707681 0 0 0.878134 0.815229 
129000 0.0627919 0.107774 0.704716 0 0 0.875012 0.812263 
129200 0.062628 0.107746 0.70175 0 0 0.87189 0.809297 
129400 0.0624641 0.107719 0.698784 0 0 0.868768 0.806332 
129600 0.0623002 0.107692 0.695819 0 0 0.865646 0.803366 
129800 0.0621363 0.107664 0.692853 0 0 0.862525 0.8004 
130000 0.0619724 0.107637 0.689887 0 0 0.859403 0.797434 
130200 0.0618085 0.10761 0.686921 0 0 0.856281 0.794469 
130400 0.0616446 0.107582 0.683956 0 0 0.853159 0.791503 
130600 0.0614807 0.107555 0.68099 0 0 0.850037 0.788537 
130800 0.0613168 0.107528 0.678024 0 0 0.846915 0.785571 
131000 0.0611529 0.1075 0.675058 0 0 0.843794 0.782606 
131200 0.060989 0.107473 0.672093 0 0 0.840672 0.77964 
131400 0.0608251 0.107446 0.669127 0 0 0.83755 0.776674 
131600 0.0606587 0.107417 0.666205 0 0 0.834425 0.773712 
131800 0.0604923 0.107389 0.663283 0 0 0.8313 0.770749 
132000 0.0603259 0.107361 0.660361 0 0 0.828175 0.767786 
132200 0.0601595 0.107332 0.657439 0 0 0.82505 0.764824 
132400 0.0599931 0.107304 0.654517 0 0 0.821925 0.761861 
132600 0.0598267 0.107275 0.651595 0 0 0.8188 0.758898 
132800 0.0596603 0.107247 0.648673 0 0 0.815675 0.755936 
133000 0.0594939 0.107219 0.645751 0 0 0.81255 0.752973 
133200 0.0593276 0.10719 0.642828 0 0 0.809425 0.75001 
133400 0.0591612 0.107162 0.639906 0 0 0.8063 0.747048 
133600 0.0589948 0.107133 0.636984 0 0 0.803175 0.744085 
133800 0.0588284 0.107105 0.634062 0 0 0.80005 0.741123 
134000 0.05867 0.107078 0.631342 0 0 0.797135 0.738364 
134200 0.0585197 0.107051 0.628825 0 0 0.79443 0.735808 
134400 0.0583694 0.107025 0.626307 0 0 0.791724 0.733253 
134600 0.0582191 0.106999 0.623789 0 0 0.789018 0.730698 
134800 0.0580688 0.106972 0.621272 0 0 0.786313 0.728143 
135000 0.0579185 0.106946 0.618754 0 0 0.783607 0.725587 
135200 0.0577682 0.10692 0.616236 0 0 0.780902 0.723032 
135400 0.0576178 0.106893 0.613719 0 0 0.778196 0.720477 
135600 0.0574675 0.106867 0.611201 0 0 0.77549 0.717921 
135800 0.0573172 0.106841 0.608683 0 0 0.772785 0.715366 
136000 0.0571669 0.106815 0.606165 0 0 0.770079 0.712811 
136200 0.0570166 0.106788 0.603648 0 0 0.767374 0.710256 
136400 0.0568663 0.106762 0.60113 0 0 0.764668 0.7077 
136600 0.056716 0.106736 0.598612 0 0 0.761962 0.705145 
136800 0.0565677 0.106708 0.596115 0 0 0.75927 0.702609 
137000 0.0564194 0.106681 0.593617 0 0 0.756577 0.700072 
137200 0.0562711 0.106654 0.59112 0 0 0.753885 0.697536 
137400 0.0561228 0.106626 0.588622 0 0 0.751192 0.694999 
137600 0.0559745 0.106599 0.586125 0 0 0.7485 0.692463 
137800 0.0558263 0.106572 0.583627 0 0 0.745807 0.689926 
138000 0.055678 0.106544 0.58113 0 0 0.743114 0.68739 
138200 0.0555297 0.106517 0.578633 0 0 0.740422 0.684853 
138400 0.0553814 0.10649 0.576135 0 0 0.737729 0.682317 
138600 0.0552331 0.106462 0.573638 0 0 0.735037 0.67978 
138800 0.0550848 0.106435 0.57114 0 0 0.732344 0.677244 
139000 0.0549365 0.106408 0.568643 0 0 0.729651 0.674707 
139200 0.0547882 0.106381 0.566145 0 0 0.726959 0.672171 
139400 0.0546492 0.10635 0.563853 0 0 0.724516 0.669878 
139600 0.0545102 0.10632 0.561561 0 0 0.722074 0.667586 
139800 0.0543711 0.10629 0.559269 0 0 0.719631 0.665294 
140000 0.0542321 0.10626 0.556976 0 0 0.717189 0.663002 
140200 0.0540931 0.10623 0.554684 0 0 0.714746 0.660709 
140400 0.053954 0.1062 0.552392 0 0 0.712304 0.658417 
140600 0.053815 0.10617 0.5501 0 0 0.709861 0.656125 
140800 0.0536759 0.10614 0.547807 0 0 0.707419 0.653833 
141000 0.0535369 0.10611 0.545515 0 0 0.704976 0.65154 
141200 0.0533979 0.10608 0.543223 0 0 0.702533 0.649248 
141400 0.0532588 0.10605 0.540931 0 0 0.700091 0.646956 
141600 0.0531198 0.10602 0.538638 0 0 0.697648 0.644664 
141800 0.0529808 0.10599 0.536346 0 0 0.695206 0.642372 
142000 0.052846 0.10596 0.53416 0 0 0.692861 0.640175 
142200 0.0527156 0.105931 0.53208 0 0 0.690615 0.638073 
142400 0.0525851 0.105902 0.53 0 0 0.688368 0.635971 
142600 0.0524547 0.105873 0.52792 0 0 0.686121 0.63387 
142800 0.0523242 0.105844 0.52584 0 0 0.683875 0.631768 
143000 0.0521938 0.105815 0.52376 0 0 0.681628 0.629666 
143200 0.0520633 0.105786 0.52168 0 0 0.679382 0.627565 
143400 0.0519329 0.105757 0.519601 0 0 0.677135 0.625463 
143600 0.0518024 0.105728 0.517521 0 0 0.674888 0.623361 
143800 0.051672 0.105699 0.515441 0 0 0.672642 0.62126 
144000 0.0515415 0.10567 0.513361 0 0 0.670395 0.619158 
144200 0.0514111 0.105641 0.511281 0 0 0.668148 0.617056 
144400 0.0512806 0.105612 0.509201 0 0 0.665902 0.614955 
144600 0.0511502 0.105583 0.507121 0 0 0.663655 0.612853 
144800 0.0510228 0.105556 0.505099 0 0 0.661481 0.610806 
145000 0.0508985 0.105531 0.503135 0 0 0.659379 0.608813 
145200 0.0507742 0.105505 0.501171 0 0 0.657278 0.60682 
145400 0.05065 0.10548 0.499207 0 0 0.655176 0.604827 
145600 0.0505257 0.105455 0.497243 0 0 0.653074 0.602834 
145800 0.0504014 0.105429 0.495279 0 0 0.650973 0.600841 
146000 0.0502771 0.105404 0.493315 0 0 0.648871 0.598848 
146200 0.0501528 0.105379 0.491351 0 0 0.646769 0.596855 
146400 0.0500285 0.105353 0.489387 0 0 0.644668 0.594862 
146600 0.0499042 0.105328 0.487423 0 0 0.642566 0.592869 
146800 0.0497799 0.105302 0.485459 0 0 0.640464 0.590876 
147000 0.0496557 0.105277 0.483495 0 0 0.638363 0.588883 
147200 0.0495314 0.105252 0.481531 0 0 0.636261 0.58689 
147400 0.0494071 0.105226 0.479567 0 0 0.634159 0.584897 
147600 0.0492871 0.1052 0.477697 0 0 0.632155 0.582987 
147800 0.0491714 0.105171 0.475919 0 0 0.630247 0.581161 
148000 0.0490558 0.105143 0.474142 0 0 0.62834 0.579335 
148200 0.0489401 0.105114 0.472364 0 0 0.626433 0.577509 
148400 0.0488244 0.105086 0.470586 0 0 0.624525 0.575682 
148600 0.0487088 0.105057 0.468809 0 0 0.622618 0.573856 
148800 0.0485931 0.105029 0.467031 0 0 0.62071 0.57203 
149000 0.0484775 0.105001 0.465254 0 0 0.618803 0.570204 
149200 0.0483618 0.104972 0.463476 0 0 0.616895 0.568377 
149400 0.0482461 0.104944 0.461699 0 0 0.614988 0.566551 
149600 0.0481305 0.104915 0.459921 0 0 0.61308 0.564725 
149800 0.0480148 0.104887 0.458143 0 0 0.611173 0.562899 
150000 0.0478991 0.104859 0.456366 0 0 0.609266 0.561072 
150200 0.0477748 0.104833 0.454489 0 0 0.607236 0.559297 
150400 0.0476506 0.104808 0.452612 0 0 0.605207 0.557521 
150600 0.047541 0.104781 0.450972 0 0 0.603415 0.55583 
150800 0.0474314 0.104754 0.449331 0 0 0.601622 0.554139 
151000 0.0473218 0.104727 0.447691 0 0 0.59983 0.552448 
151200 0.0472122 0.1047 0.446051 0 0 0.598037 0.550757 
151400 0.0471027 0.104673 0.44441 0 0 0.596245 0.549066 
151600 0.0469931 0.104646 0.44277 0 0 0.594453 0.547375 
151800 0.0468835 0.104618 0.44113 0 0 0.59266 0.545684 
152000 0.0467739 0.104591 0.43949 0 0 0.590868 0.543993 
152200 0.0466644 0.104564 0.437849 0 0 0.589075 0.542302 
152400 0.0465548 0.104537 0.436209 0 0 0.587283 0.540611 
152600 0.0464452 0.10451 0.434569 0 0 0.58549 0.53892 
152800 0.0463356 0.104483 0.432929 0 0 0.583698 0.537229 
153000 0.0462261 0.104456 0.431288 0 0 0.581905 0.535538 
153200 0.0461165 0.104429 0.429648 0 0 0.580113 0.533847 
153400 0.0460069 0.104402 0.428008 0 0 0.57832 0.532156 
153600 0.045901 0.104375 0.426459 0 0 0.576629 0.5306 
153800 0.0457952 0.104348 0.42491 0 0 0.574938 0.529045 
154000 0.0456893 0.104321 0.423361 0 0 0.573247 0.527489 
154200 0.0455835 0.104294 0.421812 0 0 0.571556 0.525933 
154400 0.0454776 0.104267 0.420263 0 0 0.569865 0.524378 
154600 0.0453718 0.10424 0.418714 0 0 0.568174 0.522822 
154800 0.0452659 0.104213 0.417165 0 0 0.566483 0.521266 
155000 0.0451601 0.104186 0.415616 0 0 0.564792 0.51971 
155200 0.0450542 0.104159 0.414067 0 0 0.563101 0.518155 
155400 0.0449483 0.104131 0.412518 0 0 0.56141 0.516599 
155600 0.0448425 0.104104 0.410969 0 0 0.559719 0.515043 
155800 0.0447366 0.104077 0.40942 0 0 0.558028 0.513488 
156000 0.0446308 0.10405 0.407871 0 0 0.556337 0.511932 
156200 0.0445249 0.104023 0.406323 0 0 0.554646 0.510376 
156400 0.0444191 0.103996 0.404774 0 0 0.552955 0.50882 
156600 0.0443166 0.103966 0.403309 0 0 0.551366 0.507322 
156800 0.0442141 0.103935 0.401845 0 0 0.549776 0.505824 
157000 0.0441116 0.103905 0.40038 0 0 0.548187 0.504326 
157200 0.0440092 0.103874 0.398916 0 0 0.546597 0.502828 
157400 0.0439067 0.103844 0.397452 0 0 0.545008 0.501329 
157600 0.0438042 0.103814 0.395987 0 0 0.543418 0.499831 
157800 0.0437017 0.103783 0.394523 0 0 0.541829 0.498333 
158000 0.0435993 0.103753 0.393058 0 0 0.540239 0.496835 
158200 0.0434968 0.103722 0.391594 0 0 0.53865 0.495336 
158400 0.0433943 0.103692 0.39013 0 0 0.53706 0.493838 
158600 0.0432918 0.103661 0.388665 0 0 0.535471 0.49234 
158800 0.0431894 0.103631 0.387201 0 0 0.533881 0.490842 
159000 0.0430869 0.103601 0.385736 0 0 0.532291 0.489344 
159200 0.0429844 0.10357 0.384272 0 0 0.530702 0.487845 
159400 0.042882 0.10354 0.382807 0 0 0.529112 0.486347 
159600 0.0427864 0.103513 0.381466 0 0 0.527656 0.484979 
159800 0.0426908 0.103487 0.380124 0 0 0.5262 0.483611 
160000 0.0425952 0.103461 0.378782 0 0 0.524743 0.482243 
160200 0.0424997 0.103435 0.37744 0 0 0.523287 0.480875 
160400 0.0424041 0.103409 0.376098 0 0 0.52183 0.479507 
160600 0.0423085 0.103383 0.374756 0 0 0.520374 0.478139 
160800 0.042213 0.103356 0.373414 0 0 0.518917 0.476771 
161000 0.0421174 0.10333 0.372072 0 0 0.517461 0.475403 
161200 0.0420218 0.103304 0.370731 0 0 0.516004 0.474035 
161400 0.0419263 0.103278 0.369389 0 0 0.514548 0.472666 
161600 0.0418307 0.103252 0.368047 0 0 0.513092 0.471298 
161800 0.0417351 0.103225 0.366705 0 0 0.511635 0.46993 
162000 0.0416396 0.103199 0.365363 0 0 0.510179 0.468562 
162200 0.041544 0.103173 0.364021 0 0 0.508722 0.467194 
162400 0.0414484 0.103147 0.362679 0 0 0.507266 0.465826 
162600 0.0413558 0.10312 0.361395 0 0 0.505865 0.464516 
162800 0.041266 0.103091 0.360168 0 0 0.504521 0.463263 
163000 0.0411763 0.103062 0.358941 0 0 0.503177 0.462011 
163200 0.0410866 0.103034 0.357714 0 0 0.501832 0.460759 
163400 0.0409969 0.103005 0.356487 0 0 0.500488 0.459506 
163600 0.0409071 0.102977 0.35526 0 0 0.499144 0.458254 
163800 0.0408174 0.102948 0.354033 0 0 0.497799 0.457002 
164000 0.0407277 0.10292 0.352806 0 0 0.496455 0.455749 
164200 0.0406379 0.102891 0.351579 0 0 0.495111 0.454497 
164400 0.0405482 0.102863 0.350351 0 0 0.493766 0.453244 
164600 0.0404585 0.102834 0.349124 0 0 0.492422 0.451992 
164800 0.0403688 0.102806 0.347897 0 0 0.491078 0.45074 
165000 0.040279 0.102777 0.34667 0 0 0.489733 0.449487 
165200 0.0401893 0.102749 0.345443 0 0 0.488389 0.448235 
165400 0.0400996 0.10272 0.344216 0 0 0.487045 0.446982 
165600 0.0400098 0.102692 0.342989 0 0 0.4857 0.44573 
165800 0.0399229 0.102665 0.341813 0 0 0.48441 0.444527 
166000 0.0398386 0.10264 0.340688 0 0 0.483174 0.443374 
166200 0.0397544 0.102616 0.339563 0 0 0.481938 0.442221 
166400 0.0396701 0.102591 0.338437 0 0 0.480702 0.441068 
166600 0.0395859 0.102567 0.337312 0 0 0.479466 0.439915 
166800 0.0395016 0.102542 0.336187 0 0 0.47823 0.438763 
167000 0.0394174 0.102517 0.335061 0 0 0.476994 0.43761 
167200 0.0393332 0.102493 0.333936 0 0 0.475758 0.436457 
167400 0.0392489 0.102468 0.332811 0 0 0.474523 0.435304 
167600 0.0391647 0.102444 0.331686 0 0 0.473287 0.434151 
167800 0.0390804 0.102419 0.33056 0 0 0.472051 0.432998 
168000 0.0389962 0.102394 0.329435 0 0 0.470815 0.431845 
168200 0.038912 0.10237 0.32831 0 0 0.469579 0.430692 
168400 0.0388277 0.102345 0.327185 0 0 0.468343 0.429539 
168600 0.0387435 0.102321 0.326059 0 0 0.467107 0.428386 
168800 0.0386592 0.102296 0.324934 0 0 0.465871 0.427233 
169000 0.038575 0.102271 0.323809 0 0 0.464635 0.42608 
169200 0.0384935 0.102244 0.322745 0 0 0.463463 0.424989 
169400 0.038412 0.102216 0.321681 0 0 0.462292 0.423897 
169600 0.0383306 0.102188 0.320617 0 0 0.461121 0.422806 
169800 0.0382491 0.102161 0.319554 0 0 0.459949 0.421714 
170000 0.0381676 0.102133 0.31849 0 0 0.458778 0.420623 
170200 0.0380861 0.102105 0.317426 0 0 0.457606 0.419531 
170400 0.0380047 0.102078 0.316362 0 0 0.456435 0.41844 
170600 0.0379232 0.10205 0.315298 0 0 0.455264 0.417348 
170800 0.0378417 0.102022 0.314235 0 0 0.454092 0.416257 
171000 0.0377602 0.101995 0.313171 0 0 0.452921 0.415165 
171200 0.0376788 0.101967 0.312107 0 0 0.451749 0.414074 
171400 0.0375973 0.101939 0.311043 0 0 0.450578 0.412983 
171600 0.0375158 0.101912 0.309979 0 0 0.449407 0.411891 
171800 0.0374343 0.101884 0.308916 0 0 0.448235 0.4108 
172000 0.0373529 0.101856 0.307852 0 0 0.447064 0.409708 
172200 0.0372714 0.101829 0.306788 0 0 0.445892 0.408617 
172400 0.0371913 0.101801 0.305753 0 0 0.444752 0.407554 
172600 0.0371126 0.101773 0.304748 0 0 0.443642 0.406521 
172800 0.0370339 0.101746 0.303743 0 0 0.442532 0.405488 
173000 0.0369552 0.101718 0.302737 0 0 0.441422 0.404455 
173200 0.0368765 0.10169 0.301732 0 0 0.440312 0.403422 
173400 0.0367977 0.101663 0.300727 0 0 0.439202 0.402389 
173600 0.036719 0.101635 0.299721 0 0 0.438092 0.401356 
173800 0.0366403 0.101607 0.298716 0 0 0.436982 0.400323 
174000 0.0365616 0.10158 0.29771 0 0 0.435872 0.39929 
174200 0.0364829 0.101552 0.296705 0 0 0.434763 0.398257 
174400 0.0364042 0.101524 0.2957 0 0 0.433653 0.397224 
174600 0.0363255 0.101497 0.294694 0 0 0.432543 0.396191 
174800 0.0362468 0.101469 0.293689 0 0 0.431433 0.395158 
175000 0.0361681 0.101441 0.292684 0 0 0.430323 0.394125 
175200 0.0360894 0.101414 0.291678 0 0 0.429213 0.393092 
175400 0.0360107 0.101386 0.290673 0 0 0.428103 0.392059 
175600 0.035932 0.101358 0.289667 0 0 0.426993 0.391026 
175800 0.0358604 0.101332 0.288772 0 0 0.425999 0.390104 
176000 0.0357888 0.101306 0.287876 0 0 0.425005 0.389182 
176200 0.0357172 0.10128 0.28698 0 0 0.42401 0.38826 
176400 0.0356456 0.101254 0.286085 0 0 0.423016 0.387338 
176600 0.035574 0.101228 0.285189 0 0 0.422022 0.386417 
176800 0.0355023 0.101202 0.284293 0 0 0.421027 0.385495 
177000 0.0354307 0.101176 0.283397 0 0 0.420033 0.384573 
177200 0.0353591 0.10115 0.282502 0 0 0.419039 0.383651 
177400 0.0352875 0.101123 0.281606 0 0 0.418044 0.382729 
177600 0.0352159 0.101097 0.28071 0 0 0.41705 0.381807 
177800 0.0351443 0.101071 0.279814 0 0 0.416056 0.380886 
178000 0.0350727 0.101045 0.278919 0 0 0.415062 0.379964 
178200 0.0350011 0.101019 0.278023 0 0 0.414067 0.379042 
178400 0.0349295 0.100993 0.277127 0 0 0.413073 0.37812 
178600 0.0348579 0.100967 0.276231 0 0 0.412079 0.377198 
178800 0.0347863 0.100941 0.275336 0 0 0.411084 0.376276 
179000 0.0347147 0.100915 0.27444 0 0 0.41009 0.375355 
179200 0.0346441 0.100889 0.273567 0 0 0.40912 0.374457 
179400 0.0345746 0.100863 0.272718 0 0 0.408175 0.373585 
179600 0.034505 0.100836 0.271869 0 0 0.40723 0.372712 
179800 0.0344354 0.10081 0.271019 0 0 0.406285 0.37184 
180000 0.0343659 0.100784 0.27017 0 0 0.40534 0.370967 
180200 0.0342963 0.100758 0.26932 0 0 0.404395 0.370095 
180400 0.0342267 0.100732 0.268471 0 0 0.40345 0.369222 
180600 0.0341571 0.100706 0.267622 0 0 0.402505 0.368349 
180800 0.0340876 0.10068 0.266772 0 0 0.40156 0.367477 
181000 0.034018 0.100654 0.265923 0 0 0.400615 0.366604 
181200 0.0339484 0.100628 0.265074 0 0 0.39967 0.365732 
181400 0.0338788 0.100602 0.264224 0 0 0.398725 0.364859 
181600 0.0338093 0.100576 0.263375 0 0 0.39778 0.363987 
181800 0.0337397 0.100549 0.262526 0 0 0.396835 0.363114 
182000 0.0336701 0.100523 0.261676 0 0 0.39589 0.362242 
182200 0.0336006 0.100497 0.260827 0 0 0.394945 0.361369 
182400 0.033531 0.100471 0.259977 0 0 0.394 0.360496 
182600 0.0334614 0.100445 0.259128 0 0 0.393055 0.359624 
182800 0.0333944 0.100419 0.258328 0 0 0.392162 0.358795 
183000 0.0333275 0.100393 0.257528 0 0 0.391269 0.357966 
183200 0.0332605 0.100367 0.256728 0 0 0.390376 0.357137 
183400 0.0331936 0.100341 0.255928 0 0 0.389484 0.356308 
183600 0.0331266 0.100315 0.255128 0 0 0.388591 0.355479 
183800 0.0330596 0.100289 0.254328 0 0 0.387698 0.35465 
184000 0.0329927 0.100262 0.253528 0 0 0.386805 0.35382 
184200 0.0329257 0.100236 0.252727 0 0 0.385912 0.352991 
184400 0.0328587 0.10021 0.251927 0 0 0.385019 0.352162 
184600 0.0327918 0.100184 0.251127 0 0 0.384126 0.351333 
184800 0.0327248 0.100158 0.250327 0 0 0.383234 0.350504 
185000 0.0326579 0.100132 0.249527 0 0 0.382341 0.349675 
185200 0.0325909 0.100106 0.248727 0 0 0.381448 0.348846 
185400 0.0325239 0.10008 0.247927 0 0 0.380555 0.348017 
185600 0.032457 0.100054 0.247127 0 0 0.379662 0.347188 
185800 0.03239 0.100028 0.246327 0 0 0.378769 0.346359 
186000 0.032323 0.100002 0.245527 0 0 0.377877 0.34553 
186200 0.032259 0.0999762 0.244769 0 0 0.377028 0.344745 
186400 0.0321978 0.0999515 0.244053 0 0 0.376225 0.344005 
186600 0.0321367 0.0999269 0.243337 0 0 0.375421 0.343264 
186800 0.0320755 0.0999022 0.242622 0 0 0.374618 0.342524 
187000 0.0320144 0.0998775 0.241906 0 0 0.373815 0.341784 
187200 0.0319532 0.0998528 0.24119 0 0 0.373011 0.341043 
187400 0.0318921 0.0998281 0.240475 0 0 0.372208 0.340303 
187600 0.0318309 0.0998035 0.239759 0 0 0.371404 0.339562 
187800 0.0317698 0.0997788 0.239043 0 0 0.370601 0.338822 
188000 0.0317086 0.0997541 0.238327 0 0 0.369797 0.338082 
188200 0.0316475 0.0997294 0.237612 0 0 0.368994 0.337341 
188400 0.0315863 0.0997047 0.236896 0 0 0.36819 0.336601 
188600 0.0315252 0.0996801 0.23618 0 0 0.367387 0.33586 
188800 0.031464 0.0996554 0.235465 0 0 0.366584 0.33512 
189000 0.0314029 0.0996307 0.234749 0 0 0.36578 0.33438 
189200 0.0313417 0.099606 0.234033 0 0 0.364977 0.333639 
189400 0.0312806 0.0995813 0.233318 0 0 0.364173 0.332899 
189600 0.0312194 0.0995567 0.232602 0 0 0.36337 0.332159 
189800 0.0311583 0.099532 0.231886 0 0 0.362566 0.331418 
190000 0.0310988 0.0995046 0.231209 0 0 0.361804 0.330713 
190200 0.0310393 0.0994771 0.230532 0 0 0.361042 0.330009 
190400 0.0309798 0.0994497 0.229854 0 0 0.360279 0.329304 
190600 0.0309203 0.0994223 0.229177 0 0 0.359517 0.328599 
190800 0.0308608 0.0993949 0.2285 0 0 0.358755 0.327895 
191000 0.0308012 0.0993675 0.227822 0 0 0.357992 0.32719 
191200 0.0307417 0.09934 0.227145 0 0 0.35723 0.326485 
191400 0.0306822 0.0993126 0.226468 0 0 0.356468 0.32578 
191600 0.0306227 0.0992852 0.22579 0 0 0.355705 0.325076 
191800 0.0305632 0.0992578 0.225113 0 0 0.354943 0.324371 
192000 0.0305037 0.0992303 0.224436 0 0 0.354181 0.323666 
192200 0.0304442 0.0992029 0.223758 0 0 0.353418 0.322961 
192400 0.0303847 0.0991755 0.223081 0 0 0.352656 0.322257 
192600 0.0303252 0.0991481 0.222404 0 0 0.351894 0.321552 
192800 0.0302657 0.0991207 0.221727 0 0 0.351131 0.320847 
193000 0.0302062 0.0990932 0.221049 0 0 0.350369 0.320142 
193200 0.0301467 0.0990658 0.220372 0 0 0.349607 0.319438 
193400 0.0300872 0.0990384 0.219695 0 0 0.348845 0.318733 
193600 0.0300297 0.0990127 0.219044 0 0 0.348111 0.318056 
193800 0.0299741 0.0989886 0.218419 0 0 0.347406 0.317407 
194000 0.0299186 0.0989646 0.217794 0 0 0.346701 0.316759 
194200 0.0298631 0.0989406 0.217169 0 0 0.345996 0.31611 
194400 0.0298075 0.0989165 0.216544 0 0 0.345291 0.315461 
194600 0.029752 0.0988925 0.21592 0 0 0.344587 0.314812 
194800 0.0296965 0.0988685 0.215295 0 0 0.343882 0.314163 
195000 0.0296409 0.0988445 0.21467 0 0 0.343177 0.313515 
195200 0.0295854 0.0988204 0.214045 0 0 0.342472 0.312866 
195400 0.0295299 0.0987964 0.213421 0 0 0.341767 0.312217 
195600 0.0294743 0.0987724 0.212796 0 0 0.341062 0.311568 
195800 0.0294188 0.0987483 0.212171 0 0 0.340357 0.310919 
196000 0.0293632 0.0987243 0.211546 0 0 0.339652 0.31027 
196200 0.0293077 0.0987003 0.210921 0 0 0.338948 0.309622 
196400 0.0292522 0.0986762 0.210297 0 0 0.338243 0.308973 
196600 0.0291966 0.0986522 0.209672 0 0 0.337538 0.308324 
196800 0.0291411 0.0986282 0.209047 0 0 0.336833 0.307675 
197000 0.0290856 0.0986042 0.208422 0 0 0.336128 0.307026 
197200 0.02903 0.0985801 0.207797 0 0 0.335423 0.306378 
197400 0.0289752 0.098555 0.20719 0 0 0.334734 0.305745 
197600 0.0289211 0.0985287 0.2066 0 0 0.334062 0.305129 
197800 0.028867 0.0985024 0.20601 0 0 0.333389 0.304513 
198000 0.0288129 0.098476 0.20542 0 0 0.332716 0.303896 
198200 0.0287588 0.0984497 0.20483 0 0 0.332044 0.30328 
198400 0.0287046 0.0984234 0.20424 0 0 0.331371 0.302664 
198600 0.0286505 0.0983971 0.20365 0 0 0.330699 0.302047 
198800 0.0285964 0.0983708 0.20306 0 0 0.330026 0.301431 
199000 0.0285423 0.0983445 0.20247 0 0 0.329353 0.300815 
199200 0.0284882 0.0983182 0.20188 0 0 0.328681 0.300199 
199400 0.0284341 0.0982919 0.20129 0 0 0.328008 0.299582 
199600 0.02838 0.0982656 0.2007 0 0 0.327335 0.298966 
199800 0.0283259 0.0982393 0.20011 0 0 0.326663 0.29835 
200000 0.0282717 0.098213 0.199521 0 0 0.32599 0.297734 
