1000 4.57029 0.00860463 8707.64 0 0 8712.16 8707.64 
1200 4.45076 0.0111625 5695.98 0 0 5700.5 5695.98 
1400 4.33545 0.0137652 3914.7 0 0 3918.99 3914.7 
1600 4.21557 0.0162816 2806.35 0 0 2810.19 2806.35 
1800 4.09197 0.0186705 2075.59 0 0 2079.84 2075.59 
2000 3.96772 0.0209867 1601.9 0 0 1606.06 1601.9 
2200 3.84591 0.0232463 1245.95 0 0 1249.39 1245.97 
2400 3.72661 0.0254587 989.956 0 0 993.743 989.994 
2600 3.61021 0.0276417 833.423 0 0 837.024 833.433 
2800 3.49558 0.0297871 699.539 0 0 703.106 699.576 
3000 3.38482 0.0318996 589.467 0 0 592.845 589.467 
3200 3.27643 0.0339874 495.259 0 0 498.55 495.262 
3400 3.17183 0.036042 420.553 0 0 423.783 420.581 
3600 3.06973 0.038067 360.364 0 0 363.5 360.389 
3800 2.97137 0.0400493 311.506 0 0 314.526 311.598 
4000 2.87543 0.0420104 271.177 0 0 274.092 271.177 
4200 2.78301 0.0439269 237.359 0 0 240.181 237.446 
4400 2.69317 0.0458149 208.998 0 0 211.723 209.01 
4600 2.60702 0.0476643 184.996 0 0 187.639 185.019 
4800 2.52383 0.0494729 164.655 0 0 167.182 164.666 
5000 2.4443 0.0512473 147.208 0 0 149.71 147.219 
5200 2.36785 0.052979 132.071 0 0 134.538 132.148 
5400 2.29436 0.0546843 118.948 0 0 121.31 119.026 
5600 2.22341 0.0563458 107.564 0 0 109.845 107.623 
5800 2.15447 0.0579847 97.6104 0 0 99.828 97.6776 
6000 2.08731 0.0596019 165.455 0 0 167.597 165.532 
6200 2.02322 0.0611825 157.773 0 0 159.864 157.841 
6400 1.96179 0.0627313 148.564 0 0 150.589 148.637 
6600 1.90356 0.0642438 146.094 0 0 148.048 146.148 
6800 1.84799 0.0657219 135.113 0 0 137.021 135.166 
7000 1.79505 0.0671616 124.401 0 0 126.262 124.466 
7200 1.74421 0.0685729 340.586 0 0 342.432 340.684 
7400 1.69622 0.0699473 317.094 0 0 318.843 317.126 
7600 1.65004 0.0712983 295.373 0 0 297.113 295.462 
7800 1.60581 0.0726058 275.808 0 0 277.527 275.911 
8000 1.56351 0.0738961 257.835 0 0 259.468 257.939 
8200 1.52289 0.0751497 241.675 0 0 243.302 241.765 
8400 1.48372 0.0763838 260.251 0 0 261.843 260.327 
8600 1.44606 0.0775941 244.85 0 0 246.356 244.939 
8800 1.40986 0.0787744 230.645 0 0 232.114 230.697 
9000 1.37523 0.0799319 217.532 0 0 218.995 217.6 
9200 1.34194 0.0810566 205.425 0 0 206.84 205.495 
9400 1.30959 0.0821566 194.186 0 0 195.599 194.289 
9600 1.27865 0.0832409 183.747 0 0 185.099 183.791 
9800 1.24946 0.084288 174.058 0 0 175.381 174.074 
10000 1.22113 0.0853157 165.01 0 0 166.33 165.118 
10200 1.19491 0.0862926 156.732 0 0 158.039 156.839 
10400 1.16771 0.0873139 148.575 0 0 149.788 148.662 
10600 1.14308 0.0882343 141.426 0 0 142.64 141.533 
10800 1.11935 0.0891543 134.649 0 0 135.851 134.752 
11000 1.096 0.0900635 128.153 0 0 129.351 128.255 
11200 1.07311 0.0909658 121.942 0 0 123.124 122.034 
11400 1.05157 0.0918321 116.285 0 0 117.406 116.376 
11600 1.03114 0.092661 111.049 0 0 112.15 111.149 
11800 1.01068 0.0934971 105.96 0 0 107.056 106.06 
12000 0.991113 0.0943064 101.217 0 0 102.305 101.314 
12200 0.972505 0.095085 96.8042 0 0 97.8766 96.9027 
12400 0.953814 0.0958715 92.494 0 0 93.5497 92.5921 
12600 0.936614 0.096602 88.653 0 0 89.6931 88.7498 
12800 0.919127 0.0973569 84.8493 0 0 85.8654 84.9459 
13000 0.902284 0.0980871 81.2818 0 0 82.2833 81.3789 
13200 0.886126 0.098791 77.9494 0 0 78.9383 78.0473 
13400 0.8705 0.0994768 74.8062 0 0 75.7795 74.9049 
13600 0.855141 0.100162 71.7969 0 0 72.7534 71.8946 
13800 0.840441 0.100815 69.0078 0 0 69.9478 69.1062 
14000 0.825997 0.101463 66.3256 0 0 67.25 66.4244 
14200 0.811802 0.102106 63.7449 0 0 64.6545 63.8437 
14400 0.798232 0.102724 61.3539 0 0 62.249 61.4527 
14600 0.784809 0.103338 59.0498 0 0 59.9383 59.1526 
14800 0.771649 0.103943 56.836 0 0 57.716 56.9421 
15000 0.758885 0.104533 54.736 0 0 55.5996 54.842 
15200 0.746563 0.10511 52.78 0 0 53.6308 52.886 
15400 0.734396 0.105679 50.8792 0 0 51.7185 50.9856 
15600 0.722577 0.106239 49.0689 0 0 49.8996 49.1764 
15800 0.711307 0.10677 47.4003 0 0 48.2181 47.5081 
16000 0.700142 0.107302 45.7724 0 0 46.579 45.8803 
16200 0.689089 0.107837 44.1946 0 0 44.9925 44.3022 
16400 0.678267 0.108342 42.6852 0 0 43.4758 42.7938 
16600 0.667735 0.108846 41.2383 0 0 42.02 41.3476 
16800 0.657781 0.109363 39.9088 0 0 40.6771 40.0174 
17000 0.647979 0.109847 38.622 0 0 39.3769 38.73 
17200 0.63826 0.110314 37.358 0 0 38.0998 37.4657 
17400 0.628733 0.110778 36.158 0 0 36.8935 36.2649 
17600 0.619457 0.111231 35.0024 0 0 35.7313 35.1094 
17800 0.610648 0.111666 33.9291 0 0 34.6514 34.0379 
18000 0.601982 0.112101 32.8895 0 0 33.605 33.0015 
18200 0.593412 0.112534 31.8724 0 0 32.5809 31.9885 
18400 0.58502 0.112959 30.901 0 0 31.5988 31.0145 
18600 0.576722 0.11338 29.9474 0 0 30.6343 30.0577 
18800 0.568968 0.113785 29.0805 0 0 29.7624 29.1945 
19000 0.56127 0.114188 28.2251 0 0 28.9013 28.3421 
19200 0.55374 0.114588 27.4043 0 0 28.0729 27.5221 
19400 0.546283 0.114985 26.6012 0 0 27.2633 26.7194 
19600 0.538934 0.115376 25.8244 0 0 26.4819 25.9427 
19800 0.53186 0.115745 25.0882 0 0 25.7393 25.206 
20000 0.525012 0.116095 24.3851 0 0 25.0287 24.502 
20200 0.518277 0.116435 25.382 0 0 26.0129 25.4991 
20400 0.511582 0.116804 24.7225 0 0 25.3482 24.8388 
20600 0.505029 0.117146 24.0893 0 0 24.7096 24.2058 
20800 0.498551 0.117473 23.4703 0 0 24.0851 23.5875 
21000 0.49225 0.117818 22.8765 0 0 23.4862 22.9942 
21200 0.486044 0.118172 22.2964 0 0 22.9012 22.4143 
21400 0.479935 0.118495 21.7392 0 0 22.3381 21.8571 
21600 0.47389 0.118798 21.1973 0 0 21.7896 21.315 
21800 0.46788 0.119106 20.6667 0 0 21.2536 20.7847 
22000 0.461904 0.119419 20.1475 0 0 20.7299 20.2662 
22200 0.456026 0.119726 19.642 0 0 20.2184 19.7608 
22400 0.450298 0.120023 19.1572 0 0 19.725 19.2752 
22600 0.444618 0.12032 18.6792 0 0 19.2403 18.7977 
22800 0.439085 0.120611 18.2222 0 0 18.7817 18.3446 
23000 0.433562 0.120902 17.7668 0 0 18.3246 17.8929 
23200 0.428239 0.121191 17.3441 0 0 17.8963 17.4675 
23400 0.422917 0.12148 16.9214 0 0 17.468 17.0422 
23600 0.417759 0.121762 16.5204 0 0 17.0595 16.64 
23800 0.412641 0.122042 16.1249 0 0 16.6561 16.2437 
24000 0.407629 0.122301 15.7421 0 0 16.2686 15.8608 
24200 0.402722 0.122539 15.372 0 0 15.897 15.4913 
24400 0.397844 0.122782 15.0057 0 0 15.5287 15.126 
24600 0.393132 0.123051 14.6607 0 0 15.1793 14.7841 
24800 0.38842 0.12332 14.3158 0 0 14.8299 14.4421 
25000 0.383771 0.123562 13.9844 0 0 14.4937 14.1116 
25200 0.379143 0.123796 13.6576 0 0 14.1619 13.7848 
25400 0.37461 0.124025 13.3413 0 0 13.8408 13.4685 
25600 0.370254 0.124242 13.0443 0 0 13.5395 13.1716 
25800 0.365898 0.124459 12.7474 0 0 13.2383 12.8748 
26000 0.361619 0.124683 12.4623 0 0 12.9494 12.5902 
26200 0.357354 0.124908 12.1794 0 0 12.6628 12.3078 
26400 0.353186 0.12514 11.9057 0 0 12.3857 12.034 
26600 0.349196 0.125384 11.6491 0 0 12.1263 11.776 
26800 0.345207 0.125628 11.3925 0 0 11.867 11.518 
27000 0.341292 0.125821 11.1461 0 0 11.6162 11.2713 
27200 0.337402 0.125998 10.9031 0 0 11.3684 11.0285 
27400 0.333547 0.126178 10.6634 0 0 11.1239 10.7889 
27600 0.329884 0.126379 10.4423 0 0 10.8988 10.5678 
27800 0.326222 0.126579 10.2212 0 0 10.6736 10.3467 
28000 0.322597 0.126777 10.0054 0 0 10.4544 10.1313 
28200 0.319018 0.126973 9.79609 0 0 10.2422 9.92285 
28400 0.31544 0.127169 9.5868 0 0 10.0301 9.71442 
28600 0.31203 0.12734 9.39193 0 0 9.83172 9.51943 
28800 0.308677 0.127504 9.20187 0 0 9.63797 9.32893 
29000 0.305324 0.127667 9.0118 0 0 9.44421 9.13843 
29200 0.302106 0.12785 8.83493 0 0 9.26429 8.96165 
29400 0.298894 0.128034 8.65875 0 0 9.0851 8.7856 
29600 0.295693 0.128217 8.48347 0 0 8.90682 8.61049 
29800 0.292582 0.12838 8.31623 0 0 8.73669 8.44395 
30000 0.289472 0.128544 8.14901 0 0 8.56656 8.2774 
30200 0.286419 0.128693 7.98882 0 0 8.4036 8.11731 
30400 0.283475 0.128846 7.83749 0 0 8.24961 7.96633 
30600 0.280532 0.128999 7.68616 0 0 8.09561 7.81535 
30800 0.277638 0.12915 7.53823 0 0 7.94503 7.66764 
31000 0.274858 0.129293 7.39823 0 0 7.80239 7.52758 
31200 0.272078 0.129437 7.25823 0 0 7.65975 7.38752 
31400 0.269339 0.129578 7.12188 0 0 7.52074 7.25115 
31600 0.266695 0.129712 6.99404 0 0 7.39021 7.12342 
31800 0.264051 0.129846 6.86619 0 0 7.25967 6.99569 
32000 0.261426 0.129983 6.73975 0 0 7.13064 6.86939 
32200 0.258877 0.130128 6.61893 0 0 7.00763 6.74881 
32400 0.256328 0.130272 6.49812 0 0 6.88462 6.62823 
32600 0.253793 0.130416 6.37836 0 0 6.76265 6.50869 
32800 0.251381 0.130545 6.26813 0 0 6.65008 6.3985 
33000 0.248969 0.130674 6.1579 0 0 6.53752 6.28831 
33200 0.246557 0.130803 6.04767 0 0 6.42495 6.17812 
33400 0.244253 0.13091 5.94448 0 0 6.3194 6.07495 
33600 0.241961 0.131016 5.84207 0 0 6.21463 5.97255 
33800 0.239669 0.131121 5.73966 0 0 6.10987 5.87016 
34000 0.237432 0.131225 5.64182 0 0 6.00995 5.77252 
34200 0.235224 0.131328 5.54644 0 0 5.91265 5.67745 
34400 0.233017 0.131431 5.45106 0 0 5.81536 5.58237 
34600 0.230853 0.13153 5.35847 0 0 5.7208 5.48998 
34800 0.228771 0.13162 5.27108 0 0 5.63134 5.40259 
35000 0.226689 0.13171 5.18369 0 0 5.54187 5.3152 
35200 0.224606 0.1318 5.0963 0 0 5.45241 5.2278 
35400 0.222586 0.131919 5.01328 0 0 5.36759 5.14512 
35600 0.220568 0.132039 4.93049 0 0 5.28301 5.06268 
35800 0.21855 0.13216 4.8477 0 0 5.19844 4.98024 
36000 0.216611 0.13225 4.76933 0 0 5.11832 4.90201 
36200 0.214735 0.132317 4.69458 0 0 5.04184 4.82722 
36400 0.212859 0.132383 4.61983 0 0 4.96536 4.75243 
36600 0.210983 0.13245 4.54509 0 0 4.88889 4.67765 
36800 0.209169 0.132544 4.47452 0 0 4.81632 4.60708 
37000 0.207355 0.132639 4.40395 0 0 4.74375 4.53651 
37200 0.20554 0.132734 4.33337 0 0 4.67118 4.46594 
37400 0.203765 0.132823 4.26526 0 0 4.60127 4.39783 
37600 0.202037 0.132907 4.20016 0 0 4.53463 4.33272 
37800 0.20031 0.13299 4.13506 0 0 4.46798 4.26762 
38000 0.198582 0.133074 4.06995 0 0 4.40133 4.20252 
38200 0.196935 0.13314 4.00901 0 0 4.33889 4.14175 
38400 0.195307 0.133202 3.9491 0 0 4.27751 4.08207 
38600 0.193679 0.133264 3.88919 0 0 4.21612 4.02239 
38800 0.192053 0.133327 3.82944 0 0 4.1549 3.96286 
39000 0.190453 0.133405 3.7728 0 0 4.09679 3.90621 
39200 0.188853 0.133482 3.71616 0 0 4.03868 3.84957 
39400 0.187252 0.133559 3.65952 0 0 3.98057 3.79292 
39600 0.185691 0.133629 3.60415 0 0 3.92375 3.73758 
39800 0.184219 0.133683 3.55174 0 0 3.86992 3.68526 
40000 0.182748 0.133736 3.49933 0 0 3.8161 3.63294 
40200 0.181311 0.133804 3.44872 0 0 3.76408 3.58286 
40400 0.179883 0.133866 3.39914 0 0 3.71304 3.53354 
40600 0.178466 0.133919 3.35111 0 0 3.66347 3.48537 
40800 0.177049 0.133973 3.30307 0 0 3.6139 3.43719 
41000 0.175632 0.134026 3.25503 0 0 3.56433 3.38902 
41200 0.174239 0.13408 3.20829 0 0 3.51623 3.34228 
41400 0.172875 0.134135 3.16314 0 0 3.46993 3.29731 
41600 0.171512 0.134189 3.11799 0 0 3.42363 3.25233 
41800 0.170148 0.134244 3.07285 0 0 3.37732 3.20736 
42000 0.16882 0.134296 3.02928 0 0 3.3326 3.16391 
42200 0.167537 0.134344 2.98765 0 0 3.2898 3.12234 
42400 0.166254 0.134393 2.94602 0 0 3.24701 3.08076 
42600 0.16497 0.134441 2.90439 0 0 3.20421 3.03918 
42800 0.163702 0.134485 2.86377 0 0 3.16241 2.99859 
43000 0.162464 0.13452 2.82501 0 0 3.12244 2.95983 
43200 0.161226 0.134555 2.78625 0 0 3.08247 2.92108 
43400 0.159987 0.13459 2.74749 0 0 3.0425 2.88232 
43600 0.158766 0.134627 2.70942 0 0 3.00321 2.84424 
43800 0.157616 0.134673 2.67408 0 0 2.96659 2.8089 
44000 0.156466 0.134719 2.63874 0 0 2.92997 2.77356 
44200 0.155316 0.134764 2.6034 0 0 2.89335 2.73821 
44400 0.154166 0.13481 2.56806 0 0 2.85673 2.70287 
44600 0.153039 0.134841 2.53438 0 0 2.82199 2.66916 
44800 0.151915 0.13487 2.50089 0 0 2.78747 2.63564 
45000 0.150791 0.134899 2.4674 0 0 2.75294 2.60211 
45200 0.149667 0.134929 2.4339 0 0 2.71841 2.56858 
45400 0.148585 0.134956 2.40215 0 0 2.68564 2.53683 
45600 0.14753 0.134981 2.37155 0 0 2.65403 2.50625 
45800 0.146476 0.135006 2.34096 0 0 2.62243 2.47568 
46000 0.145422 0.135032 2.31037 0 0 2.59082 2.4451 
46200 0.144374 0.135057 2.28008 0 0 2.55953 2.41484 
46400 0.143368 0.13508 2.25151 0 0 2.53001 2.38632 
46600 0.142362 0.135103 2.22295 0 0 2.50049 2.3578 
46800 0.141356 0.135126 2.19439 0 0 2.47097 2.32928 
47000 0.140349 0.135149 2.16582 0 0 2.44145 2.30076 
47200 0.139375 0.135173 2.13865 0 0 2.41331 2.27357 
47400 0.138418 0.135198 2.11223 0 0 2.3859 2.24711 
47600 0.13746 0.135222 2.0858 0 0 2.35849 2.22064 
47800 0.136503 0.135247 2.05938 0 0 2.33108 2.19418 
48000 0.135548 0.135271 2.03306 0 0 2.30378 2.16782 
48200 0.134637 0.135294 2.00866 0 0 2.27845 2.14362 
48400 0.133726 0.135318 1.98426 0 0 2.25312 2.11942 
48600 0.132816 0.135341 1.95986 0 0 2.22779 2.09522 
48800 0.131905 0.135364 1.93547 0 0 2.20245 2.07102 
49000 0.13101 0.135386 1.91171 0 0 2.17778 2.04735 
49200 0.130143 0.135405 1.88915 0 0 2.15432 2.02466 
49400 0.129276 0.135424 1.86659 0 0 2.13085 2.00197 
49600 0.128408 0.135443 1.84403 0 0 2.10739 1.97929 
49800 0.127541 0.135462 1.82147 0 0 2.08393 1.9566 
50000 0.126703 0.13547 1.79892 0 0 2.06084 1.93457 
50200 0.125884 0.135474 1.77799 0 0 2.03917 1.91365 
50400 0.125065 0.135478 1.75706 0 0 2.01751 1.89273 
50600 0.124246 0.135482 1.73613 0 0 1.99584 1.8718 
50800 0.123428 0.135486 1.7152 0 0 1.97418 1.85088 
51000 0.12263 0.135498 1.69539 0 0 1.95355 1.83106 
51200 0.121841 0.135513 1.67606 0 0 1.93337 1.81173 
51400 0.121053 0.135529 1.65672 0 0 1.91318 1.79239 
51600 0.120264 0.135544 1.63739 0 0 1.893 1.77305 
51800 0.119476 0.13556 1.61806 0 0 1.87281 1.75372 
52000 0.118719 0.135567 1.59963 0 0 1.85365 1.73529 
52200 0.117976 0.13557 1.58158 0 0 1.83494 1.71726 
52400 0.117232 0.135573 1.56354 0 0 1.81622 1.69923 
52600 0.116489 0.135576 1.54549 0 0 1.7975 1.68119 
52800 0.115746 0.135579 1.52744 0 0 1.77878 1.66316 
53000 0.115023 0.135581 1.51034 0 0 1.761 1.64607 
53200 0.114312 0.135582 1.49374 0 0 1.74373 1.62949 
53400 0.1136 0.135583 1.47714 0 0 1.72646 1.61291 
53600 0.112888 0.135583 1.46054 0 0 1.70919 1.59633 
53800 0.112177 0.135584 1.44394 0 0 1.69192 1.57975 
54000 0.111482 0.135585 1.42787 0 0 1.67514 1.56368 
54200 0.110809 0.135585 1.41246 0 0 1.65895 1.54823 
54400 0.110135 0.135586 1.39704 0 0 1.64276 1.53279 
54600 0.109462 0.135586 1.38162 0 0 1.62658 1.51735 
54800 0.108788 0.135586 1.36621 0 0 1.61039 1.5019 
55000 0.10812 0.135587 1.35102 0 0 1.59445 1.48666 
55200 0.107476 0.135588 1.33673 0 0 1.57953 1.47224 
55400 0.106831 0.135588 1.32244 0 0 1.5646 1.45782 
55600 0.106187 0.135589 1.30815 0 0 1.54967 1.4434 
55800 0.105542 0.13559 1.29386 0 0 1.53475 1.42898 
56000 0.104898 0.13559 1.27958 0 0 1.51982 1.41456 
56200 0.104285 0.135587 1.2662 0 0 1.50582 1.40127 
56400 0.103678 0.135584 1.25298 0 0 1.49199 1.38818 
56600 0.10307 0.13558 1.23976 0 0 1.47816 1.37509 
56800 0.102463 0.135577 1.22654 0 0 1.46433 1.362 
57000 0.101855 0.135573 1.21332 0 0 1.4505 1.34891 
57200 0.101257 0.135571 1.20045 0 0 1.43704 1.33613 
57400 0.100677 0.135572 1.18825 0 0 1.42427 1.32392 
57600 0.100097 0.135572 1.17605 0 0 1.41149 1.31172 
57800 0.0995161 0.135572 1.16385 0 0 1.39872 1.29951 
58000 0.0989357 0.135573 1.15164 0 0 1.38595 1.2873 
58200 0.0983552 0.135573 1.13944 0 0 1.37317 1.2751 
58400 0.0977962 0.135559 1.12789 0 0 1.36111 1.26351 
58600 0.0972444 0.135541 1.11657 0 0 1.34927 1.25214 
58800 0.0966926 0.135523 1.10524 0 0 1.33743 1.24076 
59000 0.0961408 0.135504 1.09391 0 0 1.3256 1.22939 
59200 0.095589 0.135486 1.08258 0 0 1.31376 1.21801 
59400 0.0950379 0.135468 1.07128 0 0 1.30195 1.20666 
59600 0.0945019 0.135469 1.06052 0 0 1.29051 1.19585 
59800 0.093966 0.135469 1.04976 0 0 1.27907 1.18504 
60000 0.09343 0.135469 1.039 0 0 1.26763 1.17422 
60200 0.0929126 0.135469 1.02879 0 0 1.25688 1.16418 
60400 0.0923952 0.13547 1.01857 0 0 1.24613 1.15414 
60600 0.0918818 0.135466 1.00847 0 0 1.23551 1.14416 
60800 0.09138 0.135447 0.998711 0 0 1.22526 1.13436 
61000 0.0908783 0.135429 0.988951 0 0 1.21502 1.12456 
61200 0.0903766 0.135411 0.979191 0 0 1.20477 1.11476 
61400 0.0898748 0.135393 0.969431 0 0 1.19453 1.10496 
61600 0.0893731 0.135375 0.959671 0 0 1.18429 1.09516 
61800 0.0888811 0.135357 0.95019 0 0 1.17433 1.08564 
62000 0.0884071 0.13534 0.941226 0 0 1.16492 1.07666 
62200 0.0879331 0.135323 0.932262 0 0 1.1555 1.06767 
62400 0.087459 0.135305 0.923298 0 0 1.14608 1.05868 
62600 0.086985 0.135288 0.914334 0 0 1.13666 1.04969 
62800 0.086511 0.13527 0.90537 0 0 1.12724 1.0407 
63000 0.0860432 0.135254 0.896596 0 0 1.11801 1.03191 
63200 0.0855897 0.135239 0.888263 0 0 1.10921 1.02356 
63400 0.0851362 0.135223 0.879929 0 0 1.1004 1.01521 
63600 0.0846827 0.135208 0.871596 0 0 1.0916 1.00686 
63800 0.0842293 0.135193 0.863263 0 0 1.08279 0.998514 
64000 0.0837758 0.135178 0.85493 0 0 1.07399 0.990165 
64200 0.0833254 0.135163 0.846688 0 0 1.06527 0.981907 
64400 0.0828927 0.135146 0.838965 0 0 1.05708 0.97416 
64600 0.0824601 0.135128 0.831242 0 0 1.04889 0.966412 
64800 0.0820274 0.135111 0.823519 0 0 1.04069 0.958665 
65000 0.0815947 0.135094 0.815796 0 0 1.0325 0.950917 
65200 0.081162 0.135077 0.808073 0 0 1.0243 0.94317 
65400 0.0807294 0.13506 0.80035 0 0 1.01611 0.935423 
65600 0.0803183 0.135043 0.793159 0 0 1.00849 0.928217 
65800 0.0799097 0.135027 0.786026 0 0 1.00093 0.921072 
66000 0.0795011 0.13501 0.778894 0 0 0.993378 0.913926 
66200 0.0790925 0.134993 0.771762 0 0 0.985822 0.906781 
66400 0.0786839 0.134976 0.764629 0 0 0.978266 0.899635 
66600 0.0782753 0.13496 0.757497 0 0 0.97071 0.89249 
66800 0.077877 0.134943 0.750645 0 0 0.963441 0.88562 
67000 0.0774891 0.134927 0.744074 0 0 0.95646 0.879025 
67200 0.0771012 0.13491 0.737504 0 0 0.94948 0.87243 
67400 0.0767132 0.134894 0.730933 0 0 0.942499 0.865835 
67600 0.0763253 0.134878 0.724362 0 0 0.935518 0.85924 
67800 0.0759374 0.134861 0.717791 0 0 0.928537 0.852645 
68000 0.0755494 0.134845 0.711221 0 0 0.921556 0.84605 
68200 0.0751773 0.134814 0.705096 0 0 0.915036 0.839896 
68400 0.074806 0.134781 0.698995 0 0 0.90854 0.833765 
68600 0.0744348 0.134749 0.692894 0 0 0.902044 0.827634 
68800 0.0740635 0.134717 0.686792 0 0 0.895548 0.821503 
69000 0.0736922 0.134685 0.680691 0 0 0.889053 0.815372 
69200 0.073321 0.134653 0.67459 0 0 0.882557 0.809241 
69400 0.072955 0.134625 0.668614 0 0 0.876193 0.803239 
69600 0.0726015 0.134609 0.662929 0 0 0.870137 0.797537 
69800 0.0722479 0.134593 0.657244 0 0 0.864081 0.791836 
70000 0.0718944 0.134577 0.651559 0 0 0.858025 0.786135 
70200 0.0715409 0.134561 0.645874 0 0 0.851969 0.780434 
70400 0.0711873 0.134544 0.640189 0 0 0.845913 0.774732 
70600 0.0708338 0.134528 0.634504 0 0 0.839857 0.769031 
70800 0.07049 0.134504 0.629065 0 0 0.834051 0.763569 
71000 0.0701541 0.134473 0.623828 0 0 0.82845 0.758304 
71200 0.0698183 0.134443 0.618591 0 0 0.822848 0.753038 
71400 0.0694824 0.134412 0.613354 0 0 0.817247 0.747773 
71600 0.0691466 0.134381 0.608117 0 0 0.811646 0.742507 
71800 0.0688107 0.13435 0.60288 0 0 0.806044 0.737241 
72000 0.0684748 0.13432 0.597644 0 0 0.800443 0.731976 
72200 0.0681497 0.134292 0.592668 0 0 0.795111 0.726971 
72400 0.0678303 0.134266 0.587834 0 0 0.789924 0.722107 
72600 0.0675109 0.134241 0.583 0 0 0.784737 0.717242 
72800 0.0671916 0.134215 0.578166 0 0 0.77955 0.712378 
73000 0.0668722 0.134189 0.573331 0 0 0.774363 0.707514 
73200 0.0665528 0.134163 0.568497 0 0 0.769176 0.70265 
73400 0.0662334 0.134137 0.563663 0 0 0.76399 0.697785 
73600 0.0659243 0.134109 0.559049 0 0 0.759037 0.693144 
73800 0.065622 0.134079 0.554583 0 0 0.75424 0.688652 
74000 0.0653197 0.134049 0.550117 0 0 0.749444 0.684159 
74200 0.0650174 0.13402 0.545652 0 0 0.744647 0.679667 
74400 0.064715 0.13399 0.541186 0 0 0.73985 0.675174 
74600 0.0644127 0.13396 0.53672 0 0 0.735054 0.670682 
74800 0.0641104 0.13393 0.532254 0 0 0.730257 0.666189 
75000 0.063813 0.133901 0.527912 0 0 0.725591 0.66182 
75200 0.0635231 0.133871 0.523757 0 0 0.721119 0.657636 
75400 0.0632331 0.133841 0.519602 0 0 0.716647 0.653451 
75600 0.0629431 0.133812 0.515446 0 0 0.712175 0.649267 
75800 0.0626532 0.133782 0.511291 0 0 0.707703 0.645083 
76000 0.0623632 0.133753 0.507136 0 0 0.703231 0.640898 
76200 0.0620732 0.133723 0.502981 0 0 0.698759 0.636714 
76400 0.061785 0.133694 0.498859 0 0 0.694322 0.632564 
76600 0.0615123 0.133665 0.495035 0 0 0.690202 0.628719 
76800 0.0612396 0.133637 0.491212 0 0 0.686081 0.624874 
77000 0.0609669 0.133608 0.487388 0 0 0.681961 0.621028 
77200 0.0606942 0.133579 0.483564 0 0 0.677841 0.617183 
77400 0.0604215 0.133551 0.47974 0 0 0.67372 0.613338 
77600 0.0601489 0.133522 0.475917 0 0 0.6696 0.609493 
77800 0.0598762 0.133494 0.472093 0 0 0.66548 0.605648 
78000 0.0596102 0.133465 0.468437 0 0 0.661526 0.601959 
78200 0.0593487 0.133437 0.464894 0 0 0.657683 0.598374 
78400 0.0590871 0.133408 0.46135 0 0 0.653839 0.594789 
78600 0.0588256 0.13338 0.457807 0 0 0.649996 0.591204 
78800 0.0585641 0.133351 0.454263 0 0 0.646153 0.587619 
79000 0.0583026 0.133323 0.450719 0 0 0.64231 0.584033 
79200 0.058041 0.133294 0.447176 0 0 0.638467 0.580448 
79400 0.0577795 0.133266 0.443632 0 0 0.634624 0.576863 
79600 0.0575277 0.13323 0.44027 0 0 0.631002 0.573476 
79800 0.057276 0.133194 0.436908 0 0 0.627381 0.57009 
80000 0.0570242 0.133158 0.433546 0 0 0.62376 0.566703 
80200 0.0567771 0.133135 0.430311 0 0 0.620231 0.563428 
80400 0.05653 0.133113 0.427076 0 0 0.616702 0.560152 
80600 0.0562829 0.13309 0.42384 0 0 0.613173 0.556877 
80800 0.0560357 0.133067 0.420605 0 0 0.609644 0.553602 
81000 0.0557918 0.13304 0.417422 0 0 0.606175 0.550382 
81200 0.0555572 0.132999 0.414397 0 0 0.602886 0.547329 
81400 0.0553226 0.132958 0.411372 0 0 0.599598 0.544277 
81600 0.055088 0.132918 0.408348 0 0 0.59631 0.541224 
81800 0.0548533 0.132877 0.405323 0 0 0.593022 0.538171 
82000 0.0546187 0.132837 0.402298 0 0 0.589733 0.535119 
82200 0.0543841 0.132796 0.399273 0 0 0.586445 0.532066 
82400 0.0541495 0.132755 0.396248 0 0 0.583157 0.529013 
82600 0.0539178 0.132719 0.393288 0 0 0.579935 0.526023 
82800 0.0536927 0.132692 0.390479 0 0 0.57687 0.523177 
83000 0.0534676 0.132665 0.387671 0 0 0.573805 0.520332 
83200 0.0532425 0.132638 0.384862 0 0 0.570739 0.517486 
83400 0.0530175 0.132611 0.382054 0 0 0.567674 0.51464 
83600 0.0527924 0.132584 0.379245 0 0 0.564609 0.511795 
83800 0.0525673 0.132557 0.376437 0 0 0.561543 0.508949 
84000 0.0523422 0.132531 0.373628 0 0 0.558478 0.506104 
84200 0.0521202 0.132501 0.370876 0 0 0.555469 0.503315 
84400 0.0519073 0.132461 0.368292 0 0 0.552631 0.5007 
84600 0.0516944 0.132422 0.365708 0 0 0.549793 0.498084 
84800 0.0514815 0.132383 0.363123 0 0 0.546955 0.495468 
85000 0.0512687 0.132344 0.360539 0 0 0.544118 0.492852 
85200 0.0510558 0.132305 0.357955 0 0 0.54128 0.490236 
85400 0.0508429 0.132266 0.35537 0 0 0.538442 0.48762 
85600 0.05063 0.132226 0.352786 0 0 0.535604 0.485004 
85800 0.0504171 0.132187 0.350202 0 0 0.532766 0.482388 
86000 0.0502137 0.132151 0.347785 0 0 0.530114 0.479937 
86200 0.0500103 0.132116 0.345368 0 0 0.527463 0.477485 
86400 0.0498068 0.13208 0.34295 0 0 0.524812 0.475033 
86600 0.0496034 0.132044 0.340533 0 0 0.522161 0.472581 
86800 0.0493999 0.132008 0.338116 0 0 0.519509 0.470129 
87000 0.0491965 0.131972 0.335699 0 0 0.516858 0.467678 
87200 0.0489931 0.131936 0.333282 0 0 0.514207 0.465226 
87400 0.0487896 0.1319 0.330864 0 0 0.511556 0.462774 
87600 0.0485932 0.131868 0.328579 0 0 0.509039 0.460452 
87800 0.0484007 0.131839 0.326365 0 0 0.506595 0.458198 
88000 0.0482081 0.131809 0.324151 0 0 0.504151 0.455945 
88200 0.0480156 0.13178 0.321937 0 0 0.501706 0.453692 
88400 0.047823 0.13175 0.319723 0 0 0.499262 0.451439 
88600 0.0476304 0.131721 0.317509 0 0 0.496818 0.449186 
88800 0.0474379 0.131691 0.315295 0 0 0.494374 0.446933 
89000 0.0472453 0.131662 0.313081 0 0 0.49193 0.44468 
89200 0.0470538 0.131631 0.310884 0 0 0.489504 0.442444 
89400 0.0468719 0.131594 0.308836 0 0 0.487241 0.440362 
89600 0.04669 0.131557 0.306789 0 0 0.484979 0.43828 
89800 0.0465082 0.13152 0.304741 0 0 0.482716 0.436198 
90000 0.0463263 0.131483 0.302694 0 0 0.480454 0.434116 
90200 0.0461444 0.131446 0.300646 0 0 0.478191 0.432034 
90400 0.0459625 0.131409 0.298599 0 0 0.475929 0.429952 
90600 0.0457806 0.131371 0.296551 0 0 0.473666 0.42787 
90800 0.0455987 0.131334 0.294503 0 0 0.471403 0.425788 
91000 0.0454196 0.131297 0.292508 0 0 0.469196 0.423761 
91200 0.0452457 0.131261 0.290611 0 0 0.467091 0.421837 
91400 0.0450717 0.131225 0.288714 0 0 0.464986 0.419912 
91600 0.0448977 0.131188 0.286816 0 0 0.462882 0.417987 
91800 0.0447238 0.131152 0.284919 0 0 0.460777 0.416063 
92000 0.0445498 0.131116 0.283022 0 0 0.458672 0.414138 
92200 0.0443759 0.131079 0.281124 0 0 0.456567 0.412213 
92400 0.0442019 0.131043 0.279227 0 0 0.454462 0.410288 
92600 0.0440279 0.131007 0.27733 0 0 0.452357 0.408364 
92800 0.0438577 0.130971 0.275495 0 0 0.450319 0.406495 
93000 0.0436921 0.130935 0.273735 0 0 0.448362 0.404696 
93200 0.0435265 0.130899 0.271976 0 0 0.446404 0.402896 
93400 0.0433609 0.130863 0.270217 0 0 0.444447 0.401096 
93600 0.0431953 0.130827 0.268458 0 0 0.442489 0.399296 
93800 0.0430297 0.130791 0.266699 0 0 0.440532 0.397497 
94000 0.0428641 0.130755 0.26494 0 0 0.438575 0.395697 
94200 0.0426985 0.130719 0.26318 0 0 0.436617 0.393897 
94400 0.0425329 0.130683 0.261421 0 0 0.43466 0.392098 
94600 0.0423709 0.130645 0.259718 0 0 0.432759 0.390355 
94800 0.0422143 0.130602 0.258098 0 0 0.430943 0.388697 
95000 0.0420576 0.130559 0.256478 0 0 0.429126 0.387039 
95200 0.041901 0.130517 0.254859 0 0 0.42731 0.385381 
95400 0.0417443 0.130474 0.253239 0 0 0.425494 0.383723 
95600 0.0415877 0.130431 0.251619 0 0 0.423677 0.382065 
95800 0.0414311 0.130389 0.25 0 0 0.421861 0.380407 
96000 0.0412744 0.130346 0.24838 0 0 0.420045 0.378749 
96200 0.0411178 0.130303 0.24676 0 0 0.418229 0.377091 
96400 0.0409622 0.130262 0.245158 0 0 0.416431 0.37545 
96600 0.0408131 0.130226 0.243656 0 0 0.414741 0.373909 
96800 0.0406639 0.13019 0.242153 0 0 0.413051 0.372367 
97000 0.0405148 0.130154 0.240651 0 0 0.411361 0.370826 
97200 0.0403656 0.130118 0.239148 0 0 0.40967 0.369284 
97400 0.0402165 0.130082 0.237646 0 0 0.40798 0.367742 
97600 0.0400673 0.130046 0.236143 0 0 0.40629 0.366201 
97800 0.0399182 0.13001 0.23464 0 0 0.4046 0.364659 
98000 0.039769 0.129974 0.233138 0 0 0.40291 0.363118 
98200 0.0396199 0.129938 0.231635 0 0 0.40122 0.361576 
98400 0.0394763 0.129902 0.230216 0 0 0.399615 0.360118 
98600 0.0393345 0.129865 0.228824 0 0 0.39804 0.358688 
98800 0.0391928 0.129827 0.227432 0 0 0.396464 0.357258 
99000 0.039051 0.12979 0.22604 0 0 0.394889 0.355828 
99200 0.0389092 0.129753 0.224649 0 0 0.393313 0.354398 
99400 0.0387675 0.129716 0.223257 0 0 0.391738 0.352968 
99600 0.0386257 0.129679 0.221865 0 0 0.390162 0.351538 
99800 0.038484 0.129642 0.220473 0 0 0.388587 0.350108 
100000 0.0383422 0.129605 0.219081 0 0 0.387011 0.348678 
100200 0.0382216 0.129604 0.217934 0 0 0.385727 0.347528 
100400 0.0380833 0.129559 0.216614 0 0 0.384226 0.346164 
100600 0.0379449 0.129513 0.215295 0 0 0.382724 0.344801 
100800 0.0378066 0.129468 0.213976 0 0 0.381223 0.343437 
101000 0.0376682 0.129422 0.212656 0 0 0.379721 0.342074 
101200 0.0375299 0.129377 0.211337 0 0 0.37822 0.34071 
101400 0.0373915 0.129331 0.210018 0 0 0.376718 0.339347 
101600 0.0372531 0.129286 0.208698 0 0 0.375217 0.337983 
101800 0.0371148 0.12924 0.207379 0 0 0.373715 0.33662 
102000 0.0369764 0.129195 0.20606 0 0 0.372214 0.335256 
102200 0.0368436 0.129155 0.204808 0 0 0.370788 0.333965 
102400 0.0367163 0.129121 0.203624 0 0 0.369438 0.332746 
102600 0.036589 0.129088 0.20244 0 0 0.368089 0.331527 
102800 0.0364617 0.129054 0.201256 0 0 0.366739 0.330308 
103000 0.0363345 0.12902 0.200073 0 0 0.365389 0.32909 
103200 0.0362072 0.128986 0.198889 0 0 0.36404 0.327871 
103400 0.0360799 0.128953 0.197705 0 0 0.36269 0.326652 
103600 0.0359526 0.128919 0.196521 0 0 0.36134 0.325433 
103800 0.0358253 0.128885 0.195337 0 0 0.359991 0.324214 
104000 0.035698 0.128851 0.194153 0 0 0.358641 0.322996 
104200 0.0355759 0.128814 0.193029 0 0 0.357356 0.321834 
104400 0.0354589 0.128773 0.191964 0 0 0.356137 0.320729 
104600 0.0353419 0.128732 0.1909 0 0 0.354918 0.319624 
104800 0.0352249 0.12869 0.189835 0 0 0.353699 0.31852 
105000 0.0351079 0.128649 0.188771 0 0 0.35248 0.317415 
105200 0.0349909 0.128608 0.187706 0 0 0.351261 0.31631 
105400 0.0348739 0.128567 0.186642 0 0 0.350042 0.315205 
105600 0.0347569 0.128526 0.185577 0 0 0.348823 0.314101 
105800 0.0346399 0.128485 0.184513 0 0 0.347604 0.312996 
106000 0.0345229 0.128443 0.183448 0 0 0.346385 0.311891 
106200 0.0344059 0.128402 0.182384 0 0 0.345166 0.310787 
106400 0.0342866 0.128363 0.181335 0 0 0.343955 0.309696 
106600 0.0341672 0.128323 0.180287 0 0 0.342744 0.308606 
106800 0.0340479 0.128283 0.179238 0 0 0.341533 0.307515 
107000 0.0339285 0.128244 0.17819 0 0 0.340322 0.306424 
107200 0.0338092 0.128204 0.177141 0 0 0.339112 0.305334 
107400 0.0336899 0.128164 0.176093 0 0 0.337901 0.304243 
107600 0.0335705 0.128125 0.175045 0 0 0.33669 0.303153 
107800 0.0334512 0.128085 0.173996 0 0 0.335479 0.302062 
108000 0.0333318 0.128045 0.172948 0 0 0.334268 0.300972 
108200 0.0332125 0.128006 0.171899 0 0 0.333057 0.299881 
108400 0.0331077 0.127973 0.170993 0 0 0.332017 0.298944 
108600 0.033003 0.12794 0.170086 0 0 0.330976 0.298007 
108800 0.0328982 0.127907 0.16918 0 0 0.329936 0.297069 
109000 0.0327935 0.127874 0.168274 0 0 0.328895 0.296132 
109200 0.0326887 0.127841 0.167367 0 0 0.327855 0.295195 
109400 0.032584 0.127809 0.166461 0 0 0.326814 0.294257 
109600 0.0324792 0.127776 0.165555 0 0 0.325774 0.29332 
109800 0.0323745 0.127743 0.164648 0 0 0.324733 0.292382 
110000 0.0322697 0.12771 0.163742 0 0 0.323693 0.291445 
110200 0.032165 0.127677 0.162836 0 0 0.322652 0.290508 
110400 0.0320602 0.127644 0.161929 0 0 0.321612 0.28957 
110600 0.0319539 0.127602 0.161039 0 0 0.320577 0.288639 
110800 0.0318476 0.12756 0.160148 0 0 0.319543 0.287708 
111000 0.0317412 0.127517 0.159257 0 0 0.318508 0.286777 
111200 0.0316349 0.127475 0.158366 0 0 0.317474 0.285845 
111400 0.0315285 0.127433 0.157475 0 0 0.316439 0.284914 
111600 0.0314222 0.12739 0.156585 0 0 0.315405 0.283983 
111800 0.0313158 0.127348 0.155694 0 0 0.31437 0.283052 
112000 0.0312095 0.127306 0.154803 0 0 0.313336 0.282121 
112200 0.0311032 0.127263 0.153912 0 0 0.312301 0.28119 
112400 0.0309968 0.127221 0.153022 0 0 0.311267 0.280258 
112600 0.0308947 0.127181 0.152178 0 0 0.310282 0.279375 
112800 0.0307967 0.127143 0.151382 0 0 0.309346 0.278539 
113000 0.0306987 0.127105 0.150586 0 0 0.30841 0.277704 
113200 0.0306008 0.127068 0.149789 0 0 0.307474 0.276868 
113400 0.0305028 0.12703 0.148993 0 0 0.306538 0.276033 
113600 0.0304048 0.126992 0.148197 0 0 0.305602 0.275197 
113800 0.0303069 0.126955 0.1474 0 0 0.304666 0.274361 
114000 0.0302089 0.126917 0.146604 0 0 0.30373 0.273526 
114200 0.030111 0.126879 0.145808 0 0 0.302794 0.27269 
114400 0.030013 0.126842 0.145012 0 0 0.301858 0.271854 
114600 0.029915 0.126804 0.144215 0 0 0.300922 0.271019 
114800 0.0298205 0.126767 0.143456 0 0 0.300027 0.270218 
115000 0.0297294 0.126729 0.142735 0 0 0.299175 0.269452 
115200 0.0296384 0.126691 0.142013 0 0 0.298323 0.268685 
115400 0.0295473 0.126654 0.141291 0 0 0.29747 0.267919 
115600 0.0294562 0.126616 0.140569 0 0 0.296618 0.267153 
115800 0.0293651 0.126578 0.139847 0 0 0.295765 0.266387 
116000 0.029274 0.126541 0.139126 0 0 0.294913 0.26562 
116200 0.029183 0.126503 0.138404 0 0 0.29406 0.264854 
116400 0.0290919 0.126466 0.137682 0 0 0.293208 0.264088 
116600 0.0290008 0.126428 0.13696 0 0 0.292355 0.263322 
116800 0.0289097 0.12639 0.136239 0 0 0.291503 0.262555 
117000 0.0288187 0.126353 0.135517 0 0 0.29065 0.261789 
117200 0.0287269 0.126307 0.134805 0 0 0.289806 0.261044 
117400 0.0286352 0.126261 0.134094 0 0 0.288963 0.260299 
117600 0.0285435 0.126215 0.133382 0 0 0.288119 0.259554 
117800 0.0284518 0.12617 0.132671 0 0 0.287275 0.258809 
118000 0.0283601 0.126124 0.131959 0 0 0.286431 0.258064 
118200 0.0282684 0.126078 0.131247 0 0 0.285588 0.25732 
118400 0.0281766 0.126032 0.130536 0 0 0.284744 0.256575 
118600 0.0280849 0.125987 0.129824 0 0 0.2839 0.25583 
118800 0.0279932 0.125941 0.129113 0 0 0.283056 0.255085 
119000 0.0279015 0.125895 0.128401 0 0 0.282213 0.25434 
119200 0.0278098 0.125849 0.127689 0 0 0.281369 0.253595 
119400 0.0277284 0.125812 0.127075 0 0 0.280636 0.252938 
119600 0.027647 0.125775 0.12646 0 0 0.279904 0.252281 
119800 0.0275657 0.125738 0.125845 0 0 0.279172 0.251624 
120000 0.0274843 0.1257 0.12523 0 0 0.278439 0.250967 
120200 0.0274029 0.125663 0.124615 0 0 0.277707 0.25031 
120400 0.0273216 0.125626 0.124001 0 0 0.276974 0.249653 
120600 0.0272402 0.125589 0.123386 0 0 0.276242 0.248996 
120800 0.0271588 0.125552 0.122771 0 0 0.275509 0.248339 
121000 0.0270775 0.125514 0.122156 0 0 0.274777 0.247682 
121200 0.0269961 0.125477 0.121541 0 0 0.274045 0.247025 
121400 0.0269147 0.12544 0.120927 0 0 0.273312 0.246368 
121600 0.0268334 0.125403 0.120312 0 0 0.27258 0.245711 
121800 0.0267548 0.125367 0.119734 0 0 0.271887 0.245096 
122000 0.0266761 0.12533 0.119156 0 0 0.271194 0.244481 
122200 0.0265975 0.125294 0.118579 0 0 0.270501 0.243867 
122400 0.0265189 0.125258 0.118001 0 0 0.269808 0.243252 
122600 0.0264403 0.125222 0.117423 0 0 0.269115 0.242637 
122800 0.0263617 0.125186 0.116845 0 0 0.268422 0.242022 
123000 0.0262831 0.12515 0.116268 0 0 0.267729 0.241407 
123200 0.0262045 0.125113 0.11569 0 0 0.267036 0.240792 
123400 0.0261259 0.125077 0.115112 0 0 0.266343 0.240178 
123600 0.0260473 0.125041 0.114534 0 0 0.26565 0.239563 
123800 0.0259687 0.125005 0.113957 0 0 0.264957 0.238948 
124000 0.0258901 0.124969 0.113379 0 0 0.264264 0.238333 
124200 0.0258143 0.12493 0.112833 0 0 0.263598 0.237749 
124400 0.0257385 0.124891 0.112288 0 0 0.262933 0.237165 
124600 0.0256628 0.124852 0.111743 0 0 0.262268 0.236581 
124800 0.025587 0.124813 0.111198 0 0 0.261603 0.235996 
125000 0.0255112 0.124774 0.110652 0 0 0.260937 0.235412 
125200 0.0254355 0.124736 0.110107 0 0 0.260272 0.234828 
125400 0.0253597 0.124697 0.109562 0 0 0.259607 0.234244 
125600 0.025284 0.124658 0.109016 0 0 0.258942 0.23366 
125800 0.0252082 0.124619 0.108471 0 0 0.258276 0.233075 
126000 0.0251324 0.12458 0.107926 0 0 0.257611 0.232491 
126200 0.0250567 0.124541 0.10738 0 0 0.256946 0.231907 
126400 0.0249809 0.124502 0.106835 0 0 0.25628 0.231323 
126600 0.0249077 0.124459 0.106322 0 0 0.255658 0.230768 
126800 0.0248345 0.124416 0.105809 0 0 0.255035 0.230214 
127000 0.0247612 0.124372 0.105296 0 0 0.254413 0.229659 
127200 0.024688 0.124329 0.104783 0 0 0.25379 0.229105 
127400 0.0246148 0.124286 0.10427 0 0 0.253167 0.22855 
127600 0.0245416 0.124243 0.103758 0 0 0.252545 0.227996 
127800 0.0244683 0.124199 0.103245 0 0 0.251922 0.227441 
128000 0.0243951 0.124156 0.102732 0 0 0.251299 0.226887 
128200 0.0243219 0.124113 0.102219 0 0 0.250677 0.226332 
128400 0.0242487 0.124069 0.101706 0 0 0.250054 0.225778 
128600 0.0241754 0.124026 0.101193 0 0 0.249431 0.225223 
128800 0.0241022 0.123983 0.10068 0 0 0.248809 0.224669 
129000 0.0240365 0.123949 0.100233 0 0 0.248257 0.224185 
129200 0.0239708 0.123916 0.0997869 0 0 0.247706 0.2237 
129400 0.0239051 0.123882 0.0993405 0 0 0.247154 0.223216 
129600 0.0238394 0.123849 0.098894 0 0 0.246603 0.222732 
129800 0.0237737 0.123816 0.0984475 0 0 0.246051 0.222248 
130000 0.023708 0.123782 0.0980011 0 0 0.2455 0.221764 
130200 0.0236423 0.123749 0.0975546 0 0 0.244948 0.22128 
130400 0.0235766 0.123715 0.0971081 0 0 0.244396 0.220796 
130600 0.0235109 0.123682 0.0966617 0 0 0.243845 0.220311 
130800 0.0234452 0.123649 0.0962152 0 0 0.243293 0.219827 
131000 0.0233795 0.123615 0.0957688 0 0 0.242742 0.219343 
131200 0.0233137 0.123582 0.0953223 0 0 0.24219 0.218859 
131400 0.023248 0.123548 0.0948758 0 0 0.241639 0.218375 
131600 0.0231823 0.123507 0.0944387 0 0 0.241098 0.217897 
131800 0.0231165 0.123465 0.0940016 0 0 0.240558 0.217419 
132000 0.0230507 0.123424 0.0935645 0 0 0.240017 0.216942 
132200 0.022985 0.123383 0.0931274 0 0 0.239477 0.216464 
132400 0.0229192 0.123341 0.0926902 0 0 0.238936 0.215986 
132600 0.0228534 0.1233 0.0922531 0 0 0.238396 0.215508 
132800 0.0227877 0.123258 0.091816 0 0 0.237855 0.21503 
133000 0.0227219 0.123217 0.0913789 0 0 0.237315 0.214553 
133200 0.0226561 0.123176 0.0909418 0 0 0.236774 0.214075 
133400 0.0225903 0.123134 0.0905047 0 0 0.236234 0.213597 
133600 0.0225246 0.123093 0.0900675 0 0 0.235693 0.213119 
133800 0.0224588 0.123051 0.0896304 0 0 0.235153 0.212641 
134000 0.0223966 0.123011 0.0892208 0 0 0.234643 0.212194 
134200 0.022338 0.12297 0.0888386 0 0 0.234164 0.211776 
134400 0.0222794 0.12293 0.0884565 0 0 0.233684 0.211359 
134600 0.0222208 0.12289 0.0880743 0 0 0.233205 0.210941 
134800 0.0221622 0.12285 0.0876921 0 0 0.232726 0.210524 
135000 0.0221036 0.12281 0.0873099 0 0 0.232247 0.210106 
135200 0.022045 0.12277 0.0869278 0 0 0.231767 0.209689 
135400 0.0219864 0.12273 0.0865456 0 0 0.231288 0.209271 
135600 0.0219278 0.12269 0.0861634 0 0 0.230809 0.208854 
135800 0.0218692 0.12265 0.0857813 0 0 0.23033 0.208436 
136000 0.0218105 0.12261 0.0853991 0 0 0.22985 0.208019 
136200 0.0217519 0.12257 0.0850169 0 0 0.229371 0.207601 
136400 0.0216933 0.12253 0.0846348 0 0 0.228892 0.207184 
136600 0.0216347 0.122489 0.0842526 0 0 0.228412 0.206766 
136800 0.0215757 0.122455 0.0838789 0 0 0.227938 0.206352 
137000 0.0215166 0.12242 0.0835052 0 0 0.227464 0.205938 
137200 0.0214576 0.122385 0.0831315 0 0 0.22699 0.205524 
137400 0.0213985 0.122351 0.0827578 0 0 0.226516 0.20511 
137600 0.0213395 0.122316 0.0823841 0 0 0.226042 0.204696 
137800 0.0212804 0.122282 0.0820104 0 0 0.225568 0.204282 
138000 0.0212214 0.122247 0.0816367 0 0 0.225094 0.203868 
138200 0.0211623 0.122212 0.0812629 0 0 0.22462 0.203454 
138400 0.0211032 0.122178 0.0808892 0 0 0.224146 0.20304 
138600 0.0210442 0.122143 0.0805155 0 0 0.223672 0.202626 
138800 0.0209851 0.122108 0.0801418 0 0 0.223198 0.202212 
139000 0.0209261 0.122074 0.0797681 0 0 0.222724 0.201797 
139200 0.020867 0.122039 0.0793944 0 0 0.22225 0.201383 
139400 0.0208119 0.121999 0.0790559 0 0 0.221818 0.201009 
139600 0.0207568 0.121959 0.0787173 0 0 0.221387 0.200635 
139800 0.0207017 0.121919 0.0783788 0 0 0.220955 0.200261 
140000 0.0206466 0.12188 0.0780403 0 0 0.220523 0.199887 
140200 0.0205915 0.12184 0.0777017 0 0 0.220092 0.199513 
140400 0.0205364 0.1218 0.0773632 0 0 0.21966 0.199138 
140600 0.0204812 0.12176 0.0770247 0 0 0.219228 0.198764 
140800 0.0204261 0.12172 0.0766861 0 0 0.218796 0.19839 
141000 0.020371 0.121681 0.0763476 0 0 0.218365 0.198016 
141200 0.0203159 0.121641 0.0760091 0 0 0.217933 0.197642 
141400 0.0202608 0.121601 0.0756705 0 0 0.217501 0.197268 
141600 0.0202057 0.121561 0.075332 0 0 0.21707 0.196893 
141800 0.0201506 0.121521 0.0749935 0 0 0.216638 0.196519 
142000 0.0200975 0.121483 0.0746703 0 0 0.216226 0.196159 
142200 0.0200465 0.121446 0.0743624 0 0 0.215833 0.195814 
142400 0.0199954 0.121408 0.0740546 0 0 0.215441 0.195469 
142600 0.0199444 0.121371 0.0737467 0 0 0.215048 0.195124 
142800 0.0198934 0.121334 0.0734389 0 0 0.214656 0.194778 
143000 0.0198424 0.121296 0.073131 0 0 0.214264 0.194433 
143200 0.0197913 0.121259 0.0728232 0 0 0.213871 0.194088 
143400 0.0197403 0.121222 0.0725153 0 0 0.213479 0.193742 
143600 0.0196893 0.121185 0.0722075 0 0 0.213086 0.193397 
143800 0.0196383 0.121147 0.0718996 0 0 0.212694 0.193052 
144000 0.0195872 0.12111 0.0715918 0 0 0.212301 0.192707 
144200 0.0195362 0.121073 0.0712839 0 0 0.211909 0.192361 
144400 0.0194852 0.121036 0.0709761 0 0 0.211517 0.192016 
144600 0.0194342 0.120998 0.0706682 0 0 0.211124 0.191671 
144800 0.019384 0.12096 0.0703693 0 0 0.210738 0.191334 
145000 0.0193346 0.12092 0.0700794 0 0 0.210358 0.191006 
145200 0.0192852 0.120881 0.0697894 0 0 0.209979 0.190679 
145400 0.0192358 0.120841 0.0694995 0 0 0.209599 0.190351 
145600 0.0191865 0.120802 0.0692096 0 0 0.209219 0.190023 
145800 0.0191371 0.120762 0.0689196 0 0 0.208839 0.189695 
146000 0.0190877 0.120723 0.0686297 0 0 0.208459 0.189368 
146200 0.0190384 0.120683 0.0683397 0 0 0.20808 0.18904 
146400 0.018989 0.120644 0.0680498 0 0 0.2077 0.188712 
146600 0.0189396 0.120604 0.0677599 0 0 0.20732 0.188384 
146800 0.0188903 0.120565 0.0674699 0 0 0.20694 0.188057 
147000 0.0188409 0.120525 0.06718 0 0 0.20656 0.187729 
147200 0.0187915 0.120486 0.06689 0 0 0.206181 0.187401 
147400 0.0187422 0.120446 0.0666001 0 0 0.205801 0.187073 
147600 0.0186947 0.120409 0.0663245 0 0 0.205441 0.186762 
147800 0.0186491 0.120374 0.0660633 0 0 0.205101 0.186467 
148000 0.0186036 0.120339 0.0658021 0 0 0.204761 0.186172 
148200 0.018558 0.120305 0.0655408 0 0 0.204421 0.185877 
148400 0.0185125 0.12027 0.0652796 0 0 0.204081 0.185582 
148600 0.0184669 0.120235 0.0650184 0 0 0.203741 0.185287 
148800 0.0184213 0.120201 0.0647572 0 0 0.203401 0.184992 
149000 0.0183758 0.120166 0.064496 0 0 0.203061 0.184697 
149200 0.0183302 0.120131 0.0642347 0 0 0.202721 0.184402 
149400 0.0182846 0.120096 0.0639735 0 0 0.202381 0.184107 
149600 0.0182391 0.120062 0.0637123 0 0 0.202041 0.183812 
149800 0.0181935 0.120027 0.0634511 0 0 0.201702 0.183517 
150000 0.018148 0.119992 0.0631898 0 0 0.201362 0.183222 
150200 0.0180989 0.119938 0.0629119 0 0 0.20097 0.182886 
150400 0.0180499 0.119885 0.062634 0 0 0.200579 0.18255 
150600 0.0180068 0.11985 0.062394 0 0 0.200259 0.182274 
150800 0.0179637 0.119815 0.0621541 0 0 0.19994 0.181998 
151000 0.0179206 0.11978 0.0619142 0 0 0.19962 0.181722 
151200 0.0178776 0.119746 0.0616742 0 0 0.1993 0.181446 
151400 0.0178345 0.119711 0.0614343 0 0 0.198981 0.18117 
151600 0.0177914 0.119676 0.0611943 0 0 0.198661 0.180894 
151800 0.0177483 0.119641 0.0609544 0 0 0.198341 0.180618 
152000 0.0177052 0.119607 0.0607144 0 0 0.198022 0.180342 
152200 0.0176621 0.119572 0.0604745 0 0 0.197702 0.180066 
152400 0.017619 0.119537 0.0602345 0 0 0.197382 0.17979 
152600 0.017576 0.119502 0.0599946 0 0 0.197063 0.179514 
152800 0.0175329 0.119467 0.0597546 0 0 0.196743 0.179238 
153000 0.0174898 0.119433 0.0595147 0 0 0.196423 0.178962 
153200 0.0174467 0.119398 0.0592747 0 0 0.196104 0.178686 
153400 0.0174036 0.119363 0.0590348 0 0 0.195784 0.17841 
153600 0.0173624 0.119326 0.0588086 0 0 0.19548 0.178145 
153800 0.0173212 0.119289 0.0585824 0 0 0.195176 0.17788 
154000 0.01728 0.119252 0.0583561 0 0 0.194872 0.177615 
154200 0.0172388 0.119215 0.0581299 0 0 0.194567 0.17735 
154400 0.0171975 0.119179 0.0579037 0 0 0.194263 0.177085 
154600 0.0171563 0.119142 0.0576775 0 0 0.193959 0.17682 
154800 0.0171151 0.119105 0.0574513 0 0 0.193655 0.176555 
155000 0.0170739 0.119068 0.057225 0 0 0.193351 0.176289 
155200 0.0170327 0.119031 0.0569988 0 0 0.193047 0.176024 
155400 0.0169915 0.118994 0.0567726 0 0 0.192742 0.175759 
155600 0.0169502 0.118957 0.0565464 0 0 0.192438 0.175494 
155800 0.016909 0.11892 0.0563201 0 0 0.192134 0.175229 
156000 0.0168678 0.118883 0.0560939 0 0 0.19183 0.174964 
156200 0.0168266 0.118846 0.0558677 0 0 0.191526 0.174699 
156400 0.0167854 0.118809 0.0556415 0 0 0.191221 0.174433 
156600 0.0167453 0.118773 0.0554284 0 0 0.190933 0.174188 
156800 0.0167053 0.118737 0.0552152 0 0 0.190645 0.173942 
157000 0.0166652 0.118701 0.0550021 0 0 0.190358 0.173696 
157200 0.0166252 0.118665 0.054789 0 0 0.19007 0.17345 
157400 0.0165851 0.118628 0.0545758 0 0 0.189782 0.173204 
157600 0.0165451 0.118592 0.0543627 0 0 0.189494 0.172959 
157800 0.0165051 0.118556 0.0541496 0 0 0.189206 0.172713 
158000 0.016465 0.11852 0.0539364 0 0 0.188918 0.172467 
158200 0.016425 0.118484 0.0537233 0 0 0.18863 0.172221 
158400 0.0163849 0.118447 0.0535102 0 0 0.188342 0.171976 
158600 0.0163449 0.118411 0.053297 0 0 0.188054 0.17173 
158800 0.0163048 0.118375 0.0530839 0 0 0.187766 0.171484 
159000 0.0162648 0.118339 0.0528708 0 0 0.187478 0.171238 
159200 0.0162247 0.118303 0.0526576 0 0 0.18719 0.170992 
159400 0.0161847 0.118266 0.0524445 0 0 0.186902 0.170747 
159600 0.0161471 0.118231 0.0522503 0 0 0.186635 0.170516 
159800 0.0161096 0.118195 0.0520562 0 0 0.186369 0.170284 
160000 0.016072 0.118159 0.051862 0 0 0.186102 0.170053 
160200 0.0160345 0.118123 0.0516678 0 0 0.185836 0.169822 
160400 0.0159969 0.118088 0.0514736 0 0 0.185569 0.169591 
160600 0.0159594 0.118052 0.0512794 0 0 0.185303 0.16936 
160800 0.0159218 0.118016 0.0510853 0 0 0.185036 0.169129 
161000 0.0158843 0.11798 0.0508911 0 0 0.18477 0.168898 
161200 0.0158467 0.117945 0.0506969 0 0 0.184503 0.168667 
161400 0.0158092 0.117909 0.0505027 0 0 0.184237 0.168435 
161600 0.0157716 0.117873 0.0503086 0 0 0.183971 0.168204 
161800 0.015734 0.117838 0.0501144 0 0 0.183704 0.167973 
162000 0.0156965 0.117802 0.0499202 0 0 0.183438 0.167742 
162200 0.0156589 0.117766 0.049726 0 0 0.183171 0.167511 
162400 0.0156214 0.11773 0.0495319 0 0 0.182905 0.16728 
162600 0.0155851 0.117696 0.0493461 0 0 0.182647 0.167058 
162800 0.01555 0.117662 0.0491686 0 0 0.182399 0.166844 
163000 0.015515 0.117628 0.0489912 0 0 0.18215 0.166631 
163200 0.01548 0.117594 0.0488138 0 0 0.181902 0.166418 
163400 0.0154449 0.11756 0.0486364 0 0 0.181654 0.166204 
163600 0.0154099 0.117526 0.0484589 0 0 0.181405 0.165991 
163800 0.0153749 0.117492 0.0482815 0 0 0.181157 0.165777 
164000 0.0153398 0.117458 0.0481041 0 0 0.180909 0.165564 
164200 0.0153048 0.117424 0.0479267 0 0 0.18066 0.165351 
164400 0.0152697 0.11739 0.0477492 0 0 0.180412 0.165137 
164600 0.0152347 0.117356 0.0475718 0 0 0.180164 0.164924 
164800 0.0151997 0.117322 0.0473944 0 0 0.179915 0.164711 
165000 0.0151646 0.117288 0.047217 0 0 0.179667 0.164497 
165200 0.0151296 0.117254 0.0470395 0 0 0.179419 0.164284 
165400 0.0150945 0.11722 0.0468621 0 0 0.17917 0.16407 
165600 0.0150595 0.117186 0.0466847 0 0 0.178922 0.163857 
165800 0.0150256 0.11715 0.0465151 0 0 0.178682 0.163651 
166000 0.014993 0.117113 0.0463535 0 0 0.17845 0.163451 
166200 0.0149603 0.117075 0.0461918 0 0 0.178218 0.163251 
166400 0.0149277 0.117037 0.0460301 0 0 0.177986 0.163052 
166600 0.014895 0.116999 0.0458684 0 0 0.177754 0.162852 
166800 0.0148624 0.116961 0.0457067 0 0 0.177522 0.162653 
167000 0.0148297 0.116923 0.0455451 0 0 0.17729 0.162453 
167200 0.0147971 0.116885 0.0453834 0 0 0.177058 0.162254 
167400 0.0147644 0.116847 0.0452217 0 0 0.176826 0.162054 
167600 0.0147318 0.116809 0.04506 0 0 0.176595 0.161854 
167800 0.0146991 0.116771 0.0448983 0 0 0.176363 0.161655 
168000 0.0146665 0.116733 0.0447367 0 0 0.176131 0.161455 
168200 0.0146338 0.116695 0.044575 0 0 0.175899 0.161256 
168400 0.0146012 0.116657 0.0444133 0 0 0.175667 0.161056 
168600 0.0145685 0.116619 0.0442516 0 0 0.175435 0.160856 
168800 0.0145358 0.116581 0.04409 0 0 0.175203 0.160657 
169000 0.0145032 0.116543 0.0439283 0 0 0.174971 0.160457 
169200 0.0144714 0.11651 0.0437758 0 0 0.174755 0.16027 
169400 0.0144397 0.116478 0.0436233 0 0 0.174539 0.160083 
169600 0.0144079 0.116445 0.0434707 0 0 0.174324 0.159896 
169800 0.0143761 0.116413 0.0433182 0 0 0.174108 0.159709 
170000 0.0143444 0.11638 0.0431657 0 0 0.173892 0.159521 
170200 0.0143126 0.116348 0.0430132 0 0 0.173676 0.159334 
170400 0.0142809 0.116315 0.0428607 0 0 0.17346 0.159147 
170600 0.0142491 0.116282 0.0427082 0 0 0.173244 0.15896 
170800 0.0142173 0.11625 0.0425557 0 0 0.173028 0.158773 
171000 0.0141856 0.116217 0.0424032 0 0 0.172812 0.158586 
171200 0.0141538 0.116185 0.0422507 0 0 0.172596 0.158398 
171400 0.0141221 0.116152 0.0420982 0 0 0.17238 0.158211 
171600 0.0140903 0.116119 0.0419457 0 0 0.172165 0.158024 
171800 0.0140585 0.116087 0.0417932 0 0 0.171949 0.157837 
172000 0.0140268 0.116054 0.0416407 0 0 0.171733 0.15765 
172200 0.013995 0.116022 0.0414882 0 0 0.171517 0.157463 
172400 0.013964 0.115986 0.0413402 0 0 0.171303 0.157282 
172600 0.0139339 0.115948 0.0411967 0 0 0.171091 0.157107 
172800 0.0139037 0.11591 0.0410532 0 0 0.170879 0.156932 
173000 0.0138735 0.115872 0.0409098 0 0 0.170667 0.156757 
173200 0.0138434 0.115833 0.0407663 0 0 0.170455 0.156582 
173400 0.0138132 0.115795 0.0406229 0 0 0.170243 0.156407 
173600 0.013783 0.115757 0.0404794 0 0 0.170031 0.156232 
173800 0.0137529 0.115719 0.0403359 0 0 0.169819 0.156057 
174000 0.0137227 0.115681 0.0401925 0 0 0.169607 0.155882 
174200 0.0136926 0.115642 0.040049 0 0 0.169395 0.155707 
174400 0.0136624 0.115604 0.0399056 0 0 0.169183 0.155532 
174600 0.0136322 0.115566 0.0397621 0 0 0.168971 0.155357 
174800 0.0136021 0.115528 0.0396186 0 0 0.168759 0.155182 
175000 0.0135719 0.115489 0.0394752 0 0 0.168547 0.155007 
175200 0.0135417 0.115451 0.0393317 0 0 0.168335 0.154832 
175400 0.0135116 0.115413 0.0391882 0 0 0.168123 0.154657 
175600 0.0134814 0.115375 0.0390448 0 0 0.167911 0.154483 
175800 0.0134533 0.115343 0.0389168 0 0 0.167724 0.15432 
176000 0.0134253 0.115311 0.0387889 0 0 0.167536 0.154158 
176200 0.0133972 0.115279 0.038661 0 0 0.167348 0.153995 
176400 0.0133692 0.115247 0.038533 0 0 0.16716 0.153833 
176600 0.0133411 0.115216 0.0384051 0 0 0.166973 0.15367 
176800 0.0133131 0.115184 0.0382772 0 0 0.166785 0.153508 
177000 0.013285 0.115152 0.0381492 0 0 0.166597 0.153345 
177200 0.013257 0.11512 0.0380213 0 0 0.16641 0.153183 
177400 0.0132289 0.115088 0.0378934 0 0 0.166222 0.15302 
177600 0.0132009 0.115056 0.0377654 0 0 0.166034 0.152858 
177800 0.0131728 0.115024 0.0376375 0 0 0.165846 0.152695 
178000 0.0131448 0.114993 0.0375096 0 0 0.165659 0.152533 
178200 0.0131167 0.114961 0.0373816 0 0 0.165471 0.152371 
178400 0.0130887 0.114929 0.0372537 0 0 0.165283 0.152208 
178600 0.0130606 0.114897 0.0371258 0 0 0.165096 0.152046 
178800 0.0130326 0.114865 0.0369978 0 0 0.164908 0.151883 
179000 0.0130045 0.114833 0.0368699 0 0 0.16472 0.151721 
179200 0.0129773 0.114799 0.036746 0 0 0.164535 0.151562 
179400 0.0129508 0.114764 0.0366261 0 0 0.164352 0.151406 
179600 0.0129243 0.114728 0.0365062 0 0 0.16417 0.15125 
179800 0.0128977 0.114692 0.0363863 0 0 0.163987 0.151094 
180000 0.0128712 0.114656 0.0362664 0 0 0.163805 0.150938 
180200 0.0128447 0.11462 0.0361465 0 0 0.163622 0.150783 
180400 0.0128182 0.114584 0.0360266 0 0 0.16344 0.150627 
180600 0.0127917 0.114548 0.0359067 0 0 0.163257 0.150471 
180800 0.0127652 0.114512 0.0357868 0 0 0.163074 0.150315 
181000 0.0127387 0.114476 0.0356669 0 0 0.162892 0.15016 
181200 0.0127122 0.11444 0.035547 0 0 0.162709 0.150004 
181400 0.0126857 0.114404 0.0354271 0 0 0.162527 0.149848 
181600 0.0126592 0.114368 0.0353072 0 0 0.162344 0.149692 
181800 0.0126327 0.114333 0.0351872 0 0 0.162161 0.149536 
182000 0.0126062 0.114297 0.0350673 0 0 0.161979 0.149381 
182200 0.0125796 0.114261 0.0349474 0 0 0.161796 0.149225 
182400 0.0125531 0.114225 0.0348275 0 0 0.161614 0.149069 
182600 0.0125266 0.114189 0.0347076 0 0 0.161431 0.148913 
182800 0.0125005 0.114157 0.0345942 0 0 0.161258 0.148768 
183000 0.0124743 0.114125 0.0344807 0 0 0.161084 0.148623 
183200 0.0124482 0.114093 0.0343673 0 0 0.160911 0.148478 
183400 0.012422 0.11406 0.0342538 0 0 0.160737 0.148333 
183600 0.0123959 0.114028 0.0341403 0 0 0.160564 0.148188 
183800 0.0123697 0.113996 0.0340269 0 0 0.160391 0.148043 
184000 0.0123436 0.113964 0.0339134 0 0 0.160217 0.147898 
184200 0.0123174 0.113932 0.0338 0 0 0.160044 0.147753 
184400 0.0122913 0.1139 0.0336865 0 0 0.159871 0.147607 
184600 0.0122651 0.113868 0.033573 0 0 0.159697 0.147462 
184800 0.012239 0.113836 0.0334596 0 0 0.159524 0.147317 
185000 0.0122128 0.113804 0.0333461 0 0 0.159351 0.147172 
185200 0.0121867 0.113772 0.0332327 0 0 0.159177 0.147027 
185400 0.0121605 0.11374 0.0331192 0 0 0.159004 0.146882 
185600 0.0121344 0.113707 0.0330057 0 0 0.15883 0.146737 
185800 0.0121082 0.113675 0.0328923 0 0 0.158657 0.146592 
186000 0.012082 0.113643 0.0327788 0 0 0.158484 0.146447 
186200 0.0120573 0.11361 0.0326718 0 0 0.15832 0.146307 
186400 0.012034 0.113576 0.0325713 0 0 0.158165 0.146173 
186600 0.0120106 0.113542 0.0324708 0 0 0.15801 0.146039 
186800 0.0119873 0.113508 0.0323702 0 0 0.157855 0.145905 
187000 0.011964 0.113474 0.0322697 0 0 0.1577 0.145771 
187200 0.0119406 0.11344 0.0321692 0 0 0.157545 0.145637 
187400 0.0119173 0.113406 0.0320686 0 0 0.157391 0.145503 
187600 0.011894 0.113372 0.0319681 0 0 0.157236 0.145369 
187800 0.0118706 0.113338 0.0318675 0 0 0.157081 0.145235 
188000 0.0118473 0.113303 0.031767 0 0 0.156926 0.145101 
188200 0.011824 0.113269 0.0316665 0 0 0.156771 0.144967 
188400 0.0118006 0.113235 0.0315659 0 0 0.156617 0.144833 
188600 0.0117773 0.113201 0.0314654 0 0 0.156462 0.144699 
188800 0.011754 0.113167 0.0313649 0 0 0.156307 0.144565 
189000 0.0117306 0.113133 0.0312643 0 0 0.156152 0.144431 
189200 0.0117073 0.113099 0.0311638 0 0 0.155997 0.144297 
189400 0.011684 0.113065 0.0310633 0 0 0.155842 0.144163 
189600 0.0116606 0.113031 0.0309627 0 0 0.155688 0.144029 
189800 0.0116373 0.112997 0.0308622 0 0 0.155533 0.143895 
190000 0.0116143 0.112966 0.0307669 0 0 0.15538 0.143766 
190200 0.0115913 0.112936 0.0306716 0 0 0.155228 0.143637 
190400 0.0115683 0.112905 0.0305764 0 0 0.155075 0.143508 
190600 0.0115453 0.112875 0.0304811 0 0 0.154923 0.143379 
190800 0.0115222 0.112844 0.0303858 0 0 0.154771 0.14325 
191000 0.0114992 0.112813 0.0302906 0 0 0.154618 0.143121 
191200 0.0114762 0.112783 0.0301953 0 0 0.154466 0.142992 
191400 0.0114532 0.112752 0.0301 0 0 0.154313 0.142863 
191600 0.0114302 0.112722 0.0300047 0 0 0.154161 0.142734 
191800 0.0114072 0.112691 0.0299095 0 0 0.154009 0.142606 
192000 0.0113842 0.112661 0.0298142 0 0 0.153856 0.142477 
192200 0.0113611 0.11263 0.0297189 0 0 0.153704 0.142348 
192400 0.0113381 0.1126 0.0296236 0 0 0.153551 0.142219 
192600 0.0113151 0.112569 0.0295284 0 0 0.153399 0.14209 
192800 0.0112921 0.112538 0.0294331 0 0 0.153246 0.141961 
193000 0.0112691 0.112508 0.0293378 0 0 0.153094 0.141832 
193200 0.0112461 0.112477 0.0292425 0 0 0.152942 0.141703 
193400 0.0112231 0.112447 0.0291473 0 0 0.152789 0.141574 
193600 0.0112009 0.112415 0.0290561 0 0 0.152644 0.14145 
193800 0.0111797 0.112382 0.0289691 0 0 0.152506 0.14133 
194000 0.0111585 0.112348 0.028882 0 0 0.152368 0.141211 
194200 0.0111372 0.112315 0.0287949 0 0 0.15223 0.141091 
194400 0.011116 0.112282 0.0287079 0 0 0.152092 0.140972 
194600 0.0110948 0.112249 0.0286208 0 0 0.151955 0.140853 
194800 0.0110736 0.112216 0.0285338 0 0 0.151817 0.140733 
195000 0.0110523 0.112182 0.0284467 0 0 0.151679 0.140614 
195200 0.0110311 0.112149 0.0283597 0 0 0.151541 0.140494 
195400 0.0110099 0.112116 0.0282726 0 0 0.151403 0.140375 
195600 0.0109886 0.112083 0.0281856 0 0 0.151265 0.140256 
195800 0.0109674 0.11205 0.0280985 0 0 0.151127 0.140136 
196000 0.0109462 0.112017 0.0280115 0 0 0.150989 0.140017 
196200 0.010925 0.111983 0.0279244 0 0 0.150851 0.139897 
196400 0.0109037 0.11195 0.0278374 0 0 0.150713 0.139778 
196600 0.0108825 0.111917 0.0277503 0 0 0.150575 0.139659 
196800 0.0108613 0.111884 0.0276632 0 0 0.150438 0.139539 
197000 0.01084 0.111851 0.0275762 0 0 0.1503 0.13942 
197200 0.0108188 0.111817 0.0274891 0 0 0.150162 0.1393 
197400 0.0107979 0.111785 0.0274043 0 0 0.150023 0.139185 
197600 0.0107772 0.111753 0.0273218 0 0 0.149884 0.139073 
197800 0.0107565 0.111721 0.0272393 0 0 0.149744 0.138961 
198000 0.0107359 0.111689 0.0271568 0 0 0.149605 0.13885 
198200 0.0107152 0.111658 0.0270743 0 0 0.149466 0.138738 
198400 0.0106946 0.111626 0.0269917 0 0 0.149327 0.138627 
198600 0.0106739 0.111594 0.0269092 0 0 0.149187 0.138515 
198800 0.0106532 0.111562 0.0268267 0 0 0.149048 0.138403 
199000 0.0106326 0.11153 0.0267442 0 0 0.148909 0.138292 
199200 0.0106119 0.111499 0.0266617 0 0 0.148769 0.13818 
199400 0.0105912 0.111467 0.0265791 0 0 0.14863 0.138068 
199600 0.0105706 0.111435 0.0264966 0 0 0.148491 0.137957 
199800 0.0105499 0.111403 0.0264141 0 0 0.148351 0.137845 
200000 0.0105292 0.111371 0.0263316 0 0 0.148212 0.137733 
