1000 11.3023 0.00448629 3497.84 0 0 3507.83 3497.84 
1200 11.1109 0.00576428 2430.52 0 0 2441.67 2430.52 
1400 10.922 0.00706272 1785.83 0 0 1796.81 1785.83 
1600 10.7213 0.00831555 1357.9 0 0 1368.67 1357.9 
1800 10.514 0.00952863 3382.89 0 0 3392.88 3382.89 
2000 10.2972 0.0107498 3760.76 0 0 3770.75 3760.76 
2200 10.079 0.0119546 3434.1 0 0 3444.08 3434.1 
2400 9.88059 0.0131451 2779.11 0 0 2789.1 2779.11 
2600 9.67181 0.0143255 2445.04 0 0 2454.88 2445.04 
2800 9.45713 0.0154978 2147.16 0 0 2156.48 2147.16 
3000 9.24881 0.0166572 1828.8 0 0 1838.11 1828.8 
3200 9.04574 0.0178053 1565.39 0 0 1574.43 1565.39 
3400 8.84788 0.0189411 1352.5 0 0 1361.49 1352.6 
3600 8.65356 0.020064 1178.29 0 0 1186.94 1178.29 
3800 8.46149 0.0211712 1034.43 0 0 1043.07 1034.43 
4000 8.27368 0.0222684 913.898 0 0 922.219 913.898 
4200 8.08901 0.0233492 810.183 0 0 818.236 810.183 
4400 7.90825 0.0244203 721.867 0 0 729.854 721.867 
4600 7.72938 0.0254759 646.224 0 0 653.913 646.224 
4800 7.55714 0.0265183 581.47 0 0 589.125 581.47 
5000 7.3884 0.0275468 525.508 0 0 532.83 525.508 
5200 7.22377 0.0285613 476.015 0 0 483.337 476.015 
5400 7.06397 0.0295607 432.616 0 0 439.879 432.89 
5600 6.9079 0.0305446 394.668 0 0 401.657 394.686 
5800 6.75722 0.0315115 361.177 0 0 368.166 361.51 
6000 6.60962 0.0324624 331.579 0 0 338.136 331.613 
6200 6.46646 0.0333936 304.986 0 0 311.478 305.019 
6400 6.32746 0.0343185 281.023 0 0 287.383 281.056 
6600 6.19023 0.0352168 259.769 0 0 265.99 259.802 
6800 6.05998 0.036093 240.552 0 0 246.637 240.585 
7000 5.93061 0.0369694 223.364 0 0 229.35 223.417 
7200 5.80448 0.0378274 207.716 0 0 213.57 207.749 
7400 5.68378 0.0386412 193.699 0 0 199.412 193.733 
7600 5.5661 0.0394686 180.819 0 0 186.422 180.88 
7800 5.45052 0.0402688 169.208 0 0 174.716 169.269 
8000 5.33828 0.0410689 158.518 0 0 163.909 158.551 
8200 5.2304 0.0418491 148.724 0 0 153.999 148.757 
8400 5.1225 0.0425961 139.626 0 0 144.818 139.692 
8600 5.02132 0.0433646 131.365 0 0 136.436 131.424 
8800 4.92114 0.0441027 123.76 0 0 128.726 123.807 
9000 4.82264 0.044816 116.728 0 0 121.598 116.794 
9200 4.72833 0.0455328 110.257 0 0 115.014 110.301 
9400 4.63596 0.0462348 104.264 0 0 108.936 104.297 
9600 4.54822 0.0469242 98.6661 0 0 103.266 98.729 
9800 4.45988 0.0476302 93.4922 0 0 98.0213 93.5588 
10000 4.37646 0.0482908 233.467 0 0 237.893 233.5 
10200 4.29659 0.0489232 221.685 0 0 226.012 221.719 
10400 4.21291 0.0496189 209.964 0 0 214.253 210.031 
10600 4.13684 0.0502211 199.853 0 0 204.046 199.919 
10800 4.06077 0.0508551 190.249 0 0 194.347 190.284 
11000 3.9847 0.051489 181.097 0 0 185.13 181.13 
11200 3.91176 0.052117 237.634 0 0 241.584 237.679 
11400 3.84139 0.0527324 227.553 0 0 231.455 227.612 
11600 3.77407 0.0533177 218.308 0 0 222.158 218.375 
11800 3.70434 0.0539442 241.615 0 0 245.372 241.681 
12000 3.63901 0.0545255 231.553 0 0 235.253 231.62 
12200 3.57526 0.0550961 222.092 0 0 225.727 222.158 
12400 3.51235 0.0556926 212.859 0 0 216.416 212.926 
12600 3.45378 0.0562251 204.605 0 0 208.136 204.672 
12800 3.39301 0.0567775 196.442 0 0 199.894 196.483 
13000 3.33482 0.0573353 188.758 0 0 192.149 188.81 
13200 3.27894 0.0578732 181.567 0 0 184.906 181.634 
13400 3.22453 0.0583891 174.782 0 0 178.069 174.849 
13600 3.17077 0.0589267 168.279 0 0 171.515 168.346 
13800 3.11932 0.0594264 162.233 0 0 165.419 162.299 
14000 3.06866 0.0599318 156.415 0 0 159.54 156.481 
14200 3.01875 0.0604468 150.814 0 0 153.869 150.877 
14400 2.97097 0.060946 145.608 0 0 148.615 145.647 
14600 2.92372 0.0614274 140.58 0 0 143.558 140.632 
14800 2.87733 0.061909 135.737 0 0 138.682 135.804 
15000 2.83222 0.062402 131.127 0 0 134.023 131.194 
15200 2.78877 0.0628691 126.679 0 0 129.533 126.746 
15400 2.74589 0.0633439 122.338 0 0 125.147 122.404 
15600 2.70418 0.0638098 118.189 0 0 120.953 118.255 
15800 2.66435 0.0642819 114.371 0 0 117.113 114.438 
16000 2.62498 0.0647457 110.648 0 0 113.36 110.714 
16200 2.58611 0.0651966 107.041 0 0 109.709 107.107 
16400 2.5478 0.0656475 103.579 0 0 106.205 103.646 
16600 2.51045 0.0660962 100.261 0 0 102.845 100.327 
16800 2.47515 0.06654 97.215 0 0 99.7585 97.2816 
17000 2.44038 0.0669706 94.248 0 0 96.7642 94.3145 
17200 2.40589 0.0673942 91.3233 0 0 93.8194 91.3898 
17400 2.372 0.0678379 88.5599 0 0 91.0157 88.6265 
17600 2.33899 0.0682728 85.8985 0 0 88.3147 85.965 
17800 2.30761 0.0686912 83.4262 0 0 85.8043 83.4927 
18000 2.27669 0.0690982 81.0337 0 0 83.3739 81.1003 
18200 2.24607 0.0694975 78.6945 0 0 80.9966 78.7611 
18400 2.21594 0.0699131 76.4362 0 0 78.7164 76.5027 
18600 2.18611 0.0703292 74.215 0 0 76.4763 74.2834 
18800 2.15822 0.070725 72.2002 0 0 74.4435 72.2865 
19000 2.13047 0.0711163 70.2123 0 0 72.4331 70.3121 
19200 2.10313 0.0714941 68.3054 0 0 70.4902 68.4052 
19400 2.07607 0.071879 66.4416 0 0 68.5905 66.5343 
19600 2.04945 0.0722748 64.6427 0 0 66.7555 64.7173 
19800 2.02377 0.0726537 62.9238 0 0 65.0087 62.9903 
20000 1.99886 0.0730187 61.2705 0 0 63.3339 61.337 
20200 1.97467 0.0733771 59.6858 0 0 61.739 59.7523 
20400 1.95043 0.0737526 58.0985 0 0 60.1346 58.1651 
20600 1.92681 0.0741111 56.5911 0 0 58.6105 56.6685 
20800 1.90351 0.0744606 55.1268 0 0 57.1295 55.2208 
21000 1.88101 0.074815 53.7384 0 0 55.7142 53.8382 
21200 1.85893 0.0751722 52.3909 0 0 54.3342 52.4908 
21400 1.83745 0.0755148 51.1007 0 0 53.0215 51.1911 
21600 1.81637 0.0758476 49.8487 0 0 51.7537 49.9232 
21800 1.79553 0.0761804 48.6284 0 0 50.5096 48.7029 
22000 1.77493 0.0765132 47.4398 0 0 49.2893 47.5301 
22200 1.75464 0.0768429 46.287 0 0 48.1113 46.3807 
22400 1.73483 0.077168 45.188 0 0 46.9968 45.2661 
22600 1.7152 0.0774912 44.1065 0 0 45.8999 44.1768 
22800 1.69614 0.0778089 43.0778 0 0 44.8561 43.1633 
23000 1.67713 0.0781262 42.0532 0 0 43.8164 42.1531 
23200 1.65908 0.0784369 41.1066 0 0 42.8549 41.2064 
23400 1.64104 0.0787475 40.1599 0 0 41.8935 40.2598 
23600 1.62354 0.0790411 39.2644 0 0 40.9835 39.3643 
23800 1.60617 0.0793305 38.3818 0 0 40.0863 38.4816 
24000 1.58914 0.0796239 37.5297 0 0 39.22 37.6296 
24200 1.57242 0.0799213 36.7083 0 0 38.3844 36.8082 
24400 1.55581 0.0802157 35.8978 0 0 37.5577 35.9956 
24600 1.53972 0.0804931 35.149 0 0 36.7811 35.2329 
24800 1.52364 0.0807704 34.4002 0 0 36.0046 34.4702 
25000 1.50786 0.0810478 33.6669 0 0 35.2488 33.7377 
25200 1.49219 0.0813251 32.9389 0 0 34.5 33.0152 
25400 1.47683 0.0815986 32.2351 0 0 33.7798 32.3154 
25600 1.46206 0.0818648 31.5761 0 0 33.1129 31.6578 
25800 1.44728 0.082131 30.9171 0 0 32.4459 31.0001 
26000 1.43273 0.0823973 30.2864 0 0 31.8016 30.3697 
26200 1.41822 0.0826635 29.6608 0 0 31.1613 29.744 
26400 1.40399 0.0829217 29.0543 0 0 30.5408 29.1379 
26600 1.3903 0.0831649 28.4834 0 0 29.9571 28.5683 
26800 1.3766 0.0834081 27.9125 0 0 29.3734 27.9987 
27000 1.3631 0.083661 27.3636 0 0 28.8117 27.4502 
27200 1.34966 0.083917 26.8222 0 0 28.2575 26.9087 
27400 1.33633 0.0841697 26.2878 0 0 27.7102 26.3742 
27600 1.32363 0.0844039 25.7935 0 0 27.2023 25.8786 
27800 1.31094 0.0846381 25.2992 0 0 26.6945 25.3831 
28000 1.29835 0.0848723 24.8155 0 0 26.1983 24.8992 
28200 1.2859 0.0851065 24.3446 0 0 25.7164 24.4296 
28400 1.27345 0.0853407 23.8738 0 0 25.2344 23.96 
28600 1.26151 0.0855597 23.4333 0 0 24.7823 23.5199 
28800 1.24975 0.0857737 23.003 0 0 24.3401 23.0896 
29000 1.23798 0.0859876 22.5728 0 0 23.898 22.6593 
29200 1.22663 0.0862091 22.1707 0 0 23.4842 22.2573 
29400 1.2153 0.086431 21.7702 0 0 23.072 21.8567 
29600 1.204 0.0866513 21.3714 0 0 22.6616 21.4579 
29800 1.1929 0.0868573 20.9878 0 0 22.2669 21.0744 
30000 1.18181 0.0870633 20.6043 0 0 21.8723 20.6908 
30200 1.17084 0.0872805 20.2293 0 0 21.4881 20.3158 
30400 1.16023 0.0874835 19.8739 0 0 21.1225 19.9604 
30600 1.14963 0.0876866 19.5185 0 0 20.757 19.605 
30800 1.13918 0.0878853 19.1702 0 0 20.3986 19.2571 
31000 1.12908 0.0880739 18.8385 0 0 20.057 18.9265 
31200 1.11899 0.0882625 18.5068 0 0 19.7153 18.5959 
31400 1.10902 0.0884493 18.1835 0 0 19.382 18.2734 
31600 1.09936 0.0886318 17.8797 0 0 19.0686 17.9695 
31800 1.0897 0.0888143 17.5758 0 0 18.7551 17.6657 
32000 1.08008 0.0889968 17.2752 0 0 18.4448 17.3649 
32200 1.07063 0.0891793 16.9875 0 0 18.1474 17.0761 
32400 1.06118 0.0893618 16.6998 0 0 17.85 16.7873 
32600 1.05179 0.0895438 16.4143 0 0 17.5549 16.501 
32800 1.04284 0.0897206 16.1491 0 0 17.2804 16.2368 
33000 1.0339 0.0898974 15.8839 0 0 17.0058 15.9726 
33200 1.02495 0.0900742 15.6187 0 0 16.7312 15.7085 
33400 1.01622 0.0902393 15.3692 0 0 16.4743 15.459 
33600 1.00752 0.0904032 15.1213 0 0 16.2193 15.2112 
33800 0.998816 0.090567 14.8735 0 0 15.9643 14.9634 
34000 0.990329 0.0907293 14.6367 0 0 15.7191 14.7265 
34200 0.981958 0.0908906 14.4057 0 0 15.479 14.4956 
34400 0.973588 0.091052 14.1748 0 0 15.239 14.2646 
34600 0.965371 0.0912117 13.9503 0 0 15.0059 14.0402 
34800 0.957443 0.0913683 13.7379 0 0 14.7857 13.8278 
35000 0.949514 0.0915249 13.5255 0 0 14.5654 13.6153 
35200 0.941585 0.0916815 13.3131 0 0 14.3452 13.4029 
35400 0.933843 0.0918289 13.1109 0 0 14.1352 13.2007 
35600 0.92611 0.0919757 12.9092 0 0 13.9257 12.9991 
35800 0.918377 0.0921225 12.7076 0 0 13.7162 12.7975 
36000 0.910927 0.0922659 12.5158 0 0 13.5173 12.6062 
36200 0.903708 0.0924066 12.332 0 0 13.327 12.4234 
36400 0.896489 0.0925472 12.1483 0 0 13.1367 12.2405 
36600 0.88927 0.0926878 11.9645 0 0 12.9463 12.0577 
36800 0.882145 0.0928284 11.7911 0 0 12.7654 11.8843 
37000 0.875021 0.0929691 11.6177 0 0 12.5845 11.7109 
37200 0.867896 0.0931097 11.4442 0 0 12.4035 11.5374 
37400 0.860941 0.0932445 11.2766 0 0 12.2289 11.3698 
37600 0.854193 0.0933721 11.1162 0 0 12.0621 11.2093 
37800 0.847446 0.0934998 10.9557 0 0 11.8952 11.0489 
38000 0.840698 0.0936274 10.7952 0 0 11.7283 10.8884 
38200 0.834237 0.0937524 10.6445 0 0 11.5714 10.7377 
38400 0.827847 0.0938766 10.4963 0 0 11.417 10.5895 
38600 0.821457 0.0940009 10.3481 0 0 11.2626 10.4413 
38800 0.815071 0.0941251 10.2003 0 0 11.1086 10.2935 
39000 0.80877 0.0942494 10.0601 0 0 10.9621 10.1533 
39200 0.802469 0.0943736 9.91985 0 0 10.8157 10.013 
39400 0.796168 0.0944979 9.77962 0 0 10.6692 9.87281 
39600 0.789977 0.0946196 9.6424 0 0 10.5259 9.73602 
39800 0.784044 0.0947353 9.51217 0 0 10.3899 9.60723 
40000 0.778112 0.0948511 9.38194 0 0 10.2539 9.47845 
40200 0.772287 0.0949551 9.25505 0 0 10.1229 9.35157 
40400 0.766535 0.0950613 9.13073 0 0 9.99368 9.22691 
40600 0.76089 0.0951708 9.01024 0 0 9.86729 9.10558 
40800 0.755245 0.0952804 8.88976 0 0 9.74091 8.98425 
41000 0.749599 0.0953899 8.76927 0 0 9.61452 8.86292 
41200 0.744024 0.0954988 8.65208 0 0 9.49147 8.74527 
41400 0.738532 0.095607 8.53893 0 0 9.37249 8.63211 
41600 0.733041 0.0957151 8.42577 0 0 9.25351 8.51896 
41800 0.727549 0.0958233 8.31262 0 0 9.13453 8.4058 
42000 0.722191 0.0959266 8.20326 0 0 9.01978 8.29681 
42200 0.716996 0.096024 8.09854 0 0 8.9102 8.19291 
42400 0.711801 0.0961214 7.99383 0 0 8.80061 8.08901 
42600 0.706606 0.0962188 7.88912 0 0 8.69103 7.98511 
42800 0.701489 0.0963158 7.78653 0 0 8.58387 7.88333 
43000 0.696517 0.0964121 7.68789 0 0 8.48122 7.78549 
43200 0.691545 0.0965083 7.58925 0 0 8.37857 7.68765 
43400 0.686573 0.0966045 7.49061 0 0 8.27592 7.58981 
43600 0.681651 0.0967001 7.39389 0 0 8.17492 7.49358 
43800 0.676929 0.096793 7.30489 0 0 8.08049 7.4038 
44000 0.672208 0.0968859 7.21588 0 0 7.98607 7.31402 
44200 0.667487 0.0969787 7.12687 0 0 7.89164 7.22424 
44400 0.662766 0.0970716 7.03786 0 0 7.79721 7.13446 
44600 0.658184 0.0971575 6.95234 0 0 7.70697 7.04886 
44800 0.653617 0.0972427 6.8672 0 0 7.61719 6.96372 
45000 0.649051 0.0973278 6.78206 0 0 7.52741 6.87858 
45200 0.644484 0.0974129 6.69693 0 0 7.43762 6.79344 
45400 0.640055 0.0974964 6.6162 0 0 7.35235 6.71272 
45600 0.635717 0.0975786 6.53842 0 0 7.27008 6.63494 
45800 0.631379 0.0976609 6.46064 0 0 7.18782 6.55716 
46000 0.627042 0.0977432 6.38286 0 0 7.10555 6.47938 
46200 0.622733 0.0978253 6.30577 0 0 7.02408 6.40228 
46400 0.618592 0.0979066 6.23255 0 0 6.94717 6.32906 
46600 0.61445 0.097988 6.15933 0 0 6.87025 6.25584 
46800 0.610308 0.0980694 6.08611 0 0 6.79333 6.18263 
47000 0.606167 0.0981507 6.01289 0 0 6.71642 6.10941 
47200 0.602178 0.0982262 5.94306 0 0 6.64294 6.04005 
47400 0.598271 0.0982986 5.87505 0 0 6.57131 5.97276 
47600 0.594364 0.0983709 5.80704 0 0 6.49969 5.90547 
47800 0.590457 0.0984433 5.73903 0 0 6.42806 5.83819 
48000 0.586558 0.0985155 5.67131 0 0 6.35669 5.77112 
48200 0.582805 0.0985864 5.60899 0 0 6.29012 5.70809 
48400 0.579052 0.0986572 5.54668 0 0 6.22356 5.64507 
48600 0.575299 0.098728 5.48437 0 0 6.157 5.58205 
48800 0.571546 0.0987988 5.42205 0 0 6.09044 5.51903 
49000 0.567869 0.0988666 5.36092 0 0 6.02557 5.45768 
49200 0.564333 0.098929 5.30199 0 0 5.96387 5.39944 
49400 0.560797 0.0989915 5.24305 0 0 5.90216 5.3412 
49600 0.55726 0.0990539 5.18412 0 0 5.84045 5.28296 
49800 0.553724 0.0991163 5.12518 0 0 5.77874 5.22471 
50000 0.550136 0.0991776 5.06871 0 0 5.71769 5.16855 
50200 0.546731 0.0992395 5.01376 0 0 5.65964 5.1136 
50400 0.543325 0.0993015 4.9588 0 0 5.60159 5.05865 
50600 0.53992 0.0993634 4.90385 0 0 5.54354 5.00369 
50800 0.536514 0.0994253 4.8489 0 0 5.4855 4.94874 
51000 0.533256 0.0994858 4.797 0 0 5.43034 4.89684 
51200 0.530061 0.0995457 4.74641 0 0 5.37643 4.84626 
51400 0.526866 0.0996056 4.69583 0 0 5.32251 4.79567 
51600 0.523671 0.0996655 4.64524 0 0 5.26859 4.74508 
51800 0.520476 0.0997254 4.59465 0 0 5.21468 4.6945 
52000 0.517349 0.0997803 4.54626 0 0 5.16344 4.6461 
52200 0.514252 0.099833 4.49881 0 0 5.11336 4.59865 
52400 0.511155 0.0998857 4.45136 0 0 5.06327 4.5512 
52600 0.508057 0.0999385 4.40391 0 0 5.01319 4.50375 
52800 0.50496 0.0999912 4.35646 0 0 4.9631 4.4563 
53000 0.502003 0.100043 4.31156 0 0 4.9152 4.41141 
53200 0.499123 0.100094 4.26804 0 0 4.86848 4.36789 
53400 0.496243 0.100145 4.22452 0 0 4.82176 4.32437 
53600 0.493363 0.100197 4.181 0 0 4.77504 4.28084 
53800 0.490483 0.100248 4.13748 0 0 4.72831 4.23732 
54000 0.487615 0.100296 4.095 0 0 4.68293 4.19484 
54200 0.484763 0.10034 4.05379 0 0 4.63919 4.15364 
54400 0.48191 0.100385 4.01259 0 0 4.59545 4.11243 
54600 0.479057 0.100429 3.97138 0 0 4.55171 4.07123 
54800 0.476205 0.100473 3.93018 0 0 4.50797 4.03002 
55000 0.473388 0.100519 3.88963 0 0 4.46477 3.98947 
55200 0.470713 0.100569 3.85168 0 0 4.42371 3.95152 
55400 0.468038 0.100618 3.81373 0 0 4.38265 3.91357 
55600 0.465363 0.100668 3.77579 0 0 4.34159 3.87563 
55800 0.462688 0.100718 3.73784 0 0 4.30054 3.83768 
56000 0.460013 0.100768 3.69989 0 0 4.25948 3.79974 
56200 0.457503 0.100806 3.66437 0 0 4.22143 3.76421 
56400 0.455022 0.100842 3.62927 0 0 4.18392 3.72911 
56600 0.452541 0.100879 3.59417 0 0 4.1464 3.69402 
56800 0.45006 0.100915 3.55908 0 0 4.10888 3.65892 
57000 0.447579 0.100951 3.52398 0 0 4.07137 3.62383 
57200 0.445114 0.100989 3.48967 0 0 4.03471 3.58957 
57400 0.442677 0.101031 3.4568 0 0 3.99964 3.55689 
57600 0.44024 0.101073 3.42394 0 0 3.96458 3.5242 
57800 0.437804 0.101114 3.39107 0 0 3.92952 3.49151 
58000 0.435367 0.101156 3.35821 0 0 3.89445 3.45883 
58200 0.43293 0.101197 3.32534 0 0 3.85939 3.42614 
58400 0.430613 0.101234 3.29427 0 0 3.8261 3.3952 
58600 0.428336 0.101269 3.26379 0 0 3.7934 3.36483 
58800 0.426059 0.101304 3.23331 0 0 3.7607 3.33447 
59000 0.423782 0.101339 3.20283 0 0 3.72801 3.30411 
59200 0.421505 0.101374 3.17235 0 0 3.69531 3.27375 
59400 0.419227 0.101409 3.14195 0 0 3.66266 3.24345 
59600 0.416936 0.101442 3.11292 0 0 3.63102 3.21443 
59800 0.414644 0.101475 3.0839 0 0 3.59938 3.1854 
60000 0.412353 0.101507 3.05487 0 0 3.56773 3.15638 
60200 0.410174 0.101544 3.02716 0 0 3.53869 3.12866 
60400 0.407996 0.10158 2.99944 0 0 3.50964 3.10095 
60600 0.40584 0.101614 2.97203 0 0 3.48065 3.07355 
60800 0.403753 0.101642 2.94552 0 0 3.45183 3.04709 
61000 0.401666 0.101671 2.919 0 0 3.423 3.02064 
61200 0.399579 0.101699 2.89249 0 0 3.39418 2.99418 
61400 0.397492 0.101727 2.86598 0 0 3.36535 2.96773 
61600 0.395405 0.101755 2.83947 0 0 3.33653 2.94127 
61800 0.393336 0.101783 2.81365 0 0 3.30853 2.91551 
62000 0.3913 0.101811 2.78911 0 0 3.28207 2.89103 
62200 0.389265 0.101838 2.76458 0 0 3.25561 2.86655 
62400 0.387229 0.101866 2.74004 0 0 3.22915 2.84207 
62600 0.385194 0.101893 2.71551 0 0 3.20269 2.81759 
62800 0.383159 0.101921 2.69098 0 0 3.17623 2.79311 
63000 0.381166 0.101948 2.66695 0 0 3.15029 2.76912 
63200 0.379272 0.101975 2.64411 0 0 3.12556 2.74629 
63400 0.377378 0.102002 2.62128 0 0 3.10083 2.72345 
63600 0.375484 0.102029 2.59844 0 0 3.0761 2.70061 
63800 0.37359 0.102056 2.5756 0 0 3.05137 2.67778 
64000 0.371696 0.102083 2.55277 0 0 3.02664 2.65494 
64200 0.369814 0.10211 2.53017 0 0 3.00216 2.63234 
64400 0.368004 0.102131 2.50892 0 0 2.9791 2.61109 
64600 0.366193 0.102152 2.48768 0 0 2.95604 2.58985 
64800 0.364383 0.102173 2.46643 0 0 2.93298 2.5686 
65000 0.362572 0.102195 2.44518 0 0 2.90993 2.54735 
65200 0.360762 0.102216 2.42394 0 0 2.88687 2.52611 
65400 0.358951 0.102237 2.40269 0 0 2.86381 2.50486 
65600 0.357226 0.102258 2.38283 0 0 2.84222 2.485 
65800 0.35551 0.102279 2.36312 0 0 2.8208 2.46529 
66000 0.353793 0.1023 2.34341 0 0 2.79938 2.44558 
66200 0.352077 0.102321 2.3237 0 0 2.77795 2.42587 
66400 0.350361 0.102341 2.30399 0 0 2.75653 2.40616 
66600 0.348645 0.102362 2.28428 0 0 2.7351 2.38646 
66800 0.346955 0.102382 2.26518 0 0 2.71436 2.3674 
67000 0.345291 0.1024 2.24669 0 0 2.6943 2.34901 
67200 0.343627 0.102419 2.22821 0 0 2.67424 2.33061 
67400 0.341963 0.102437 2.20972 0 0 2.65418 2.31221 
67600 0.340381 0.102459 11.2766 0 0 11.7182 11.3798 
67800 0.338799 0.102482 11.1885 0 0 11.629 11.2916 
68000 0.337216 0.102505 11.1003 0 0 11.5397 11.2035 
68200 0.33564 0.10252 11.017 0 0 11.4549 11.1197 
68400 0.334063 0.102535 10.9339 0 0 11.3703 11.0361 
68600 0.332487 0.10255 10.8508 0 0 11.2857 10.9525 
68800 0.33091 0.102565 10.7678 0 0 11.2011 10.8689 
69000 0.329334 0.10258 10.6847 0 0 11.1166 10.7854 
69200 0.327757 0.102595 10.6016 0 0 11.032 10.7018 
69400 0.326207 0.10261 10.5199 0 0 10.9488 10.6199 
69600 0.324718 0.102625 10.4415 0 0 10.8689 10.542 
69800 0.323229 0.10264 10.3631 0 0 10.7891 10.4641 
70000 0.32174 0.102654 10.2847 0 0 10.7092 10.3862 
70200 0.320251 0.102669 10.2063 0 0 10.6293 10.3083 
70400 0.318762 0.102684 10.1279 0 0 10.5494 10.2304 
70600 0.317273 0.102699 10.0496 0 0 10.4696 10.1525 
70800 0.315826 0.102711 9.97448 0 0 10.393 10.0777 
71000 0.314412 0.10272 9.90213 0 0 10.3192 10.0053 
71200 0.312999 0.10273 9.82978 0 0 10.2454 9.93295 
71400 0.311586 0.10274 9.75743 0 0 10.1716 9.86061 
71600 0.310173 0.102749 9.68508 0 0 10.0978 9.78825 
71800 0.308759 0.102759 9.61273 0 0 10.024 9.71591 
72000 0.307346 0.102769 9.54038 0 0 9.95025 9.64355 
72200 0.30598 0.102778 9.47118 0 0 9.87992 9.57435 
72400 0.304639 0.102788 9.40368 0 0 9.81147 9.50685 
72600 0.303299 0.102797 9.33617 0 0 9.74302 9.43934 
72800 0.301958 0.102806 9.26866 0 0 9.67457 9.37183 
73000 0.300617 0.102816 9.20116 0 0 9.60612 9.30433 
73200 0.299277 0.102825 9.13365 0 0 9.53767 9.23682 
73400 0.297936 0.102835 9.06614 0 0 9.46922 9.16932 
73600 0.296634 0.102844 9.0017 0 0 9.40329 9.10487 
73800 0.295358 0.102853 8.9393 0 0 9.33904 9.04247 
74000 0.294083 0.102863 8.8769 0 0 9.27479 8.98007 
74200 0.292807 0.102872 8.81449 0 0 9.21054 8.91767 
74400 0.291531 0.102881 8.75209 0 0 9.14629 8.85526 
74600 0.290255 0.10289 8.68969 0 0 9.08204 8.79286 
74800 0.28898 0.1029 8.62729 0 0 9.01779 8.73046 
75000 0.287725 0.102909 8.56632 0 0 8.95535 8.66949 
75200 0.286504 0.102918 8.50751 0 0 8.89562 8.61068 
75400 0.285282 0.102927 8.4487 0 0 8.8359 8.55187 
75600 0.28406 0.102936 8.38989 0 0 8.77618 8.49306 
75800 0.282838 0.102945 8.33107 0 0 8.71645 8.43425 
76000 0.281616 0.102954 8.27226 0 0 8.65673 8.37543 
76200 0.280394 0.102963 8.21345 0 0 8.597 8.31662 
76400 0.279179 0.102972 8.15511 0 0 8.53771 8.25828 
76600 0.278021 0.102977 8.10097 0 0 8.48224 8.20414 
76800 0.276863 0.102981 8.04683 0 0 8.42677 8.15 
77000 0.275704 0.102985 7.99269 0 0 8.3713 8.09587 
77200 0.274546 0.10299 7.93856 0 0 8.31583 8.04173 
77400 0.273388 0.102994 7.88442 0 0 8.26036 7.98759 
77600 0.27223 0.102999 7.83028 0 0 8.2049 7.93346 
77800 0.271072 0.103003 7.77615 0 0 8.14943 7.87932 
78000 0.269941 0.103008 7.72401 0 0 8.09624 7.82718 
78200 0.268829 0.103012 7.67322 0 0 8.04456 7.77639 
78400 0.267717 0.103016 7.62242 0 0 7.99289 7.72559 
78600 0.266604 0.103021 7.57162 0 0 7.94122 7.67479 
78800 0.265492 0.103025 7.52082 0 0 7.88954 7.62399 
79000 0.26438 0.103029 7.47003 0 0 7.83787 7.5732 
79200 0.263267 0.103034 7.41923 0 0 7.7862 7.5224 
79400 0.262155 0.103038 7.36843 0 0 7.73452 7.4716 
79600 0.261079 0.103038 7.32073 0 0 7.68571 7.4239 
79800 0.260003 0.103038 7.27303 0 0 7.6369 7.3762 
80000 0.258927 0.103038 7.22532 0 0 7.58809 7.32849 
80200 0.257876 0.103038 7.17838 0 0 7.54044 7.28155 
80400 0.256825 0.103038 7.13143 0 0 7.4928 7.23461 
80600 0.255774 0.103038 7.08449 0 0 7.44515 7.18766 
80800 0.254723 0.103038 7.03755 0 0 7.39751 7.14072 
81000 0.253682 0.103038 6.99145 0 0 7.35058 7.09463 
81200 0.252674 0.103038 6.94792 0 0 7.30578 7.05109 
81400 0.251665 0.103038 6.90438 0 0 7.26099 7.00755 
81600 0.250656 0.103038 6.86084 0 0 7.2162 6.96401 
81800 0.249647 0.103038 6.81731 0 0 7.1714 6.92048 
82000 0.248638 0.103038 6.77377 0 0 7.12661 6.87694 
82200 0.247629 0.103038 6.73023 0 0 7.08182 6.8334 
82400 0.24662 0.103038 6.68669 0 0 7.03702 6.78986 
82600 0.245624 0.103038 6.64394 0 0 6.99314 6.74711 
82800 0.244656 0.103038 6.60301 0 0 6.95138 6.70618 
83000 0.243689 0.103038 6.56208 0 0 6.90963 6.66525 
83200 0.242721 0.103038 6.52115 0 0 6.86787 6.62432 
83400 0.241754 0.103038 6.48022 0 0 6.82612 6.58339 
83600 0.240787 0.103038 6.43929 0 0 6.78436 6.54246 
83800 0.239819 0.103038 6.39836 0 0 6.7426 6.50153 
84000 0.238852 0.103038 6.35743 0 0 6.70085 6.4606 
84200 0.237896 0.103038 6.31725 0 0 6.65975 6.42042 
84400 0.236976 0.103038 6.27933 0 0 6.62062 6.3825 
84600 0.236057 0.103038 6.24141 0 0 6.58148 6.34458 
84800 0.235137 0.103038 6.20349 0 0 6.54235 6.30666 
85000 0.234217 0.103038 6.16557 0 0 6.50322 6.26874 
85200 0.233297 0.103038 6.12765 0 0 6.46409 6.23082 
85400 0.232378 0.103038 6.08973 0 0 6.42496 6.1929 
85600 0.231458 0.103038 6.05181 0 0 6.38583 6.15498 
85800 0.230538 0.103038 6.01389 0 0 6.3467 6.11706 
86000 0.229657 0.103034 5.97842 0 0 6.31043 6.08159 
86200 0.228776 0.10303 5.94294 0 0 6.27416 6.04612 
86400 0.227895 0.103026 5.90747 0 0 6.23789 6.01064 
86600 0.227015 0.103022 5.872 0 0 6.20162 5.97517 
86800 0.226134 0.103018 5.83652 0 0 6.16535 5.9397 
87000 0.225253 0.103014 5.80105 0 0 6.12908 5.90422 
87200 0.224372 0.10301 5.76558 0 0 6.09281 5.86875 
87400 0.223491 0.103006 5.73011 0 0 6.05654 5.83328 
87600 0.222636 0.103002 5.69618 0 0 6.02158 5.79935 
87800 0.221796 0.102999 5.6631 0 0 5.98732 5.76627 
88000 0.220955 0.102995 5.63001 0 0 5.95307 5.73318 
88200 0.220114 0.102991 5.59692 0 0 5.91882 5.7001 
88400 0.219273 0.102987 5.56384 0 0 5.88456 5.66701 
88600 0.218432 0.102983 5.53075 0 0 5.85031 5.63392 
88800 0.217592 0.102979 5.49766 0 0 5.81605 5.60084 
89000 0.216751 0.102975 5.46458 0 0 5.7818 5.56775 
89200 0.215915 0.102971 5.43172 0 0 5.74785 5.53489 
89400 0.21512 0.102963 5.40091 0 0 5.71666 5.50408 
89600 0.214325 0.102956 5.3701 0 0 5.68547 5.47327 
89800 0.21353 0.102948 5.33929 0 0 5.65428 5.44246 
90000 0.212735 0.10294 5.30848 0 0 5.6231 5.41166 
90200 0.21194 0.102933 5.27768 0 0 5.59191 5.38085 
90400 0.211145 0.102925 5.24687 0 0 5.56072 5.35004 
90600 0.21035 0.102918 5.21606 0 0 5.52953 5.31923 
90800 0.209555 0.10291 5.18525 0 0 5.49834 5.28842 
91000 0.208773 0.102902 5.15515 0 0 5.46773 5.25832 
91200 0.208014 0.102895 5.12635 0 0 5.43818 5.22952 
91400 0.207255 0.102888 5.09756 0 0 5.40864 5.20073 
91600 0.206495 0.10288 5.06876 0 0 5.3791 5.17194 
91800 0.205736 0.102873 5.03997 0 0 5.34956 5.14314 
92000 0.204977 0.102865 5.01118 0 0 5.32002 5.11435 
92200 0.204218 0.102858 4.98238 0 0 5.29048 5.08555 
92400 0.203459 0.10285 4.95359 0 0 5.26093 5.05676 
92600 0.2027 0.102843 4.9248 0 0 5.23139 5.02797 
92800 0.201955 0.102835 4.89688 0 0 5.20257 5.00005 
93000 0.201227 0.102828 4.87003 0 0 5.17462 4.9732 
93200 0.200498 0.102821 4.84319 0 0 5.14667 4.94636 
93400 0.19977 0.102813 4.81634 0 0 5.11872 4.91951 
93600 0.199042 0.102806 4.7895 0 0 5.09077 4.89267 
93800 0.198314 0.102798 4.76265 0 0 5.06282 4.86582 
94000 0.197586 0.102791 4.73581 0 0 5.03488 4.83898 
94200 0.196858 0.102784 4.70896 0 0 5.00693 4.81213 
94400 0.19613 0.102776 4.68211 0 0 4.97898 4.78529 
94600 0.195418 0.102768 4.65593 0 0 4.95199 4.7591 
94800 0.194731 0.102757 4.63075 0 0 4.92645 4.73392 
95000 0.194043 0.102746 4.60556 0 0 4.9009 4.70873 
95200 0.193356 0.102735 4.58038 0 0 4.87535 4.68355 
95400 0.192669 0.102724 4.55519 0 0 4.84981 4.65836 
95600 0.191982 0.102714 4.53 0 0 4.82426 4.63318 
95800 0.191295 0.102703 4.50482 0 0 4.79872 4.60799 
96000 0.190607 0.102692 4.47963 0 0 4.77317 4.5828 
96200 0.18992 0.102681 4.45445 0 0 4.74763 4.55762 
96400 0.189237 0.102671 4.42953 0 0 4.7223 4.53271 
96600 0.188579 0.10266 4.40617 0 0 4.69823 4.50934 
96800 0.18792 0.102649 4.3828 0 0 4.67415 4.48597 
97000 0.187262 0.102639 4.35943 0 0 4.65007 4.4626 
97200 0.186603 0.102628 4.33606 0 0 4.626 4.43924 
97400 0.185945 0.102617 4.3127 0 0 4.60192 4.41587 
97600 0.185286 0.102607 4.28933 0 0 4.57785 4.3925 
97800 0.184627 0.102596 4.26596 0 0 4.55377 4.36913 
98000 0.183969 0.102586 4.24259 0 0 4.5297 4.34577 
98200 0.18331 0.102575 4.21923 0 0 4.50562 4.3224 
98400 0.182675 0.102564 4.19684 0 0 4.48249 4.30001 
98600 0.182048 0.102552 4.17478 0 0 4.45966 4.27795 
98800 0.18142 0.102541 4.15272 0 0 4.43684 4.25589 
99000 0.180792 0.102529 4.13066 0 0 4.41402 4.23383 
99200 0.180165 0.102518 4.1086 0 0 4.3912 4.21177 
99400 0.179537 0.102507 4.08654 0 0 4.36838 4.18971 
99600 0.17891 0.102495 4.06448 0 0 4.34556 4.16765 
99800 0.178282 0.102484 4.04241 0 0 4.32274 4.14559 
100000 0.177654 0.102472 4.02035 0 0 4.29992 4.12353 
100200 0.177122 0.102472 4.00371 0 0 4.28328 4.10356 
100400 0.176509 0.102458 3.98234 0 0 4.26155 4.08254 
100600 0.175896 0.102444 3.96097 0 0 4.23983 4.06152 
100800 0.175283 0.10243 3.9396 0 0 4.21811 4.0405 
101000 0.17467 0.102416 3.91823 0 0 4.19639 4.01948 
101200 0.174057 0.102402 3.89686 0 0 4.17467 3.99846 
101400 0.173443 0.102388 3.87549 0 0 4.15295 3.97744 
101600 0.17283 0.102374 3.85412 0 0 4.13123 3.95642 
101800 0.172217 0.10236 3.83275 0 0 4.10951 3.9354 
102000 0.171604 0.102346 3.81139 0 0 4.08779 3.91438 
102200 0.171015 0.102333 3.79121 0 0 4.06711 3.89439 
102400 0.170449 0.102319 3.77224 0 0 4.04748 3.87542 
102600 0.169883 0.102306 3.75327 0 0 4.02784 3.85645 
102800 0.169317 0.102293 3.7343 0 0 4.00821 3.83747 
103000 0.168752 0.102279 3.71533 0 0 3.98857 3.8185 
103200 0.168186 0.102266 3.69636 0 0 3.96893 3.79953 
103400 0.16762 0.102253 3.67739 0 0 3.9493 3.78056 
103600 0.167054 0.102239 3.65842 0 0 3.92966 3.76159 
103800 0.166489 0.102226 3.63945 0 0 3.91003 3.74262 
104000 0.165923 0.102213 3.62048 0 0 3.89039 3.72365 
104200 0.16538 0.1022 3.60228 0 0 3.87154 3.70545 
104400 0.16486 0.102187 3.58485 0 0 3.85347 3.68802 
104600 0.16434 0.102174 3.56741 0 0 3.83541 3.67059 
104800 0.163821 0.102162 3.54998 0 0 3.81734 3.65315 
105000 0.163301 0.102149 3.53255 0 0 3.79927 3.63572 
105200 0.162781 0.102136 3.51512 0 0 3.78121 3.61829 
105400 0.162261 0.102124 3.49768 0 0 3.76314 3.60085 
105600 0.161741 0.102111 3.48025 0 0 3.74507 3.58342 
105800 0.161221 0.102098 3.46282 0 0 3.72701 3.56599 
106000 0.160702 0.102086 3.44538 0 0 3.70894 3.54856 
106200 0.160182 0.102073 3.42795 0 0 3.69087 3.53112 
106400 0.159649 0.102056 3.41081 0 0 3.67323 3.51382 
106600 0.159117 0.10204 3.39367 0 0 3.65559 3.49651 
106800 0.158584 0.102023 3.37653 0 0 3.63795 3.4792 
107000 0.158052 0.102007 3.35939 0 0 3.62032 3.4619 
107200 0.157519 0.10199 3.34225 0 0 3.60268 3.44459 
107400 0.156987 0.101973 3.32511 0 0 3.58504 3.42728 
107600 0.156454 0.101957 3.30797 0 0 3.5674 3.40998 
107800 0.155922 0.10194 3.29083 0 0 3.54976 3.39267 
108000 0.155389 0.101923 3.27369 0 0 3.53212 3.37537 
108200 0.154857 0.101907 3.25655 0 0 3.51448 3.35806 
108400 0.154388 0.101892 3.24161 0 0 3.49905 3.34311 
108600 0.153919 0.101876 3.22666 0 0 3.48362 3.32817 
108800 0.15345 0.101861 3.21171 0 0 3.46819 3.31322 
109000 0.152981 0.101846 3.19677 0 0 3.45276 3.29828 
109200 0.152512 0.101831 3.18182 0 0 3.43733 3.28333 
109400 0.152043 0.101816 3.16688 0 0 3.4219 3.26838 
109600 0.151574 0.101801 3.15193 0 0 3.40647 3.25344 
109800 0.151105 0.101786 3.13698 0 0 3.39104 3.23849 
110000 0.150636 0.101771 3.12204 0 0 3.37561 3.22355 
110200 0.150167 0.101755 3.10709 0 0 3.36018 3.2086 
110400 0.149698 0.10174 3.09215 0 0 3.34475 3.19365 
110600 0.149223 0.101721 3.07722 0 0 3.32922 3.17872 
110800 0.148747 0.101702 3.06229 0 0 3.31369 3.16379 
111000 0.148272 0.101683 3.04736 0 0 3.29816 3.14887 
111200 0.147796 0.101664 3.03243 0 0 3.28262 3.13394 
111400 0.147321 0.101645 3.0175 0 0 3.26709 3.11901 
111600 0.146846 0.101626 3.00257 0 0 3.25156 3.10408 
111800 0.14637 0.101607 2.98764 0 0 3.23603 3.08915 
112000 0.145895 0.101588 2.97271 0 0 3.2205 3.07422 
112200 0.145419 0.101569 2.95778 0 0 3.20497 3.05929 
112400 0.144944 0.10155 2.94286 0 0 3.18944 3.04436 
112600 0.144487 0.101533 2.92863 0 0 3.17468 3.03012 
112800 0.144048 0.101518 2.9151 0 0 3.1607 3.01657 
113000 0.143609 0.101503 2.90158 0 0 3.14673 3.00301 
113200 0.143171 0.101488 2.88806 0 0 3.13275 2.98946 
113400 0.142732 0.101472 2.87453 0 0 3.11877 2.9759 
113600 0.142293 0.101457 2.86101 0 0 3.10479 2.96235 
113800 0.141855 0.101442 2.84748 0 0 3.09081 2.94879 
114000 0.141416 0.101427 2.83396 0 0 3.07684 2.93524 
114200 0.140977 0.101412 2.82044 0 0 3.06286 2.92169 
114400 0.140538 0.101397 2.80691 0 0 3.04888 2.90813 
114600 0.1401 0.101382 2.79339 0 0 3.0349 2.89458 
114800 0.139676 0.101365 2.78046 0 0 3.02155 2.88163 
115000 0.139268 0.101348 2.76813 0 0 3.00881 2.86931 
115200 0.13886 0.101331 2.7558 0 0 2.99608 2.85698 
115400 0.138452 0.101313 2.74347 0 0 2.98334 2.84465 
115600 0.138044 0.101296 2.73115 0 0 2.97061 2.83232 
115800 0.137636 0.101279 2.71882 0 0 2.95788 2.81999 
116000 0.137228 0.101261 2.70649 0 0 2.94514 2.80766 
116200 0.13682 0.101244 2.69416 0 0 2.93241 2.79534 
116400 0.136412 0.101227 2.68183 0 0 2.91968 2.78301 
116600 0.136004 0.101209 2.6695 0 0 2.90694 2.77068 
116800 0.135596 0.101192 2.65718 0 0 2.89421 2.75835 
117000 0.135188 0.101174 2.64485 0 0 2.88148 2.74602 
117200 0.134776 0.101153 2.63262 0 0 2.8688 2.73377 
117400 0.134365 0.101132 2.6204 0 0 2.85612 2.72151 
117600 0.133953 0.101111 2.60818 0 0 2.84344 2.70926 
117800 0.133542 0.10109 2.59595 0 0 2.83077 2.69701 
118000 0.13313 0.101069 2.58373 0 0 2.81809 2.68475 
118200 0.132719 0.101047 2.57151 0 0 2.80541 2.6725 
118400 0.132307 0.101026 2.55929 0 0 2.79274 2.66025 
118600 0.131896 0.101005 2.54706 0 0 2.78006 2.64799 
118800 0.131484 0.100984 2.53484 0 0 2.76738 2.63574 
119000 0.131073 0.100963 2.52261 0 0 2.75471 2.62349 
119200 0.130662 0.100942 2.51039 0 0 2.74203 2.61123 
119400 0.130295 0.100925 2.49971 0 0 2.73099 2.60056 
119600 0.129929 0.100908 2.48904 0 0 2.71995 2.58988 
119800 0.129563 0.100892 2.47836 0 0 2.70891 2.5792 
120000 0.129197 0.100875 2.46768 0 0 2.69787 2.56852 
120200 0.128831 0.100858 2.457 0 0 2.68684 2.55785 
120400 0.128465 0.100842 2.44633 0 0 2.6758 2.54717 
120600 0.128099 0.100825 2.43565 0 0 2.66476 2.53649 
120800 0.127733 0.100808 2.42497 0 0 2.65372 2.52581 
121000 0.127367 0.100792 2.41429 0 0 2.64268 2.51513 
121200 0.127001 0.100775 2.40361 0 0 2.63165 2.50446 
121400 0.126635 0.100758 2.39294 0 0 2.62061 2.49378 
121600 0.126268 0.100742 2.38226 0 0 2.60957 2.4831 
121800 0.125913 0.100722 2.37214 0 0 2.59906 2.47295 
122000 0.125558 0.100703 2.36201 0 0 2.58855 2.4628 
122200 0.125203 0.100684 2.35189 0 0 2.57804 2.45265 
122400 0.124848 0.100664 2.34177 0 0 2.56752 2.4425 
122600 0.124493 0.100645 2.33165 0 0 2.55701 2.43235 
122800 0.124138 0.100625 2.32152 0 0 2.5465 2.4222 
123000 0.123783 0.100606 2.3114 0 0 2.53599 2.41205 
123200 0.123428 0.100587 2.30128 0 0 2.52548 2.4019 
123400 0.123073 0.100567 2.29115 0 0 2.51497 2.39175 
123600 0.122718 0.100548 2.28103 0 0 2.50446 2.38159 
123800 0.122363 0.100528 2.27091 0 0 2.49395 2.37144 
124000 0.122008 0.100509 2.26078 0 0 2.48343 2.36129 
124200 0.121667 0.100487 2.25116 0 0 2.47342 2.35164 
124400 0.121326 0.100464 2.24154 0 0 2.46341 2.34199 
124600 0.120985 0.100442 2.23191 0 0 2.4534 2.33234 
124800 0.120644 0.10042 2.22229 0 0 2.44339 2.32269 
125000 0.120303 0.100398 2.21266 0 0 2.43337 2.31303 
125200 0.119962 0.100376 2.20304 0 0 2.42336 2.30338 
125400 0.119621 0.100354 2.19342 0 0 2.41335 2.29373 
125600 0.119279 0.100331 2.18379 0 0 2.40334 2.28408 
125800 0.118938 0.100309 2.17417 0 0 2.39333 2.27443 
126000 0.118597 0.100287 2.16455 0 0 2.38331 2.26478 
126200 0.118256 0.100265 2.15492 0 0 2.3733 2.25513 
126400 0.117915 0.100243 2.1453 0 0 2.36329 2.24547 
126600 0.117582 0.100223 2.13615 0 0 2.3538 2.23632 
126800 0.117249 0.100204 2.12699 0 0 2.34432 2.22717 
127000 0.116916 0.100184 2.11784 0 0 2.33483 2.21802 
127200 0.116584 0.100165 2.10869 0 0 2.32535 2.20887 
127400 0.116251 0.100146 2.09954 0 0 2.31586 2.19971 
127600 0.115918 0.100126 2.09038 0 0 2.30638 2.19056 
127800 0.115585 0.100107 2.08123 0 0 2.29689 2.18141 
128000 0.115252 0.100087 2.07208 0 0 2.28741 2.17226 
128200 0.11492 0.100068 2.06293 0 0 2.27792 2.1631 
128400 0.114587 0.100048 2.05378 0 0 2.26844 2.15395 
128600 0.114254 0.100029 2.04462 0 0 2.25895 2.1448 
128800 0.113921 0.10001 2.03547 0 0 2.24947 2.13565 
129000 0.113624 0.0999892 2.02746 0 0 2.24115 2.12761 
129200 0.113327 0.0999687 2.01944 0 0 2.23283 2.11957 
129400 0.11303 0.0999482 2.01143 0 0 2.22451 2.11153 
129600 0.112733 0.0999277 2.00342 0 0 2.21619 2.10349 
129800 0.112436 0.0999072 1.99541 0 0 2.20787 2.09545 
130000 0.112139 0.0998868 1.98739 0 0 2.19955 2.08741 
130200 0.111842 0.0998663 1.97938 0 0 2.19123 2.07938 
130400 0.111545 0.0998458 1.97137 0 0 2.18291 2.07134 
130600 0.111248 0.0998253 1.96335 0 0 2.17459 2.0633 
130800 0.110951 0.0998048 1.95534 0 0 2.16627 2.05526 
131000 0.110654 0.0997844 1.94733 0 0 2.15795 2.04722 
131200 0.110357 0.0997639 1.93931 0 0 2.14963 2.03918 
131400 0.110061 0.0997434 1.9313 0 0 2.1413 2.03114 
131600 0.109762 0.0997221 1.92339 0 0 2.13305 2.02321 
131800 0.109464 0.0997008 1.91549 0 0 2.1248 2.01528 
132000 0.109166 0.0996795 1.90758 0 0 2.11654 2.00734 
132200 0.108868 0.0996582 1.89967 0 0 2.10829 1.99941 
132400 0.10857 0.0996369 1.89176 0 0 2.10004 1.99147 
132600 0.108271 0.0996156 1.88386 0 0 2.09178 1.98354 
132800 0.107973 0.0995943 1.87595 0 0 2.08353 1.9756 
133000 0.107675 0.099573 1.86804 0 0 2.07527 1.96767 
133200 0.107377 0.0995517 1.86013 0 0 2.06702 1.95974 
133400 0.107079 0.0995304 1.85223 0 0 2.05877 1.9518 
133600 0.10678 0.0995091 1.84432 0 0 2.05051 1.94387 
133800 0.106482 0.0994878 1.83641 0 0 2.04226 1.93593 
134000 0.1062 0.0994661 1.82897 0 0 2.03451 1.92847 
134200 0.105934 0.0994439 1.82199 0 0 2.02726 1.92146 
134400 0.105667 0.0994217 1.81501 0 0 2.02001 1.91446 
134600 0.105401 0.0993995 1.80804 0 0 2.01277 1.90746 
134800 0.105135 0.0993773 1.80106 0 0 2.00552 1.90046 
135000 0.104869 0.0993551 1.79408 0 0 1.99827 1.89346 
135200 0.104602 0.0993329 1.78711 0 0 1.99102 1.88646 
135400 0.104336 0.0993107 1.78013 0 0 1.98377 1.87946 
135600 0.10407 0.0992886 1.77315 0 0 1.97653 1.87246 
135800 0.103804 0.0992664 1.76618 0 0 1.96928 1.86545 
136000 0.103537 0.0992442 1.7592 0 0 1.96203 1.85845 
136200 0.103271 0.099222 1.75222 0 0 1.95478 1.85145 
136400 0.103005 0.0991998 1.74525 0 0 1.94753 1.84445 
136600 0.102739 0.0991776 1.73827 0 0 1.94029 1.83745 
136800 0.10247 0.0991571 1.73141 0 0 1.93314 1.83059 
137000 0.102201 0.0991367 1.72455 0 0 1.926 1.82373 
137200 0.101932 0.0991162 1.71769 0 0 1.91886 1.81687 
137400 0.101663 0.0990957 1.71083 0 0 1.91172 1.81 
137600 0.101395 0.0990752 1.70397 0 0 1.90457 1.80314 
137800 0.101126 0.0990547 1.6971 0 0 1.89743 1.79628 
138000 0.100857 0.0990343 1.69024 0 0 1.89029 1.78942 
138200 0.100588 0.0990138 1.68338 0 0 1.88315 1.78256 
138400 0.100319 0.0989933 1.67652 0 0 1.876 1.7757 
138600 0.100051 0.0989728 1.66966 0 0 1.86886 1.76884 
138800 0.0997818 0.0989523 1.6628 0 0 1.86172 1.76198 
139000 0.099513 0.0989318 1.65594 0 0 1.85458 1.75512 
139200 0.0992442 0.0989114 1.64908 0 0 1.84743 1.74826 
139400 0.0989952 0.0988892 1.64282 0 0 1.84088 1.74194 
139600 0.0987462 0.098867 1.63655 0 0 1.83432 1.73563 
139800 0.0984972 0.0988448 1.63029 0 0 1.82776 1.72932 
140000 0.0982482 0.0988226 1.62403 0 0 1.8212 1.72301 
140200 0.0979992 0.0988004 1.61777 0 0 1.81464 1.7167 
140400 0.0977502 0.0987782 1.61151 0 0 1.80809 1.71039 
140600 0.0975012 0.0987561 1.60524 0 0 1.80153 1.70408 
140800 0.0972522 0.0987339 1.59898 0 0 1.79497 1.69777 
141000 0.0970033 0.0987117 1.59272 0 0 1.78841 1.69146 
141200 0.0967543 0.0986895 1.58646 0 0 1.78186 1.68514 
141400 0.0965053 0.0986673 1.5802 0 0 1.7753 1.67883 
141600 0.0962563 0.0986451 1.57394 0 0 1.76874 1.67252 
141800 0.0960073 0.0986229 1.56767 0 0 1.76218 1.66621 
142000 0.0957663 0.0986011 1.56168 0 0 1.75591 1.66018 
142200 0.0955333 0.0985797 1.55595 0 0 1.74992 1.65443 
142400 0.0953004 0.0985584 1.55022 0 0 1.74393 1.64867 
142600 0.0950674 0.098537 1.54449 0 0 1.73794 1.64292 
142800 0.0948344 0.0985156 1.53876 0 0 1.73195 1.63717 
143000 0.0946015 0.0984942 1.53303 0 0 1.72596 1.63141 
143200 0.0943685 0.0984728 1.5273 0 0 1.71997 1.62566 
143400 0.0941355 0.0984514 1.52158 0 0 1.71398 1.61991 
143600 0.0939026 0.09843 1.51585 0 0 1.70799 1.61416 
143800 0.0936696 0.0984086 1.51012 0 0 1.70199 1.6084 
144000 0.0934366 0.0983872 1.50439 0 0 1.696 1.60265 
144200 0.0932037 0.0983658 1.49866 0 0 1.69001 1.5969 
144400 0.0929707 0.0983444 1.49293 0 0 1.68402 1.59114 
144600 0.0927377 0.098323 1.4872 0 0 1.67803 1.58539 
144800 0.0925083 0.0983004 1.48161 0 0 1.6722 1.57978 
145000 0.0922825 0.0982767 1.47617 0 0 1.66651 1.57431 
145200 0.0920567 0.0982529 1.47073 0 0 1.66083 1.56885 
145400 0.0918308 0.0982291 1.46528 0 0 1.65515 1.56338 
145600 0.091605 0.0982053 1.45984 0 0 1.64947 1.55791 
145800 0.0913791 0.0981816 1.4544 0 0 1.64379 1.55244 
146000 0.0911533 0.0981578 1.44895 0 0 1.63811 1.54698 
146200 0.0909275 0.098134 1.44351 0 0 1.63243 1.54151 
146400 0.0907016 0.0981102 1.43806 0 0 1.62674 1.53604 
146600 0.0904758 0.0980865 1.43262 0 0 1.62106 1.53057 
146800 0.09025 0.0980627 1.42718 0 0 1.61538 1.52511 
147000 0.0900241 0.0980389 1.42173 0 0 1.6097 1.51964 
147200 0.0897983 0.0980152 1.41629 0 0 1.60402 1.51417 
147400 0.0895725 0.0979914 1.41084 0 0 1.59834 1.5087 
147600 0.0893557 0.0979688 1.40565 0 0 1.59291 1.50349 
147800 0.089148 0.0979476 1.40069 0 0 1.58775 1.49854 
148000 0.0889404 0.0979262 1.39574 0 0 1.58258 1.49359 
148200 0.0887327 0.097905 1.39079 0 0 1.57742 1.48864 
148400 0.088525 0.0978836 1.38584 0 0 1.57225 1.48368 
148600 0.0883173 0.0978623 1.38089 0 0 1.56709 1.47873 
148800 0.0881097 0.097841 1.37593 0 0 1.56192 1.47378 
149000 0.087902 0.0978197 1.37098 0 0 1.55676 1.46883 
149200 0.0876943 0.0977984 1.36603 0 0 1.55159 1.46387 
149400 0.0874866 0.0977772 1.36108 0 0 1.54643 1.45892 
149600 0.087279 0.0977558 1.35612 0 0 1.54126 1.45397 
149800 0.0870713 0.0977345 1.35117 0 0 1.53609 1.44902 
150000 0.0868636 0.0977133 1.34622 0 0 1.53093 1.44407 
150200 0.0866473 0.0976966 1.34089 0 0 1.52527 1.43874 
150400 0.086431 0.09768 1.33557 0 0 1.51961 1.43342 
150600 0.0862335 0.0976578 1.331 0 0 1.51484 1.42882 
150800 0.086036 0.0976356 1.32643 0 0 1.51007 1.42423 
151000 0.0858386 0.0976134 1.32186 0 0 1.5053 1.41964 
151200 0.0856411 0.0975912 1.31729 0 0 1.50053 1.41504 
151400 0.0854436 0.097569 1.31272 0 0 1.49576 1.41045 
151600 0.0852462 0.0975468 1.30815 0 0 1.49099 1.40586 
151800 0.0850487 0.0975247 1.30358 0 0 1.48622 1.40127 
152000 0.0848512 0.0975025 1.299 0 0 1.48145 1.39667 
152200 0.0846538 0.0974803 1.29443 0 0 1.47668 1.39208 
152400 0.0844563 0.0974581 1.28986 0 0 1.47191 1.38749 
152600 0.0842588 0.0974359 1.28529 0 0 1.46714 1.3829 
152800 0.0840613 0.0974137 1.28072 0 0 1.46237 1.3783 
153000 0.0838639 0.0973915 1.27615 0 0 1.4576 1.37371 
153200 0.0836664 0.0973693 1.27158 0 0 1.45283 1.36912 
153400 0.0834689 0.0973472 1.26701 0 0 1.44806 1.36452 
153600 0.0832804 0.097325 1.26268 0 0 1.44351 1.36015 
153800 0.0830918 0.0973028 1.25836 0 0 1.43896 1.35578 
154000 0.0829032 0.0972806 1.25403 0 0 1.43441 1.35141 
154200 0.0827146 0.0972584 1.2497 0 0 1.42987 1.34704 
154400 0.082526 0.0972362 1.24538 0 0 1.42532 1.34267 
154600 0.0823374 0.097214 1.24105 0 0 1.42077 1.3383 
154800 0.0821488 0.0971918 1.23672 0 0 1.41622 1.33393 
155000 0.0819602 0.0971697 1.2324 0 0 1.41167 1.32956 
155200 0.0817716 0.0971475 1.22807 0 0 1.40712 1.32519 
155400 0.081583 0.0971253 1.22375 0 0 1.40258 1.32082 
155600 0.0813944 0.0971031 1.21942 0 0 1.39803 1.31644 
155800 0.0812058 0.0970809 1.21509 0 0 1.39348 1.31207 
156000 0.0810172 0.0970587 1.21077 0 0 1.38893 1.3077 
156200 0.0808287 0.0970365 1.20644 0 0 1.38438 1.30333 
156400 0.0806401 0.0970143 1.20211 0 0 1.37983 1.29896 
156600 0.0804559 0.0969899 1.19799 0 0 1.37551 1.29483 
156800 0.0802717 0.0969655 1.19386 0 0 1.37118 1.29071 
157000 0.0800876 0.0969411 1.18973 0 0 1.36685 1.28658 
157200 0.0799034 0.0969167 1.18561 0 0 1.36253 1.28245 
157400 0.0797193 0.0968923 1.18148 0 0 1.3582 1.27833 
157600 0.0795351 0.0968679 1.17735 0 0 1.35387 1.2742 
157800 0.079351 0.0968435 1.17322 0 0 1.34955 1.27007 
158000 0.0791668 0.0968191 1.1691 0 0 1.34522 1.26595 
158200 0.0789827 0.0967947 1.16497 0 0 1.34089 1.26182 
158400 0.0787985 0.0967703 1.16084 0 0 1.33657 1.25769 
158600 0.0786143 0.0967459 1.15672 0 0 1.33224 1.25357 
158800 0.0784302 0.0967215 1.15259 0 0 1.32792 1.24944 
159000 0.078246 0.0966971 1.14846 0 0 1.32359 1.24531 
159200 0.0780619 0.0966727 1.14434 0 0 1.31926 1.24118 
159400 0.0778777 0.0966483 1.14021 0 0 1.31494 1.23706 
159600 0.0777059 0.0966268 1.13645 0 0 1.31096 1.23326 
159800 0.0775342 0.0966053 1.13269 0 0 1.30699 1.22946 
160000 0.0773624 0.0965838 1.12894 0 0 1.30302 1.22566 
160200 0.0771906 0.0965624 1.12518 0 0 1.29905 1.22186 
160400 0.0770189 0.0965409 1.12142 0 0 1.29507 1.21806 
160600 0.0768471 0.0965194 1.11766 0 0 1.2911 1.21425 
160800 0.0766753 0.096498 1.11391 0 0 1.28713 1.21045 
161000 0.0765035 0.0964765 1.11015 0 0 1.28316 1.20665 
161200 0.0763318 0.096455 1.10639 0 0 1.27919 1.20285 
161400 0.07616 0.0964335 1.10263 0 0 1.27521 1.19905 
161600 0.0759882 0.0964121 1.09888 0 0 1.27124 1.19525 
161800 0.0758164 0.0963906 1.09512 0 0 1.26727 1.19145 
162000 0.0756447 0.0963691 1.09136 0 0 1.2633 1.18765 
162200 0.0754729 0.0963476 1.0876 0 0 1.25932 1.18385 
162400 0.0753011 0.0963262 1.08385 0 0 1.25535 1.18005 
162600 0.0751352 0.096304 1.08023 0 0 1.25153 1.1764 
162800 0.074975 0.0962811 1.07676 0 0 1.24787 1.17291 
163000 0.0748148 0.0962582 1.07328 0 0 1.24421 1.16941 
163200 0.0746547 0.0962354 1.06981 0 0 1.24055 1.16592 
163400 0.0744945 0.0962125 1.06634 0 0 1.23689 1.16242 
163600 0.0743343 0.0961896 1.06286 0 0 1.23323 1.15893 
163800 0.0741742 0.0961667 1.05939 0 0 1.22957 1.15544 
164000 0.074014 0.0961438 1.05592 0 0 1.22591 1.15194 
164200 0.0738538 0.096121 1.05244 0 0 1.22225 1.14845 
164400 0.0736937 0.0960981 1.04897 0 0 1.21859 1.14495 
164600 0.0735335 0.0960752 1.04549 0 0 1.21493 1.14146 
164800 0.0733733 0.0960523 1.04202 0 0 1.21126 1.13796 
165000 0.0732132 0.0960294 1.03855 0 0 1.2076 1.13447 
165200 0.073053 0.0960065 1.03507 0 0 1.20394 1.13097 
165400 0.0728928 0.0959837 1.0316 0 0 1.20028 1.12748 
165600 0.0727327 0.0959608 1.02813 0 0 1.19662 1.12399 
165800 0.072577 0.0959383 1.0248 0 0 1.19312 1.12063 
166000 0.0724257 0.0959161 1.02161 0 0 1.18977 1.11743 
166200 0.0722744 0.0958939 1.01842 0 0 1.18642 1.11422 
166400 0.0721231 0.0958717 1.01523 0 0 1.18307 1.11101 
166600 0.0719718 0.0958495 1.01205 0 0 1.17972 1.10781 
166800 0.0718206 0.0958273 1.00886 0 0 1.17638 1.1046 
167000 0.0716693 0.0958051 1.00567 0 0 1.17303 1.10139 
167200 0.071518 0.095783 1.00249 0 0 1.16968 1.09818 
167400 0.0713667 0.0957608 0.9993 0 0 1.16633 1.09498 
167600 0.0712155 0.0957386 0.996113 0 0 1.16298 1.09177 
167800 0.0710642 0.0957164 0.992926 0 0 1.15963 1.08856 
168000 0.0709129 0.0956942 0.989739 0 0 1.15629 1.08536 
168200 0.0707616 0.095672 0.986552 0 0 1.15294 1.08215 
168400 0.0706104 0.0956498 0.983365 0 0 1.14959 1.07894 
168600 0.0704591 0.0956276 0.980178 0 0 1.14624 1.07574 
168800 0.0703078 0.0956054 0.976991 0 0 1.14289 1.07253 
169000 0.0701565 0.0955833 0.973804 0 0 1.13954 1.06932 
169200 0.0700113 0.0955611 0.970759 0 0 1.13634 1.06628 
169400 0.0698661 0.0955389 0.967713 0 0 1.13313 1.06323 
169600 0.0697208 0.0955167 0.964667 0 0 1.12992 1.06018 
169800 0.0695756 0.0954945 0.961621 0 0 1.12672 1.05714 
170000 0.0694304 0.0954723 0.958576 0 0 1.12351 1.05409 
170200 0.0692852 0.0954501 0.95553 0 0 1.1203 1.05105 
170400 0.0691399 0.095428 0.952484 0 0 1.11709 1.048 
170600 0.0689947 0.0954058 0.949439 0 0 1.11389 1.04496 
170800 0.0688495 0.0953836 0.946393 0 0 1.11068 1.04191 
171000 0.0687042 0.0953614 0.943347 0 0 1.10747 1.03886 
171200 0.068559 0.0953392 0.940301 0 0 1.10427 1.03582 
171400 0.0684138 0.095317 0.937256 0 0 1.10106 1.03277 
171600 0.0682686 0.0952948 0.93421 0 0 1.09785 1.02973 
171800 0.0681233 0.0952726 0.931164 0 0 1.09464 1.02668 
172000 0.0679781 0.0952505 0.928119 0 0 1.09144 1.02364 
172200 0.0678329 0.0952283 0.925073 0 0 1.08823 1.02059 
172400 0.0676897 0.0952051 0.922118 0 0 1.08511 1.01761 
172600 0.0675485 0.0951809 0.919254 0 0 1.08209 1.01471 
172800 0.0674073 0.0951567 0.916389 0 0 1.07906 1.01181 
173000 0.0672661 0.0951324 0.913525 0 0 1.07604 1.0089 
173200 0.0671249 0.0951082 0.910661 0 0 1.07301 1.006 
173400 0.0669837 0.095084 0.907797 0 0 1.06999 1.00309 
173600 0.0668425 0.0950598 0.904933 0 0 1.06696 1.00019 
173800 0.0667013 0.0950356 0.902068 0 0 1.06394 0.997283 
174000 0.0665601 0.0950114 0.899204 0 0 1.06091 0.994378 
174200 0.066419 0.0949872 0.89634 0 0 1.05788 0.991474 
174400 0.0662778 0.094963 0.893476 0 0 1.05486 0.988569 
174600 0.0661366 0.0949388 0.890612 0 0 1.05183 0.985665 
174800 0.0659954 0.0949146 0.887748 0 0 1.04881 0.98276 
175000 0.0658542 0.0948904 0.884883 0 0 1.04578 0.979855 
175200 0.065713 0.0948662 0.882019 0 0 1.04276 0.976951 
175400 0.0655718 0.094842 0.879155 0 0 1.03973 0.974046 
175600 0.0654306 0.0948178 0.876291 0 0 1.03671 0.971142 
175800 0.0653032 0.0947969 0.873723 0 0 1.03399 0.968555 
176000 0.0651758 0.094776 0.871156 0 0 1.03127 0.965969 
176200 0.0650483 0.094755 0.868589 0 0 1.02855 0.963383 
176400 0.0649209 0.0947341 0.866021 0 0 1.02583 0.960796 
176600 0.0647935 0.0947132 0.863454 0 0 1.02311 0.95821 
176800 0.0646661 0.0946923 0.860886 0 0 1.02039 0.955623 
177000 0.0645387 0.0946714 0.858319 0 0 1.01767 0.953037 
177200 0.0644112 0.0946504 0.855752 0 0 1.01495 0.950451 
177400 0.0642838 0.0946295 0.853184 0 0 1.01223 0.947864 
177600 0.0641564 0.0946086 0.850617 0 0 1.00951 0.945278 
177800 0.064029 0.0945877 0.848049 0 0 1.00679 0.942691 
178000 0.0639016 0.0945668 0.845482 0 0 1.00407 0.940105 
178200 0.0637742 0.0945458 0.842915 0 0 1.00135 0.937518 
178400 0.0636467 0.0945249 0.840347 0 0 0.998632 0.934932 
178600 0.0635193 0.094504 0.83778 0 0 0.995913 0.932346 
178800 0.0633919 0.0944831 0.835212 0 0 0.993193 0.929759 
179000 0.0632645 0.0944622 0.832645 0 0 0.990474 0.927173 
179200 0.063139 0.0944403 0.830144 0 0 0.987821 0.924653 
179400 0.0630153 0.0944175 0.82771 0 0 0.985234 0.9222 
179600 0.0628917 0.0943947 0.825276 0 0 0.982648 0.919746 
179800 0.0627681 0.0943718 0.822841 0 0 0.980061 0.917293 
180000 0.0626445 0.094349 0.820407 0 0 0.977475 0.91484 
180200 0.0625209 0.0943262 0.817973 0 0 0.974888 0.912387 
180400 0.0623973 0.0943034 0.815539 0 0 0.972302 0.909933 
180600 0.0622737 0.0942805 0.813104 0 0 0.969716 0.90748 
180800 0.06215 0.0942577 0.81067 0 0 0.967129 0.905027 
181000 0.0620264 0.0942349 0.808236 0 0 0.964543 0.902573 
181200 0.0619028 0.0942121 0.805801 0 0 0.961956 0.90012 
181400 0.0617792 0.0941893 0.803367 0 0 0.95937 0.897667 
181600 0.0616556 0.0941664 0.800933 0 0 0.956783 0.895213 
181800 0.061532 0.0941436 0.798499 0 0 0.954197 0.89276 
182000 0.0614083 0.0941208 0.796064 0 0 0.951611 0.890307 
182200 0.0612847 0.094098 0.79363 0 0 0.949024 0.887854 
182400 0.0611611 0.0940752 0.791196 0 0 0.946438 0.8854 
182600 0.0610375 0.0940523 0.788762 0 0 0.943851 0.882947 
182800 0.0609177 0.0940295 0.78646 0 0 0.941398 0.880608 
183000 0.0607979 0.0940067 0.784159 0 0 0.938945 0.878269 
183200 0.0606781 0.0939839 0.781858 0 0 0.936492 0.87593 
183400 0.0605582 0.093961 0.779557 0 0 0.934038 0.87359 
183600 0.0604384 0.0939382 0.777256 0 0 0.931585 0.871251 
183800 0.0603186 0.0939154 0.774955 0 0 0.929132 0.868912 
184000 0.0601988 0.0938926 0.772654 0 0 0.926678 0.866573 
184200 0.060079 0.0938698 0.770352 0 0 0.924225 0.864234 
184400 0.0599592 0.0938469 0.768051 0 0 0.921772 0.861894 
184600 0.0598394 0.0938241 0.76575 0 0 0.919318 0.859555 
184800 0.0597196 0.0938013 0.763449 0 0 0.916865 0.857216 
185000 0.0595998 0.0937785 0.761148 0 0 0.914412 0.854877 
185200 0.0594799 0.0937556 0.758847 0 0 0.911959 0.852538 
185400 0.0593601 0.0937328 0.756546 0 0 0.909505 0.850198 
185600 0.0592403 0.09371 0.754244 0 0 0.907052 0.847859 
185800 0.0591205 0.0936872 0.751943 0 0 0.904599 0.84552 
186000 0.0590007 0.0936644 0.749642 0 0 0.902145 0.843181 
186200 0.0588859 0.0936422 0.747457 0 0 0.899821 0.840968 
186400 0.0587762 0.0936206 0.745388 0 0 0.897627 0.838881 
186600 0.0586664 0.093599 0.743319 0 0 0.895432 0.836794 
186800 0.0585567 0.0935774 0.741251 0 0 0.893237 0.834707 
187000 0.058447 0.0935558 0.739182 0 0 0.891042 0.832621 
187200 0.0583372 0.0935342 0.737113 0 0 0.888848 0.830534 
187400 0.0582275 0.0935126 0.735044 0 0 0.886653 0.828447 
187600 0.0581178 0.093491 0.732975 0 0 0.884458 0.82636 
187800 0.058008 0.0934695 0.730906 0 0 0.882263 0.824273 
188000 0.0578983 0.0934479 0.728838 0 0 0.880069 0.822187 
188200 0.0577885 0.0934263 0.726769 0 0 0.877874 0.8201 
188400 0.0576788 0.0934047 0.7247 0 0 0.875679 0.818013 
188600 0.0575691 0.0933831 0.722631 0 0 0.873484 0.815926 
188800 0.0574593 0.0933615 0.720562 0 0 0.87129 0.813839 
189000 0.0573496 0.0933399 0.718494 0 0 0.869095 0.811752 
189200 0.0572399 0.0933183 0.716425 0 0 0.8669 0.809666 
189400 0.0571301 0.0932968 0.714356 0 0 0.864705 0.807579 
189600 0.0570204 0.0932752 0.712287 0 0 0.862511 0.805492 
189800 0.0569106 0.0932536 0.710218 0 0 0.860316 0.803405 
190000 0.0568045 0.0932302 0.708257 0 0 0.858229 0.801426 
190200 0.0566984 0.0932068 0.706296 0 0 0.856142 0.799448 
190400 0.0565922 0.0931834 0.704336 0 0 0.854055 0.797469 
190600 0.0564861 0.09316 0.702375 0 0 0.851969 0.79549 
190800 0.0563799 0.0931367 0.700414 0 0 0.849882 0.793511 
191000 0.0562738 0.0931133 0.698453 0 0 0.847795 0.791532 
191200 0.0561677 0.0930899 0.696492 0 0 0.845708 0.789553 
191400 0.0560615 0.0930665 0.694531 0 0 0.843621 0.787574 
191600 0.0559554 0.0930431 0.69257 0 0 0.841535 0.785595 
191800 0.0558492 0.0930197 0.690609 0 0 0.839448 0.783616 
192000 0.0557431 0.0929963 0.688648 0 0 0.837361 0.781638 
192200 0.055637 0.0929729 0.686688 0 0 0.835274 0.779659 
192400 0.0555308 0.0929496 0.684727 0 0 0.833187 0.77768 
192600 0.0554247 0.0929262 0.682766 0 0 0.831101 0.775701 
192800 0.0553186 0.0929028 0.680805 0 0 0.829014 0.773722 
193000 0.0552124 0.0928794 0.678844 0 0 0.826927 0.771743 
193200 0.0551063 0.092856 0.676883 0 0 0.82484 0.769764 
193400 0.0550001 0.0928326 0.674922 0 0 0.822753 0.767785 
193600 0.0548971 0.0928104 0.673031 0 0 0.820738 0.765876 
193800 0.0547973 0.0927894 0.671209 0 0 0.818793 0.764037 
194000 0.0546975 0.0927684 0.669388 0 0 0.816849 0.762198 
194200 0.0545976 0.0927474 0.667566 0 0 0.814905 0.760359 
194400 0.0544978 0.0927263 0.665744 0 0 0.81296 0.75852 
194600 0.0543979 0.0927053 0.663922 0 0 0.811016 0.75668 
194800 0.0542981 0.0926843 0.662101 0 0 0.809072 0.754841 
195000 0.0541982 0.0926633 0.660279 0 0 0.807127 0.753002 
195200 0.0540984 0.0926423 0.658457 0 0 0.805183 0.751163 
195400 0.0539986 0.0926212 0.656636 0 0 0.803239 0.749323 
195600 0.0538987 0.0926002 0.654814 0 0 0.801295 0.747484 
195800 0.0537989 0.0925792 0.652992 0 0 0.79935 0.745645 
196000 0.053699 0.0925582 0.651171 0 0 0.797406 0.743806 
196200 0.0535992 0.0925372 0.649349 0 0 0.795462 0.741967 
196400 0.0534993 0.0925161 0.647527 0 0 0.793517 0.740127 
196600 0.0533995 0.0924951 0.645706 0 0 0.791573 0.738288 
196800 0.0532996 0.0924741 0.643884 0 0 0.789629 0.736449 
197000 0.0531998 0.0924531 0.642062 0 0 0.787684 0.73461 
197200 0.0531 0.0924321 0.64024 0 0 0.78574 0.732771 
197400 0.053002 0.0924105 0.638467 0 0 0.783843 0.730976 
197600 0.0529058 0.0923883 0.636741 0 0 0.781994 0.729225 
197800 0.0528097 0.0923661 0.635015 0 0 0.780146 0.727475 
198000 0.0527135 0.0923439 0.63329 0 0 0.778297 0.725725 
198200 0.0526174 0.0923217 0.631564 0 0 0.776448 0.723974 
198400 0.0525212 0.0922995 0.629838 0 0 0.774599 0.722224 
198600 0.0524251 0.0922773 0.628113 0 0 0.77275 0.720474 
198800 0.052329 0.0922552 0.626387 0 0 0.770901 0.718723 
199000 0.0522328 0.092233 0.624661 0 0 0.769052 0.716973 
199200 0.0521367 0.0922108 0.622936 0 0 0.767203 0.715223 
199400 0.0520405 0.0921886 0.62121 0 0 0.765354 0.713472 
199600 0.0519444 0.0921664 0.619484 0 0 0.763505 0.711722 
199800 0.0518482 0.0921442 0.617758 0 0 0.761656 0.709972 
200000 0.0517521 0.092122 0.616033 0 0 0.759807 0.708221 
