1000 3.75829 0.0123948 5843.65 0 0 5847.48 5843.65 
1200 3.62914 0.0156897 3677.81 0 0 3681.62 3678.4 
1400 3.50768 0.0189623 2485.28 0 0 2489.09 2485.28 
1600 3.38639 0.0220371 1964.94 0 0 1968.34 1965.7 
1800 3.26498 0.0248813 1451.08 0 0 1454.39 1451.08 
2000 3.14674 0.0276138 1103.73 0 0 1106.95 1103.73 
2200 3.0334 0.0302733 856.21 0 0 859.283 856.307 
2400 2.92541 0.0328729 678.437 0 0 681.386 678.441 
2600 2.82169 0.0354168 547.147 0 0 550.035 547.156 
2800 2.72215 0.0379073 448.133 0 0 450.822 448.133 
3000 2.62566 0.0403487 371.933 0 0 374.619 371.933 
3200 2.53313 0.0427388 311.582 0 0 314.242 311.682 
3400 2.44408 0.0450729 263.935 0 0 266.374 263.935 
3600 2.35836 0.047366 225.616 0 0 227.952 225.645 
3800 2.27558 0.0495934 194.463 0 0 196.77 194.586 
4000 2.19615 0.0517875 168.879 0 0 171.182 168.879 
4200 2.12013 0.0539248 147.501 0 0 149.673 147.605 
4400 2.0467 0.0560049 129.617 0 0 131.72 129.67 
4600 1.97647 0.0580404 114.494 0 0 116.528 114.555 
4800 1.91058 0.0599974 101.694 0 0 103.656 101.749 
5000 1.84826 0.0619023 656.209 0 0 658.132 656.216 
5200 1.78797 0.0637536 619.261 0 0 621.062 619.267 
5400 1.73062 0.0655855 568.233 0 0 570.029 568.24 
5600 1.6755 0.0673698 532.39 0 0 534.175 532.506 
5800 1.6223 0.0691161 478.278 0 0 479.95 478.39 
6000 1.5711 0.0708217 430.473 0 0 432.139 430.6 
6200 1.52281 0.0724746 390.884 0 0 392.465 390.929 
6400 1.47764 0.0740863 357.087 0 0 358.632 357.098 
6600 1.43368 0.0756419 328.556 0 0 330.04 328.629 
6800 1.39222 0.0771545 303.56 0 0 304.978 303.569 
7000 1.35306 0.0786334 281.804 0 0 283.218 281.879 
7200 1.31513 0.0800633 262.297 0 0 263.59 262.302 
7400 1.28025 0.0814494 244.904 0 0 246.194 244.912 
7600 1.24597 0.0828077 228.913 0 0 230.199 228.923 
7800 1.21362 0.0841025 214.38 0 0 215.665 214.504 
8000 1.18251 0.0853841 200.833 0 0 202.117 200.961 
8200 1.15304 0.08661 188.419 0 0 189.583 188.518 
8400 1.12464 0.0878172 176.71 0 0 177.868 176.834 
8600 1.09758 0.0889902 165.931 0 0 167.088 166.055 
8800 1.07157 0.0901203 155.926 0 0 157.083 156.055 
9000 1.04672 0.0912215 146.666 0 0 147.755 146.729 
9200 1.02293 0.0922954 138.017 0 0 139.135 138.11 
9400 1.00007 0.0933322 130.057 0 0 131.116 130.187 
9600 0.978035 0.0943571 122.641 0 0 123.714 122.739 
9800 0.956918 0.09535 115.791 0 0 116.833 115.885 
10000 0.936586 0.0963065 109.445 0 0 110.473 109.54 
10200 0.917476 0.0972228 103.696 0 0 104.711 103.788 
10400 0.897862 0.0981823 98.0024 0 0 99.0011 98.0952 
10600 0.880282 0.0990425 93.0878 0 0 94.0633 93.1809 
10800 0.86305 0.099891 88.4242 0 0 89.3872 88.5286 
11000 0.846073 0.10075 83.9986 0 0 84.9488 84.1036 
11200 0.829332 0.101588 79.7903 0 0 80.7277 79.8951 
11400 0.813556 0.1024 75.9498 0 0 76.8661 76.0549 
11600 0.798548 0.103173 72.4251 0 0 73.3274 72.5304 
11800 0.783477 0.103948 69.008 0 0 69.8984 69.1133 
12000 0.768977 0.1047 65.831 0 0 66.7051 65.9363 
12200 0.755112 0.105427 62.8866 0 0 63.7429 62.9921 
12400 0.741188 0.106166 60.0158 0 0 60.8609 60.1216 
12600 0.728398 0.106844 57.4639 0 0 58.2982 57.5694 
12800 0.715327 0.107548 54.9387 0 0 55.7624 55.0443 
13000 0.702678 0.108234 52.5717 0 0 53.3849 52.6842 
13200 0.690522 0.108895 50.3673 0 0 51.1662 50.481 
13400 0.67875 0.109534 48.295 0 0 49.0773 48.4007 
13600 0.667082 0.110165 46.3054 0 0 47.0869 46.4115 
13800 0.655941 0.110776 44.4652 0 0 45.2384 44.5788 
14000 0.644943 0.111382 42.6979 0 0 43.4617 42.816 
14200 0.634081 0.111985 41 0 0 41.7529 41.1169 
14400 0.623714 0.112568 39.4306 0 0 40.1656 39.539 
14600 0.613423 0.113144 37.9153 0 0 38.6454 38.0281 
14800 0.603291 0.113712 36.4603 0 0 37.1836 36.5786 
15000 0.593407 0.114268 35.0838 0 0 35.7889 35.2021 
15200 0.583836 0.11481 33.8022 0 0 34.4993 33.916 
15400 0.574378 0.115346 32.5535 0 0 33.2419 32.6718 
15600 0.565155 0.115872 31.3653 0 0 32.0452 31.4838 
15800 0.556372 0.11638 30.2676 0 0 30.9464 30.3862 
16000 0.547649 0.116884 29.2004 0 0 29.8725 29.319 
16200 0.538978 0.117383 28.1719 0 0 28.8282 28.2903 
16400 0.530449 0.117882 27.185 0 0 27.832 27.3035 
16600 0.522123 0.118369 26.2371 0 0 26.8782 26.3557 
16800 0.514212 0.118829 25.3627 0 0 26.0033 25.4816 
17000 0.506409 0.119289 24.5226 0 0 25.1533 24.6416 
17200 0.498663 0.119749 23.701 0 0 24.3169 23.8201 
17400 0.490992 0.1202 22.9179 0 0 23.5261 23.037 
17600 0.483526 0.120641 22.1655 0 0 22.7661 22.2845 
17800 0.476442 0.121066 21.4701 0 0 22.0635 21.5889 
18000 0.469408 0.121487 20.7921 0 0 21.3823 20.915 
18200 0.462409 0.121905 20.1256 0 0 20.7154 20.2555 
18400 0.45553 0.122316 19.4954 0 0 20.079 19.6207 
18600 0.448716 0.122723 18.8777 0 0 19.4541 18.9976 
18800 0.442299 0.123111 18.3151 0 0 18.8847 18.4414 
19000 0.435918 0.123496 17.761 0 0 18.3236 17.892 
19200 0.429643 0.123876 17.2321 0 0 17.7876 17.3629 
19400 0.423422 0.124253 16.714 0 0 17.2625 16.8448 
19600 0.417284 0.124627 16.2121 0 0 16.7541 16.3431 
19800 0.411353 0.124989 15.737 0 0 16.2716 15.8681 
20000 0.405593 0.125341 15.2838 0 0 15.8103 15.4149 
20200 0.399928 0.125687 14.8532 0 0 15.3762 14.9809 
20400 0.394303 0.126028 14.4287 0 0 14.9448 14.5502 
20600 0.388852 0.126363 14.0233 0 0 14.5369 14.1466 
20800 0.383496 0.126694 13.6284 0 0 14.1416 13.7576 
21000 0.378268 0.127016 13.2555 0 0 13.7608 13.383 
21200 0.373109 0.127333 12.8944 0 0 13.3878 13.0162 
21400 0.368096 0.127645 12.5477 0 0 13.0364 12.6698 
21600 0.363179 0.127953 12.2105 0 0 12.6993 12.3371 
21800 0.358296 0.128255 11.8835 0 0 12.3701 12.0122 
22000 0.353446 0.128552 11.567 0 0 12.0487 11.695 
22200 0.34871 0.128844 11.2596 0 0 11.7368 11.3878 
22400 0.344144 0.129127 10.9661 0 0 11.4394 11.0954 
22600 0.339619 0.129409 10.6782 0 0 11.1476 10.8084 
22800 0.33522 0.129686 10.4075 0 0 10.8727 10.5378 
23000 0.330827 0.129962 10.1378 0 0 10.5989 10.2682 
23200 0.326586 0.130222 9.88753 0 0 10.3447 10.0185 
23400 0.322344 0.130482 9.63727 0 0 10.0905 9.76875 
23600 0.318303 0.130737 9.40225 0 0 9.85163 9.53346 
23800 0.314313 0.130991 9.17105 0 0 9.61657 9.30177 
24000 0.310394 0.131237 8.94819 0 0 9.3899 9.07893 
24200 0.306549 0.131475 8.7337 0 0 9.17161 8.86496 
24400 0.30273 0.13171 8.5216 0 0 8.95581 8.65337 
24600 0.299069 0.131926 8.32305 0 0 8.75407 8.45532 
24800 0.295407 0.132141 8.12451 0 0 8.55234 8.25728 
25000 0.291787 0.132359 7.9342 0 0 8.35884 8.06712 
25200 0.288181 0.132577 7.74664 0 0 8.16808 7.87958 
25400 0.284661 0.132807 7.56521 0 0 7.98334 7.69817 
25600 0.2813 0.133061 7.39517 0 0 7.80977 7.52815 
25800 0.27794 0.133315 7.22513 0 0 7.63619 7.35812 
26000 0.274666 0.133488 7.06278 0 0 7.47072 7.19619 
26200 0.271407 0.133647 6.90179 0 0 7.30667 7.03569 
26400 0.268225 0.13382 6.746 0 0 7.14787 6.88022 
26600 0.265186 0.13402 6.59986 0 0 6.99882 6.73411 
26800 0.262147 0.13422 6.45373 0 0 6.84976 6.58799 
27000 0.259147 0.134418 6.3134 0 0 6.70685 6.44802 
27200 0.25616 0.134616 6.17501 0 0 6.566 6.31009 
27400 0.253197 0.134813 6.03857 0 0 6.42703 6.17398 
27600 0.25037 0.135003 5.91317 0 0 6.29881 6.04815 
27800 0.247543 0.135193 5.78777 0 0 6.17058 5.92232 
28000 0.244778 0.135363 5.66531 0 0 6.0453 5.79983 
28200 0.242089 0.135507 5.54643 0 0 5.92361 5.68141 
28400 0.2394 0.135652 5.42755 0 0 5.80193 5.563 
28600 0.236817 0.135793 5.31657 0 0 5.68853 5.45214 
28800 0.234269 0.135934 5.20821 0 0 5.5779 5.34379 
29000 0.231722 0.136075 5.09986 0 0 5.46727 5.23544 
29200 0.229263 0.13625 4.99875 0 0 5.36393 5.13474 
29400 0.226808 0.136428 4.89803 0 0 5.26097 5.03445 
29600 0.224362 0.1366 4.79783 0 0 5.15851 4.93463 
29800 0.221996 0.136726 4.70231 0 0 5.0606 4.83913 
30000 0.21963 0.136852 4.60678 0 0 4.96269 4.74363 
30200 0.2173 0.137013 4.51489 0 0 4.86899 4.65176 
30400 0.215096 0.137144 4.4282 0 0 4.78014 4.56507 
30600 0.212892 0.137275 4.34151 0 0 4.69128 4.47839 
30800 0.210713 0.137405 4.25664 0 0 4.60438 4.39364 
31000 0.20859 0.137533 4.176 0 0 4.52203 4.31341 
31200 0.206467 0.137661 4.09536 0 0 4.43967 4.23319 
31400 0.204377 0.137777 4.01683 0 0 4.35933 4.15495 
31600 0.202366 0.137863 3.94324 0 0 4.28368 4.08136 
31800 0.200355 0.137949 3.86964 0 0 4.20803 4.00777 
32000 0.198359 0.138043 3.79686 0 0 4.13327 3.93499 
32200 0.196427 0.138166 3.72731 0 0 4.06207 3.86545 
32400 0.194495 0.13829 3.65776 0 0 3.99086 3.79591 
32600 0.192573 0.138413 3.58883 0 0 3.92023 3.72697 
32800 0.190743 0.138533 3.52536 0 0 3.85479 3.66351 
33000 0.188913 0.138653 3.46189 0 0 3.78935 3.60004 
33200 0.187083 0.138773 3.39842 0 0 3.72391 3.53658 
33400 0.185314 0.138858 3.33863 0 0 3.66251 3.47712 
33600 0.183551 0.138939 3.27925 0 0 3.60155 3.41811 
33800 0.181789 0.139021 3.21986 0 0 3.5406 3.3591 
34000 0.180093 0.1391 3.16329 0 0 3.48247 3.30266 
34200 0.178433 0.139179 3.10822 0 0 3.42586 3.24761 
34400 0.176772 0.139257 3.05315 0 0 3.36925 3.19255 
34600 0.175143 0.139335 2.9998 0 0 3.31426 3.13921 
34800 0.173569 0.139411 2.94964 0 0 3.26226 3.08906 
35000 0.171995 0.139487 2.89948 0 0 3.21025 3.0389 
35200 0.170421 0.139563 2.84932 0 0 3.15825 2.98875 
35400 0.168883 0.139672 2.8013 0 0 3.10938 2.94107 
35600 0.167347 0.139784 2.7534 0 0 3.06068 2.89352 
35800 0.16581 0.139896 2.7055 0 0 3.01197 2.84597 
36000 0.164349 0.139967 2.66043 0 0 2.96558 2.80089 
36200 0.162948 0.140006 2.61769 0 0 2.92107 2.75783 
36400 0.161547 0.140044 2.57495 0 0 2.87657 2.71477 
36600 0.160146 0.140083 2.53221 0 0 2.83207 2.67172 
36800 0.158748 0.140155 2.49127 0 0 2.79004 2.63111 
37000 0.157349 0.140227 2.45034 0 0 2.74801 2.59051 
37200 0.155951 0.140299 2.4094 0 0 2.70598 2.5499 
37400 0.1546 0.14037 2.37019 0 0 2.66554 2.51088 
37600 0.153307 0.14044 2.33309 0 0 2.62706 2.47378 
37800 0.152014 0.14051 2.296 0 0 2.58858 2.43669 
38000 0.150721 0.14058 2.2589 0 0 2.5501 2.3996 
38200 0.149483 0.140646 2.22395 0 0 2.51406 2.36466 
38400 0.148259 0.140713 2.18953 0 0 2.47862 2.33026 
38600 0.147034 0.140779 2.15511 0 0 2.44318 2.29586 
38800 0.14581 0.140843 2.12081 0 0 2.40784 2.26157 
39000 0.144589 0.140879 2.08872 0 0 2.3744 2.22947 
39200 0.143369 0.140915 2.05663 0 0 2.34096 2.19738 
39400 0.142148 0.140951 2.02455 0 0 2.30751 2.16528 
39600 0.14096 0.140992 1.99309 0 0 2.27478 2.13383 
39800 0.13985 0.141048 1.96313 0 0 2.24371 2.10388 
40000 0.13874 0.141103 1.93316 0 0 2.21264 2.07393 
40200 0.137628 0.141181 1.90419 0 0 2.18287 2.04571 
40400 0.136534 0.141241 1.8759 0 0 2.1537 2.01785 
40600 0.135467 0.141273 1.84861 0 0 2.12544 1.99057 
40800 0.134401 0.141306 1.82133 0 0 2.09718 1.96328 
41000 0.133334 0.141338 1.79404 0 0 2.06891 1.936 
41200 0.132289 0.14137 1.76761 0 0 2.04152 1.90957 
41400 0.131269 0.141402 1.74222 0 0 2.01518 1.88418 
41600 0.130249 0.141434 1.71683 0 0 1.98884 1.8588 
41800 0.129229 0.141466 1.69144 0 0 1.9625 1.83341 
42000 0.128229 0.141498 1.66689 0 0 1.937 1.80886 
42200 0.127253 0.141528 1.64336 0 0 1.91254 1.78533 
42400 0.126277 0.141559 1.61983 0 0 1.88808 1.7618 
42600 0.125301 0.141589 1.5963 0 0 1.86363 1.73827 
42800 0.124342 0.14162 1.5734 0 0 1.83979 1.71537 
43000 0.123412 0.141652 1.55165 0 0 1.81713 1.69363 
43200 0.122483 0.141683 1.5299 0 0 1.79446 1.6719 
43400 0.121553 0.141715 1.50815 0 0 1.7718 1.65016 
43600 0.120635 0.141745 1.48679 0 0 1.74952 1.6288 
43800 0.11976 0.141773 1.46697 0 0 1.7288 1.60898 
44000 0.118886 0.141801 1.44714 0 0 1.70808 1.58916 
44200 0.118011 0.141829 1.42732 0 0 1.68736 1.56934 
44400 0.117137 0.141857 1.4075 0 0 1.66664 1.54951 
44600 0.116286 0.141885 1.38848 0 0 1.64674 1.53049 
44800 0.115438 0.141914 1.36955 0 0 1.62693 1.51155 
45000 0.11459 0.141942 1.35063 0 0 1.60712 1.49261 
45200 0.113741 0.141971 1.3317 0 0 1.58731 1.47367 
45400 0.112926 0.141983 1.31392 0 0 1.56873 1.45596 
45600 0.112132 0.141984 1.2969 0 0 1.55096 1.43906 
45800 0.111339 0.141985 1.27989 0 0 1.5332 1.42216 
46000 0.110545 0.141986 1.26288 0 0 1.51544 1.40526 
46200 0.109756 0.141991 1.24602 0 0 1.49783 1.38848 
46400 0.108992 0.142018 1.23006 0 0 1.48111 1.37233 
46600 0.108227 0.142046 1.2141 0 0 1.46439 1.35619 
46800 0.107463 0.142073 1.19815 0 0 1.44767 1.34005 
47000 0.106698 0.1421 1.18219 0 0 1.43094 1.32391 
47200 0.10596 0.14211 1.16704 0 0 1.41499 1.30876 
47400 0.105237 0.142109 1.15233 0 0 1.39946 1.29416 
47600 0.104514 0.142108 1.13762 0 0 1.38392 1.27955 
47800 0.103791 0.142108 1.12291 0 0 1.36838 1.26494 
48000 0.103069 0.142109 1.10826 0 0 1.35292 1.25039 
48200 0.102381 0.142134 1.09466 0 0 1.33877 1.23682 
48400 0.101692 0.14216 1.08107 0 0 1.32462 1.22325 
48600 0.101004 0.142185 1.06748 0 0 1.31048 1.20968 
48800 0.100315 0.142211 1.05388 0 0 1.29633 1.19611 
49000 0.099638 0.142227 1.04065 0 0 1.28251 1.1829 
49200 0.0989821 0.142226 1.0281 0 0 1.2693 1.17034 
49400 0.0983261 0.142226 1.01554 0 0 1.25608 1.15778 
49600 0.0976702 0.142225 1.00299 0 0 1.24287 1.14522 
49800 0.0970142 0.142224 0.990433 0 0 1.22966 1.13266 
50000 0.0963626 0.142224 0.978017 0 0 1.21655 1.12023 
50200 0.0957372 0.142223 0.966362 0 0 1.20429 1.10857 
50400 0.0951118 0.142222 0.954707 0 0 1.19204 1.09692 
50600 0.0944864 0.142221 0.943052 0 0 1.17978 1.08526 
50800 0.093861 0.14222 0.931397 0 0 1.16753 1.0736 
51000 0.0932578 0.142219 0.920393 0 0 1.15593 1.0626 
51200 0.0926642 0.142218 0.909669 0 0 1.14462 1.05188 
51400 0.0920705 0.142217 0.898945 0 0 1.13331 1.04115 
51600 0.0914769 0.142216 0.888221 0 0 1.122 1.03043 
51800 0.0908832 0.142215 0.877497 0 0 1.11068 1.01971 
52000 0.0903077 0.142213 0.867281 0 0 1.09987 1.00949 
52200 0.0897399 0.142212 0.857283 0 0 1.08927 0.999492 
52400 0.0891721 0.142211 0.847284 0 0 1.07867 0.989491 
52600 0.0886044 0.142209 0.837286 0 0 1.06807 0.979491 
52800 0.0880366 0.142208 0.827288 0 0 1.05747 0.969491 
53000 0.087489 0.142207 0.817822 0 0 1.04746 0.960024 
53200 0.0869523 0.142205 0.808643 0 0 1.03776 0.950844 
53400 0.0864157 0.142204 0.799464 0 0 1.02807 0.941665 
53600 0.085879 0.142203 0.790285 0 0 1.01838 0.932485 
53800 0.0853423 0.142201 0.781106 0 0 1.00868 0.923306 
54000 0.0848145 0.14219 0.772213 0 0 0.999253 0.914402 
54200 0.0842977 0.142166 0.76367 0 0 0.990153 0.905834 
54400 0.0837808 0.142142 0.755127 0 0 0.981052 0.897267 
54600 0.083264 0.142118 0.746584 0 0 0.971952 0.8887 
54800 0.0827472 0.142094 0.738041 0 0 0.962852 0.880133 
55000 0.0822352 0.142074 0.729619 0 0 0.953888 0.871691 
55200 0.0817424 0.142073 0.721681 0 0 0.945472 0.863752 
55400 0.0812496 0.142071 0.713744 0 0 0.937056 0.855812 
55600 0.0807568 0.14207 0.705807 0 0 0.92864 0.847872 
55800 0.080264 0.142068 0.69787 0 0 0.920223 0.839932 
56000 0.0797712 0.142067 0.689933 0 0 0.911807 0.831993 
56200 0.0793035 0.142064 0.682585 0 0 0.903972 0.824624 
56400 0.0788403 0.142062 0.67534 0 0 0.89624 0.817356 
56600 0.0783771 0.142059 0.668096 0 0 0.888508 0.810088 
56800 0.0779139 0.142057 0.660852 0 0 0.880776 0.802821 
57000 0.0774507 0.142054 0.653607 0 0 0.873044 0.795553 
57200 0.0769944 0.142044 0.646542 0 0 0.865502 0.788472 
57400 0.0765511 0.142021 0.639809 0 0 0.858312 0.781737 
57600 0.0761078 0.141998 0.633076 0 0 0.851122 0.775002 
57800 0.0756644 0.141975 0.626343 0 0 0.843932 0.768268 
58000 0.0752211 0.141952 0.61961 0 0 0.836743 0.761533 
58200 0.0747778 0.141929 0.612877 0 0 0.829553 0.754798 
58400 0.0743501 0.141906 0.606528 0 0 0.822754 0.748433 
58600 0.0739277 0.141882 0.600308 0 0 0.816086 0.74219 
58800 0.0735052 0.141859 0.594087 0 0 0.809418 0.735948 
59000 0.0730828 0.141836 0.587867 0 0 0.80275 0.729705 
59200 0.0726603 0.141812 0.581646 0 0 0.796081 0.723463 
59400 0.0722385 0.14179 0.575441 0 0 0.78943 0.717236 
59600 0.0718295 0.141787 0.569527 0 0 0.783101 0.711319 
59800 0.0714204 0.141785 0.563614 0 0 0.776771 0.705401 
60000 0.0710113 0.141783 0.5577 0 0 0.770442 0.699483 
60200 0.0706174 0.141781 0.552098 0 0 0.764415 0.693876 
60400 0.0702234 0.141779 0.546495 0 0 0.758389 0.688268 
60600 0.0698319 0.141772 0.540956 0 0 0.752434 0.68272 
60800 0.0694478 0.141749 0.535605 0 0 0.746694 0.677347 
61000 0.0690637 0.141726 0.530255 0 0 0.740953 0.671975 
61200 0.0686795 0.141703 0.524904 0 0 0.735213 0.666602 
61400 0.0682954 0.14168 0.519553 0 0 0.729472 0.66123 
61600 0.0679112 0.141656 0.514203 0 0 0.723731 0.655857 
61800 0.0675342 0.141633 0.509007 0 0 0.71815 0.650639 
62000 0.0671703 0.141611 0.5041 0 0 0.712863 0.645709 
62200 0.0668063 0.141588 0.499193 0 0 0.707577 0.640778 
62400 0.0664424 0.141566 0.494286 0 0 0.70229 0.635847 
62600 0.0660785 0.141543 0.489378 0 0 0.697003 0.630916 
62800 0.0657145 0.141521 0.484471 0 0 0.691717 0.625986 
63000 0.0653554 0.141498 0.479673 0 0 0.686541 0.621165 
63200 0.0650076 0.141476 0.47513 0 0 0.681625 0.6166 
63400 0.0646598 0.141454 0.470587 0 0 0.676709 0.612036 
63600 0.0643121 0.141431 0.466044 0 0 0.671793 0.607471 
63800 0.0639643 0.141409 0.461501 0 0 0.666877 0.602906 
64000 0.0636165 0.141386 0.456959 0 0 0.66196 0.598342 
64200 0.063271 0.141364 0.452466 0 0 0.657095 0.593824 
64400 0.0629392 0.141342 0.448256 0 0 0.652517 0.589574 
64600 0.0626073 0.14132 0.444047 0 0 0.647939 0.585324 
64800 0.0622754 0.141298 0.439837 0 0 0.64336 0.581074 
65000 0.0619435 0.141276 0.435628 0 0 0.638782 0.576824 
65200 0.0616116 0.141254 0.431418 0 0 0.634204 0.572574 
65400 0.0612797 0.141232 0.427209 0 0 0.629626 0.568324 
65600 0.0609636 0.14121 0.423283 0 0 0.625375 0.564391 
65800 0.0606493 0.141188 0.419388 0 0 0.62116 0.560493 
66000 0.060335 0.141167 0.415494 0 0 0.616945 0.556595 
66200 0.0600207 0.141145 0.411599 0 0 0.612731 0.552697 
66400 0.0597064 0.141123 0.407705 0 0 0.608516 0.548799 
66600 0.0593921 0.141101 0.40381 0 0 0.604301 0.544901 
66800 0.0590863 0.141071 0.400075 0 0 0.60024 0.541153 
67000 0.058789 0.141031 0.3965 0 0 0.596333 0.537556 
67200 0.0584917 0.140992 0.392924 0 0 0.592425 0.533958 
67400 0.0581944 0.140952 0.389349 0 0 0.588518 0.530361 
67600 0.0578971 0.140913 0.385773 0 0 0.58461 0.526763 
67800 0.0575998 0.140873 0.382198 0 0 0.580703 0.523165 
68000 0.0573025 0.140834 0.378623 0 0 0.576795 0.519568 
68200 0.0570168 0.140811 0.375294 0 0 0.573157 0.516201 
68400 0.0567317 0.140789 0.371978 0 0 0.569533 0.512847 
68600 0.0564466 0.140768 0.368663 0 0 0.565909 0.509493 
68800 0.0561615 0.140746 0.365347 0 0 0.562285 0.506139 
69000 0.0558764 0.140724 0.362032 0 0 0.558661 0.502784 
69200 0.0555913 0.140702 0.358716 0 0 0.555037 0.49943 
69400 0.0553103 0.140681 0.355471 0 0 0.551484 0.496152 
69600 0.0550386 0.14066 0.352391 0 0 0.5481 0.49305 
69800 0.054767 0.140639 0.34931 0 0 0.544716 0.489949 
70000 0.0544954 0.140618 0.346229 0 0 0.541332 0.486847 
70200 0.0542237 0.140597 0.343149 0 0 0.537948 0.483746 
70400 0.0539521 0.140576 0.340068 0 0 0.534564 0.480644 
70600 0.0536805 0.140555 0.336988 0 0 0.531179 0.477543 
70800 0.0534163 0.140524 0.334044 0 0 0.527945 0.474568 
71000 0.0531582 0.140486 0.331212 0 0 0.524834 0.471697 
71200 0.0529001 0.140447 0.32838 0 0 0.521723 0.468826 
71400 0.0526421 0.140409 0.325547 0 0 0.518612 0.465956 
71600 0.052384 0.140371 0.322715 0 0 0.515501 0.463085 
71800 0.0521259 0.140332 0.319883 0 0 0.512389 0.460214 
72000 0.0518678 0.140294 0.317051 0 0 0.509278 0.457343 
72200 0.051618 0.140256 0.314362 0 0 0.506303 0.454617 
72400 0.0513725 0.140218 0.31175 0 0 0.503402 0.451968 
72600 0.0511271 0.140181 0.309138 0 0 0.5005 0.449319 
72800 0.0508817 0.140143 0.306526 0 0 0.497599 0.44667 
73000 0.0506363 0.140105 0.303914 0 0 0.494697 0.444022 
73200 0.0503909 0.140067 0.301302 0 0 0.491796 0.441373 
73400 0.0501455 0.14003 0.29869 0 0 0.488894 0.438724 
73600 0.0499083 0.140003 0.296194 0 0 0.486123 0.436201 
73800 0.0496766 0.139983 0.293776 0 0 0.483438 0.433763 
74000 0.049445 0.139963 0.291359 0 0 0.480754 0.431324 
74200 0.0492134 0.139943 0.288941 0 0 0.47807 0.428885 
74400 0.0489817 0.139923 0.286523 0 0 0.475385 0.426447 
74600 0.0487501 0.139903 0.284105 0 0 0.472701 0.424008 
74800 0.0485184 0.139883 0.281687 0 0 0.470016 0.421569 
75000 0.0482903 0.139857 0.279337 0 0 0.467408 0.419193 
75200 0.0480674 0.13982 0.27709 0 0 0.464914 0.416909 
75400 0.0478444 0.139784 0.274843 0 0 0.462421 0.414625 
75600 0.0476215 0.139747 0.272595 0 0 0.459927 0.412342 
75800 0.0473986 0.13971 0.270348 0 0 0.457433 0.410058 
76000 0.0471757 0.139674 0.268101 0 0 0.454939 0.407774 
76200 0.0469528 0.139637 0.265853 0 0 0.452446 0.40549 
76400 0.0467312 0.139601 0.263625 0 0 0.449972 0.403226 
76600 0.0465209 0.139565 0.261571 0 0 0.447678 0.401136 
76800 0.0463106 0.139529 0.259517 0 0 0.445384 0.399046 
77000 0.0461003 0.139494 0.257463 0 0 0.44309 0.396956 
77200 0.04589 0.139458 0.255409 0 0 0.440796 0.394866 
77400 0.0456797 0.139422 0.253355 0 0 0.438502 0.392776 
77600 0.0454694 0.139387 0.251301 0 0 0.436208 0.390686 
77800 0.0452591 0.139351 0.249246 0 0 0.433914 0.388596 
78000 0.0450554 0.139316 0.247278 0 0 0.431707 0.386592 
78200 0.0448562 0.13928 0.245366 0 0 0.429559 0.384645 
78400 0.044657 0.139245 0.243455 0 0 0.427411 0.382699 
78600 0.0444577 0.13921 0.241544 0 0 0.425263 0.380752 
78800 0.0442585 0.139174 0.239632 0 0 0.423115 0.378805 
79000 0.0440593 0.139139 0.237721 0 0 0.420967 0.376858 
79200 0.0438601 0.139104 0.23581 0 0 0.41882 0.374912 
79400 0.0436608 0.139068 0.233898 0 0 0.416672 0.372965 
79600 0.0434659 0.139024 0.232103 0 0 0.414622 0.371126 
79800 0.043271 0.13898 0.230307 0 0 0.412572 0.369287 
80000 0.0430761 0.138936 0.228512 0 0 0.410522 0.367448 
80200 0.0428861 0.138907 0.226772 0 0 0.408541 0.365679 
80400 0.042696 0.138878 0.225031 0 0 0.406559 0.36391 
80600 0.0425059 0.138849 0.223291 0 0 0.404577 0.362141 
80800 0.0423159 0.13882 0.22155 0 0 0.402595 0.360371 
81000 0.0421286 0.138786 0.219839 0 0 0.40065 0.358627 
81200 0.0419494 0.138737 0.218217 0 0 0.398818 0.356955 
81400 0.0417701 0.138687 0.216595 0 0 0.396985 0.355283 
81600 0.0415909 0.138638 0.214973 0 0 0.395153 0.353612 
81800 0.0414117 0.138589 0.213351 0 0 0.39332 0.35194 
82000 0.0412325 0.13854 0.211728 0 0 0.391488 0.350268 
82200 0.0410533 0.13849 0.210106 0 0 0.389655 0.348597 
82400 0.0408741 0.138441 0.208484 0 0 0.387823 0.346925 
82600 0.040697 0.138396 0.206896 0 0 0.386025 0.345292 
82800 0.0405248 0.138363 0.205386 0 0 0.384308 0.34375 
83000 0.0403526 0.138329 0.203877 0 0 0.382592 0.342208 
83200 0.0401803 0.138295 0.202368 0 0 0.380875 0.340665 
83400 0.0400081 0.138262 0.200859 0 0 0.379159 0.339123 
83600 0.0398359 0.138228 0.199349 0 0 0.377442 0.33758 
83800 0.0396637 0.138194 0.19784 0 0 0.375726 0.336038 
84000 0.0394914 0.13816 0.196331 0 0 0.374009 0.334496 
84200 0.0393214 0.138127 0.194854 0 0 0.372322 0.332982 
84400 0.0391581 0.138094 0.193472 0 0 0.370724 0.331553 
84600 0.0389947 0.138061 0.192091 0 0 0.369127 0.330124 
84800 0.0388314 0.138029 0.190709 0 0 0.367529 0.328694 
85000 0.0386681 0.137996 0.189328 0 0 0.365931 0.327265 
85200 0.0385047 0.137963 0.187947 0 0 0.364333 0.325836 
85400 0.0383414 0.137931 0.186565 0 0 0.362736 0.324407 
85600 0.038178 0.137898 0.185184 0 0 0.361138 0.322978 
85800 0.0380147 0.137865 0.183802 0 0 0.35954 0.321549 
86000 0.0378579 0.137818 0.182512 0 0 0.358065 0.320226 
86200 0.0377011 0.13777 0.181223 0 0 0.35659 0.318903 
86400 0.0375444 0.137723 0.179933 0 0 0.355115 0.317581 
86600 0.0373876 0.137676 0.178643 0 0 0.35364 0.316258 
86800 0.0372308 0.137628 0.177354 0 0 0.352165 0.314935 
87000 0.0370741 0.137581 0.176064 0 0 0.35069 0.313612 
87200 0.0369173 0.137533 0.174774 0 0 0.349215 0.312289 
87400 0.0367605 0.137486 0.173484 0 0 0.347739 0.310967 
87600 0.0366099 0.137439 0.172262 0 0 0.346325 0.309703 
87800 0.0364627 0.137393 0.171075 0 0 0.344944 0.308471 
88000 0.0363154 0.137347 0.169889 0 0 0.343563 0.307239 
88200 0.0361682 0.137301 0.168703 0 0 0.342182 0.306007 
88400 0.0360209 0.137255 0.167516 0 0 0.340801 0.304775 
88600 0.0358737 0.137209 0.16633 0 0 0.339419 0.303543 
88800 0.0357264 0.137163 0.165144 0 0 0.338038 0.302311 
89000 0.0355792 0.137117 0.163958 0 0 0.336657 0.301079 
89200 0.0354327 0.137072 0.16278 0 0 0.335286 0.299856 
89400 0.0352932 0.137041 0.161679 0 0 0.334008 0.298724 
89600 0.0351538 0.13701 0.160577 0 0 0.33273 0.297591 
89800 0.0350143 0.136979 0.159476 0 0 0.331452 0.296458 
90000 0.0348748 0.136947 0.158375 0 0 0.330175 0.295325 
90200 0.0347353 0.136916 0.157274 0 0 0.328897 0.294192 
90400 0.0345959 0.136885 0.156173 0 0 0.327619 0.293059 
90600 0.0344564 0.136854 0.155072 0 0 0.326341 0.291926 
90800 0.0343169 0.136823 0.15397 0 0 0.325063 0.290794 
91000 0.0341798 0.136787 0.1529 0 0 0.323817 0.289687 
91200 0.0340469 0.136742 0.151887 0 0 0.322631 0.28863 
91400 0.0339141 0.136698 0.150874 0 0 0.321445 0.287572 
91600 0.0337812 0.136653 0.149861 0 0 0.320259 0.286514 
91800 0.0336484 0.136608 0.148849 0 0 0.319072 0.285457 
92000 0.0335155 0.136564 0.147836 0 0 0.317886 0.284399 
92200 0.0333827 0.136519 0.146823 0 0 0.3167 0.283342 
92400 0.0332498 0.136475 0.14581 0 0 0.315514 0.282284 
92600 0.033117 0.13643 0.144797 0 0 0.314328 0.281227 
92800 0.0329876 0.136386 0.143822 0 0 0.313181 0.280208 
93000 0.0328625 0.136342 0.142895 0 0 0.312084 0.279237 
93200 0.0327375 0.136298 0.141967 0 0 0.310986 0.278265 
93400 0.0326124 0.136254 0.14104 0 0 0.309888 0.277294 
93600 0.0324873 0.13621 0.140112 0 0 0.30879 0.276322 
93800 0.0323622 0.136166 0.139184 0 0 0.307692 0.275351 
94000 0.0322371 0.136122 0.138257 0 0 0.306594 0.274379 
94200 0.032112 0.136079 0.137329 0 0 0.305497 0.273408 
94400 0.0319869 0.136035 0.136402 0 0 0.304399 0.272436 
94600 0.031864 0.135991 0.135499 0 0 0.303327 0.27149 
94800 0.0317445 0.135948 0.134633 0 0 0.302295 0.270581 
95000 0.0316249 0.135905 0.133767 0 0 0.301263 0.269672 
95200 0.0315054 0.135863 0.132901 0 0 0.300232 0.268763 
95400 0.0313859 0.13582 0.132035 0 0 0.2992 0.267854 
95600 0.0312663 0.135777 0.131168 0 0 0.298168 0.266945 
95800 0.0311468 0.135734 0.130302 0 0 0.297136 0.266036 
96000 0.0310272 0.135691 0.129436 0 0 0.296104 0.265127 
96200 0.0309077 0.135648 0.12857 0 0 0.295072 0.264218 
96400 0.0307888 0.135605 0.127715 0 0 0.294052 0.263319 
96600 0.030674 0.135563 0.126918 0 0 0.293102 0.262477 
96800 0.0305591 0.13552 0.126122 0 0 0.292152 0.261636 
97000 0.0304443 0.135478 0.125325 0 0 0.291202 0.260794 
97200 0.0303294 0.135436 0.124529 0 0 0.290251 0.259952 
97400 0.0302145 0.135393 0.123733 0 0 0.289301 0.25911 
97600 0.0300997 0.135351 0.122936 0 0 0.288351 0.258269 
97800 0.0299848 0.135308 0.12214 0 0 0.287401 0.257427 
98000 0.02987 0.135266 0.121344 0 0 0.286451 0.256585 
98200 0.0297551 0.135224 0.120547 0 0 0.285501 0.255743 
98400 0.0296457 0.135179 0.119794 0 0 0.284595 0.254952 
98600 0.0295382 0.135134 0.119055 0 0 0.283703 0.254176 
98800 0.0294307 0.135089 0.118317 0 0 0.282812 0.253401 
99000 0.0293231 0.135044 0.117578 0 0 0.281921 0.252626 
99200 0.0292156 0.134998 0.116839 0 0 0.281029 0.251851 
99400 0.0291081 0.134953 0.116101 0 0 0.280138 0.251076 
99600 0.0290005 0.134908 0.115362 0 0 0.279247 0.250301 
99800 0.028893 0.134863 0.114623 0 0 0.278355 0.249525 
100000 0.0287855 0.134817 0.113885 0 0 0.277464 0.24875 
100200 0.0286964 0.134815 0.113283 0 0 0.276711 0.248003 
100400 0.0285907 0.134772 0.112582 0 0 0.275863 0.247262 
100600 0.028485 0.13473 0.111881 0 0 0.275015 0.246521 
100800 0.0283794 0.134687 0.11118 0 0 0.274167 0.24578 
101000 0.0282737 0.134644 0.110479 0 0 0.273319 0.245039 
101200 0.028168 0.134602 0.109778 0 0 0.272471 0.244298 
101400 0.0280624 0.134559 0.109077 0 0 0.271623 0.243558 
101600 0.0279567 0.134517 0.108376 0 0 0.270775 0.242817 
101800 0.027851 0.134474 0.107675 0 0 0.269927 0.242076 
102000 0.0277453 0.134432 0.106974 0 0 0.269079 0.241335 
102200 0.0276442 0.134385 0.106311 0 0 0.268272 0.240631 
102400 0.0275476 0.134333 0.105685 0 0 0.267504 0.239965 
102600 0.027451 0.134281 0.105058 0 0 0.266737 0.239299 
102800 0.0273544 0.13423 0.104432 0 0 0.26597 0.238632 
103000 0.0272578 0.134178 0.103806 0 0 0.265203 0.237966 
103200 0.0271612 0.134126 0.10318 0 0 0.264435 0.2373 
103400 0.0270646 0.134075 0.102554 0 0 0.263668 0.236634 
103600 0.026968 0.134023 0.101927 0 0 0.262901 0.235967 
103800 0.0268714 0.133971 0.101301 0 0 0.262133 0.235301 
104000 0.0267747 0.13392 0.100675 0 0 0.261366 0.234635 
104200 0.0266817 0.133875 0.100082 0 0 0.26064 0.234002 
104400 0.0265922 0.133837 0.0995211 0 0 0.259956 0.233404 
104600 0.0265026 0.133798 0.0989605 0 0 0.259272 0.232805 
104800 0.0264131 0.13376 0.0984 0 0 0.258588 0.232207 
105000 0.0263236 0.133722 0.0978394 0 0 0.257904 0.231608 
105200 0.026234 0.133684 0.0972788 0 0 0.25722 0.23101 
105400 0.0261445 0.133646 0.0967183 0 0 0.256536 0.230411 
105600 0.026055 0.133607 0.0961577 0 0 0.255852 0.229813 
105800 0.0259655 0.133569 0.0955972 0 0 0.255169 0.229214 
106000 0.0258759 0.133531 0.0950366 0 0 0.254485 0.228615 
106200 0.0257864 0.133493 0.094476 0 0 0.253801 0.228017 
106400 0.0256961 0.133452 0.0939213 0 0 0.253108 0.227413 
106600 0.0256059 0.133412 0.0933666 0 0 0.252416 0.22681 
106800 0.0255156 0.133371 0.0928119 0 0 0.251724 0.226206 
107000 0.0254254 0.133331 0.0922571 0 0 0.251032 0.225602 
107200 0.0253351 0.133291 0.0917024 0 0 0.250339 0.224999 
107400 0.0252449 0.13325 0.0911477 0 0 0.249647 0.224395 
107600 0.0251546 0.13321 0.090593 0 0 0.248955 0.223791 
107800 0.0250643 0.133169 0.0900383 0 0 0.248263 0.223188 
108000 0.0249741 0.133129 0.0894836 0 0 0.24757 0.222584 
108200 0.0248838 0.133088 0.0889289 0 0 0.246878 0.22198 
108400 0.0248042 0.133041 0.0884542 0 0 0.246283 0.221466 
108600 0.0247245 0.132994 0.0879795 0 0 0.245687 0.220952 
108800 0.0246448 0.132947 0.0875048 0 0 0.245092 0.220437 
109000 0.0245652 0.1329 0.0870301 0 0 0.244496 0.219923 
109200 0.0244855 0.132852 0.0865554 0 0 0.243901 0.219408 
109400 0.0244058 0.132805 0.0860807 0 0 0.243306 0.218894 
109600 0.0243261 0.132758 0.085606 0 0 0.24271 0.21838 
109800 0.0242465 0.132711 0.0851313 0 0 0.242115 0.217865 
110000 0.0241668 0.132664 0.0846566 0 0 0.241519 0.217351 
110200 0.0240871 0.132616 0.0841819 0 0 0.240924 0.216836 
110400 0.0240075 0.132569 0.0837072 0 0 0.240329 0.216322 
110600 0.0239275 0.13253 0.0832385 0 0 0.239729 0.215807 
110800 0.0238476 0.132492 0.0827699 0 0 0.239129 0.215292 
111000 0.0237676 0.132453 0.0823013 0 0 0.23853 0.214777 
111200 0.0236877 0.132414 0.0818326 0 0 0.23793 0.214262 
111400 0.0236077 0.132375 0.081364 0 0 0.237331 0.213747 
111600 0.0235278 0.132337 0.0808954 0 0 0.236731 0.213232 
111800 0.0234478 0.132298 0.0804268 0 0 0.236132 0.212717 
112000 0.0233679 0.132259 0.0799581 0 0 0.235532 0.212202 
112200 0.0232879 0.13222 0.0794895 0 0 0.234933 0.211688 
112400 0.023208 0.132181 0.0790209 0 0 0.234333 0.211173 
112600 0.023131 0.132138 0.0785765 0 0 0.233764 0.210681 
112800 0.0230571 0.132091 0.0781565 0 0 0.233226 0.210212 
113000 0.0229832 0.132043 0.0777364 0 0 0.232687 0.209743 
113200 0.0229093 0.131995 0.0773164 0 0 0.232149 0.209274 
113400 0.0228353 0.131948 0.0768963 0 0 0.23161 0.208805 
113600 0.0227614 0.1319 0.0764763 0 0 0.231072 0.208336 
113800 0.0226875 0.131852 0.0760562 0 0 0.230533 0.207867 
114000 0.0226136 0.131805 0.0756361 0 0 0.229995 0.207398 
114200 0.0225397 0.131757 0.0752161 0 0 0.229456 0.206929 
114400 0.0224657 0.13171 0.074796 0 0 0.228918 0.20646 
114600 0.0223918 0.131662 0.074376 0 0 0.22838 0.205991 
114800 0.0223206 0.131618 0.0739765 0 0 0.227869 0.205549 
115000 0.022252 0.131577 0.0735976 0 0 0.227386 0.205133 
115200 0.0221835 0.131537 0.0732187 0 0 0.226903 0.204716 
115400 0.022115 0.131496 0.0728398 0 0 0.226421 0.2043 
115600 0.0220464 0.131456 0.0724609 0 0 0.225938 0.203884 
115800 0.0219779 0.131415 0.072082 0 0 0.225455 0.203468 
116000 0.0219093 0.131375 0.0717031 0 0 0.224972 0.203052 
116200 0.0218408 0.131334 0.0713242 0 0 0.224489 0.202635 
116400 0.0217723 0.131294 0.0709454 0 0 0.224007 0.202219 
116600 0.0217037 0.131253 0.0705665 0 0 0.223524 0.201803 
116800 0.0216352 0.131212 0.0701876 0 0 0.223041 0.201387 
117000 0.0215666 0.131172 0.0698087 0 0 0.222558 0.20097 
117200 0.0214973 0.131128 0.0694365 0 0 0.222066 0.200558 
117400 0.021428 0.131083 0.0690642 0 0 0.221574 0.200145 
117600 0.0213587 0.131039 0.068692 0 0 0.221082 0.199733 
117800 0.0212894 0.130995 0.0683197 0 0 0.220589 0.19932 
118000 0.0212201 0.130951 0.0679475 0 0 0.220097 0.198908 
118200 0.0211508 0.130907 0.0675753 0 0 0.219605 0.198495 
118400 0.0210815 0.130862 0.067203 0 0 0.219112 0.198083 
118600 0.0210122 0.130818 0.0668308 0 0 0.21862 0.19767 
118800 0.0209429 0.130774 0.0664586 0 0 0.218128 0.197258 
119000 0.0208736 0.13073 0.0660863 0 0 0.217635 0.196845 
119200 0.0208043 0.130685 0.0657141 0 0 0.217143 0.196433 
119400 0.0207429 0.130644 0.0653927 0 0 0.216722 0.196065 
119600 0.0206814 0.130602 0.0650713 0 0 0.216302 0.195698 
119800 0.02062 0.13056 0.0647499 0 0 0.215881 0.195331 
120000 0.0205586 0.130518 0.0644286 0 0 0.21546 0.194964 
120200 0.0204972 0.130476 0.0641072 0 0 0.21504 0.194597 
120400 0.0204357 0.130435 0.0637858 0 0 0.214619 0.19423 
120600 0.0203743 0.130393 0.0634644 0 0 0.214198 0.193863 
120800 0.0203129 0.130351 0.063143 0 0 0.213777 0.193496 
121000 0.0202515 0.130309 0.0628217 0 0 0.213357 0.193129 
121200 0.02019 0.130267 0.0625003 0 0 0.212936 0.192762 
121400 0.0201286 0.130226 0.0621789 0 0 0.212515 0.192395 
121600 0.0200672 0.130184 0.0618575 0 0 0.212095 0.192028 
121800 0.0200079 0.130142 0.0615549 0 0 0.211695 0.191682 
122000 0.0199487 0.1301 0.0612523 0 0 0.211295 0.191335 
122200 0.0198894 0.130058 0.0609497 0 0 0.210895 0.190989 
122400 0.0198301 0.130016 0.0606471 0 0 0.210496 0.190643 
122600 0.0197708 0.129974 0.0603445 0 0 0.210096 0.190296 
122800 0.0197116 0.129932 0.0600419 0 0 0.209696 0.18995 
123000 0.0196523 0.12989 0.0597394 0 0 0.209297 0.189603 
123200 0.019593 0.129848 0.0594367 0 0 0.208897 0.189257 
123400 0.0195338 0.129807 0.0591342 0 0 0.208497 0.188911 
123600 0.0194745 0.129765 0.0588315 0 0 0.208097 0.188564 
123800 0.0194152 0.129723 0.0585289 0 0 0.207698 0.188218 
124000 0.019356 0.129681 0.0582263 0 0 0.207298 0.187871 
124200 0.0192988 0.129638 0.0579415 0 0 0.206909 0.187545 
124400 0.0192416 0.129595 0.0576567 0 0 0.20652 0.187219 
124600 0.0191844 0.129552 0.0573718 0 0 0.206131 0.186893 
124800 0.0191272 0.129509 0.057087 0 0 0.205741 0.186567 
125000 0.01907 0.129466 0.0568022 0 0 0.205352 0.186241 
125200 0.0190128 0.129423 0.0565173 0 0 0.204963 0.185915 
125400 0.0189555 0.12938 0.0562325 0 0 0.204574 0.185589 
125600 0.0188983 0.129337 0.0559477 0 0 0.204185 0.185263 
125800 0.0188411 0.129294 0.0556628 0 0 0.203796 0.184936 
126000 0.0187839 0.129251 0.055378 0 0 0.203407 0.18461 
126200 0.0187267 0.129208 0.0550932 0 0 0.203018 0.184284 
126400 0.0186695 0.129165 0.0548083 0 0 0.202628 0.183958 
126600 0.0186135 0.129121 0.0545412 0 0 0.20226 0.183653 
126800 0.0185575 0.129078 0.0542741 0 0 0.201892 0.183348 
127000 0.0185014 0.129035 0.054007 0 0 0.201524 0.183043 
127200 0.0184454 0.128991 0.0537398 0 0 0.201156 0.182738 
127400 0.0183893 0.128948 0.0534727 0 0 0.200788 0.182433 
127600 0.0183333 0.128905 0.0532056 0 0 0.20042 0.182128 
127800 0.0182772 0.128862 0.0529385 0 0 0.200051 0.181823 
128000 0.0182212 0.128818 0.0526713 0 0 0.199683 0.181517 
128200 0.0181651 0.128775 0.0524042 0 0 0.199315 0.181212 
128400 0.0181091 0.128732 0.0521371 0 0 0.198947 0.180907 
128600 0.0180531 0.128688 0.0518699 0 0 0.198579 0.180602 
128800 0.017997 0.128645 0.0516028 0 0 0.198211 0.180297 
129000 0.0179481 0.128604 0.0513697 0 0 0.19789 0.180016 
129200 0.0178992 0.128564 0.0511366 0 0 0.197569 0.179735 
129400 0.0178503 0.128523 0.0509036 0 0 0.197249 0.179454 
129600 0.0178013 0.128483 0.0506705 0 0 0.196928 0.179172 
129800 0.0177524 0.128442 0.0504374 0 0 0.196607 0.178891 
130000 0.0177035 0.128401 0.0502043 0 0 0.196287 0.17861 
130200 0.0176546 0.128361 0.0499712 0 0 0.195966 0.178329 
130400 0.0176057 0.12832 0.0497381 0 0 0.195645 0.178048 
130600 0.0175568 0.12828 0.049505 0 0 0.195325 0.177767 
130800 0.0175079 0.128239 0.049272 0 0 0.195004 0.177486 
131000 0.0174589 0.128198 0.0490389 0 0 0.194683 0.177204 
131200 0.01741 0.128158 0.0488058 0 0 0.194362 0.176923 
131400 0.0173611 0.128117 0.0485727 0 0 0.194042 0.176642 
131600 0.0173113 0.128075 0.0483453 0 0 0.193718 0.176379 
131800 0.0172616 0.128033 0.0481179 0 0 0.193395 0.176116 
132000 0.0172118 0.12799 0.0478905 0 0 0.193071 0.175853 
132200 0.017162 0.127948 0.0476631 0 0 0.192747 0.175589 
132400 0.0171123 0.127906 0.0474358 0 0 0.192424 0.175326 
132600 0.0170625 0.127864 0.0472084 0 0 0.1921 0.175063 
132800 0.0170127 0.127821 0.046981 0 0 0.191777 0.1748 
133000 0.0169629 0.127779 0.0467536 0 0 0.191453 0.174537 
133200 0.0169132 0.127737 0.0465262 0 0 0.19113 0.174274 
133400 0.0168634 0.127695 0.0462988 0 0 0.190806 0.17401 
133600 0.0168136 0.127652 0.0460714 0 0 0.190482 0.173747 
133800 0.0167639 0.12761 0.045844 0 0 0.190159 0.173484 
134000 0.0167168 0.127569 0.0456311 0 0 0.189857 0.173231 
134200 0.0166726 0.127529 0.0454326 0 0 0.189576 0.172988 
134400 0.0166284 0.127489 0.0452341 0 0 0.189295 0.172746 
134600 0.0165841 0.127449 0.0450356 0 0 0.189014 0.172503 
134800 0.0165399 0.127409 0.0448372 0 0 0.188733 0.17226 
135000 0.0164956 0.127369 0.0446387 0 0 0.188452 0.172017 
135200 0.0164514 0.127329 0.0444402 0 0 0.188172 0.171775 
135400 0.0164071 0.127288 0.0442417 0 0 0.187891 0.171532 
135600 0.0163629 0.127248 0.0440432 0 0 0.18761 0.171289 
135800 0.0163186 0.127208 0.0438448 0 0 0.187329 0.171046 
136000 0.0162744 0.127168 0.0436463 0 0 0.187048 0.170803 
136200 0.0162301 0.127128 0.0434478 0 0 0.186767 0.170561 
136400 0.0161859 0.127088 0.0432493 0 0 0.186486 0.170318 
136600 0.0161416 0.127048 0.0430508 0 0 0.186206 0.170075 
136800 0.0160976 0.127005 0.0428572 0 0 0.185924 0.169842 
137000 0.0160536 0.126962 0.0426637 0 0 0.185641 0.169608 
137200 0.0160096 0.12692 0.0424701 0 0 0.185359 0.169374 
137400 0.0159656 0.126877 0.0422765 0 0 0.185077 0.169141 
137600 0.0159216 0.126834 0.0420829 0 0 0.184795 0.168907 
137800 0.0158776 0.126791 0.0418893 0 0 0.184513 0.168674 
138000 0.0158336 0.126748 0.0416957 0 0 0.184231 0.16844 
138200 0.0157896 0.126706 0.0415021 0 0 0.183949 0.168207 
138400 0.0157456 0.126663 0.0413085 0 0 0.183667 0.167973 
138600 0.0157016 0.12662 0.041115 0 0 0.183385 0.16774 
138800 0.0156576 0.126577 0.0409214 0 0 0.183103 0.167506 
139000 0.0156135 0.126534 0.0407278 0 0 0.182821 0.167272 
139200 0.0155695 0.126492 0.0405342 0 0 0.182539 0.167039 
139400 0.0155281 0.126451 0.040358 0 0 0.182285 0.166824 
139600 0.0154867 0.12641 0.0401818 0 0 0.182031 0.166608 
139800 0.0154453 0.126369 0.0400057 0 0 0.181778 0.166393 
140000 0.0154039 0.126328 0.0398295 0 0 0.181524 0.166177 
140200 0.0153625 0.126287 0.0396533 0 0 0.181271 0.165962 
140400 0.0153211 0.126246 0.0394771 0 0 0.181017 0.165747 
140600 0.0152797 0.126205 0.0393009 0 0 0.180764 0.165531 
140800 0.0152383 0.126164 0.0391247 0 0 0.18051 0.165316 
141000 0.0151969 0.126123 0.0389485 0 0 0.180256 0.165101 
141200 0.0151555 0.126082 0.0387724 0 0 0.180003 0.164885 
141400 0.0151141 0.126041 0.0385962 0 0 0.179749 0.16467 
141600 0.0150727 0.126 0.03842 0 0 0.179496 0.164455 
141800 0.0150313 0.125959 0.0382438 0 0 0.179242 0.164239 
142000 0.0149911 0.125918 0.0380761 0 0 0.178998 0.164032 
142200 0.0149522 0.125878 0.0379169 0 0 0.178762 0.163833 
142400 0.0149132 0.125837 0.0377577 0 0 0.178527 0.163634 
142600 0.0148743 0.125797 0.0375984 0 0 0.178291 0.163435 
142800 0.0148353 0.125756 0.0374392 0 0 0.178056 0.163236 
143000 0.0147963 0.125716 0.03728 0 0 0.177821 0.163037 
143200 0.0147574 0.125675 0.0371208 0 0 0.177585 0.162837 
143400 0.0147184 0.125635 0.0369615 0 0 0.17735 0.162638 
143600 0.0146794 0.125594 0.0368023 0 0 0.177114 0.162439 
143800 0.0146405 0.125554 0.0366431 0 0 0.176879 0.16224 
144000 0.0146015 0.125513 0.0364839 0 0 0.176644 0.162041 
144200 0.0145626 0.125473 0.0363246 0 0 0.176408 0.161842 
144400 0.0145236 0.125432 0.0361654 0 0 0.176173 0.161643 
144600 0.0144846 0.125392 0.0360062 0 0 0.175937 0.161444 
144800 0.014447 0.125351 0.0358515 0 0 0.175703 0.161249 
145000 0.0144106 0.125311 0.0357013 0 0 0.175468 0.161059 
145200 0.0143742 0.12527 0.0355511 0 0 0.175233 0.160869 
145400 0.0143379 0.125229 0.0354009 0 0 0.174999 0.160679 
145600 0.0143015 0.125189 0.0352506 0 0 0.174764 0.160489 
145800 0.0142651 0.125148 0.0351004 0 0 0.17453 0.160299 
146000 0.0142288 0.125107 0.0349502 0 0 0.174295 0.160109 
146200 0.0141924 0.125067 0.0348 0 0 0.174061 0.159919 
146400 0.014156 0.125026 0.0346498 0 0 0.173826 0.159729 
146600 0.0141197 0.124986 0.0344996 0 0 0.173592 0.159539 
146800 0.0140833 0.124945 0.0343494 0 0 0.173357 0.159349 
147000 0.0140469 0.124904 0.0341992 0 0 0.173123 0.159159 
147200 0.0140106 0.124864 0.034049 0 0 0.172888 0.158969 
147400 0.0139742 0.124823 0.0338988 0 0 0.172654 0.158779 
147600 0.0139388 0.124783 0.033756 0 0 0.172435 0.158593 
147800 0.0139042 0.124744 0.0336208 0 0 0.172232 0.158412 
148000 0.0138697 0.124705 0.0334856 0 0 0.172029 0.15823 
148200 0.0138351 0.124666 0.0333504 0 0 0.171826 0.158048 
148400 0.0138006 0.124627 0.0332151 0 0 0.171623 0.157867 
148600 0.0137661 0.124588 0.0330799 0 0 0.17142 0.157685 
148800 0.0137315 0.124549 0.0329447 0 0 0.171216 0.157503 
149000 0.013697 0.12451 0.0328095 0 0 0.171013 0.157322 
149200 0.0136624 0.124471 0.0326742 0 0 0.17081 0.15714 
149400 0.0136279 0.124432 0.032539 0 0 0.170607 0.156958 
149600 0.0135934 0.124393 0.0324038 0 0 0.170404 0.156777 
149800 0.0135588 0.124354 0.0322686 0 0 0.170201 0.156595 
150000 0.0135243 0.124315 0.0321333 0 0 0.169998 0.156413 
150200 0.0134864 0.124269 0.0319893 0 0 0.169744 0.156224 
150400 0.0134485 0.124223 0.0318453 0 0 0.169491 0.156035 
150600 0.0134163 0.124185 0.031721 0 0 0.169296 0.155874 
150800 0.0133841 0.124146 0.0315967 0 0 0.169102 0.155713 
151000 0.0133519 0.124107 0.0314723 0 0 0.168907 0.155553 
151200 0.0133197 0.124069 0.031348 0 0 0.168713 0.155392 
151400 0.0132875 0.12403 0.0312237 0 0 0.168519 0.155231 
151600 0.0132553 0.123991 0.0310993 0 0 0.168324 0.15507 
151800 0.0132231 0.123952 0.030975 0 0 0.16813 0.15491 
152000 0.0131909 0.123914 0.0308507 0 0 0.167935 0.154749 
152200 0.0131587 0.123875 0.0307263 0 0 0.167741 0.154588 
152400 0.0131265 0.123836 0.030602 0 0 0.167546 0.154427 
152600 0.0130943 0.123798 0.0304777 0 0 0.167352 0.154267 
152800 0.0130621 0.123759 0.0303533 0 0 0.167158 0.154106 
153000 0.0130299 0.12372 0.030229 0 0 0.166963 0.153945 
153200 0.0129977 0.123681 0.0301047 0 0 0.166769 0.153784 
153400 0.0129655 0.123643 0.0299803 0 0 0.166574 0.153624 
153600 0.0129345 0.123603 0.0298643 0 0 0.166388 0.153471 
153800 0.0129035 0.123564 0.0297482 0 0 0.166203 0.153319 
154000 0.0128725 0.123524 0.0296321 0 0 0.166017 0.153166 
154200 0.0128415 0.123485 0.0295161 0 0 0.165831 0.153014 
154400 0.0128105 0.123445 0.0294 0 0 0.165645 0.152861 
154600 0.0127795 0.123405 0.0292839 0 0 0.165459 0.152709 
154800 0.0127485 0.123366 0.0291679 0 0 0.165273 0.152556 
155000 0.0127175 0.123326 0.0290518 0 0 0.165088 0.152404 
155200 0.0126865 0.123287 0.0289357 0 0 0.164902 0.152251 
155400 0.0126555 0.123247 0.0288197 0 0 0.164716 0.152099 
155600 0.0126245 0.123208 0.0287036 0 0 0.16453 0.151946 
155800 0.0125935 0.123168 0.0285875 0 0 0.164344 0.151794 
156000 0.0125625 0.123129 0.0284715 0 0 0.164158 0.151641 
156200 0.0125315 0.123089 0.0283554 0 0 0.163972 0.151489 
156400 0.0125005 0.12305 0.0282394 0 0 0.163787 0.151337 
156600 0.0124706 0.12301 0.0281292 0 0 0.163609 0.151184 
156800 0.0124406 0.12297 0.0280191 0 0 0.163431 0.151032 
157000 0.0124106 0.122931 0.027909 0 0 0.163253 0.15088 
157200 0.0123806 0.122891 0.0277988 0 0 0.163075 0.150728 
157400 0.0123506 0.122852 0.0276887 0 0 0.162897 0.150576 
157600 0.0123206 0.122812 0.0275786 0 0 0.162719 0.150424 
157800 0.0122906 0.122773 0.0274684 0 0 0.162542 0.150271 
158000 0.0122606 0.122733 0.0273583 0 0 0.162364 0.150119 
158200 0.0122306 0.122694 0.0272482 0 0 0.162186 0.149967 
158400 0.0122006 0.122654 0.0271381 0 0 0.162008 0.149815 
158600 0.0121706 0.122615 0.0270279 0 0 0.16183 0.149663 
158800 0.0121406 0.122575 0.0269178 0 0 0.161652 0.149511 
159000 0.0121106 0.122536 0.0268077 0 0 0.161474 0.149358 
159200 0.0120806 0.122496 0.0266975 0 0 0.161297 0.149206 
159400 0.0120506 0.122456 0.0265874 0 0 0.161119 0.149054 
159600 0.0120226 0.122417 0.0264872 0 0 0.160947 0.148915 
159800 0.0119945 0.122378 0.0263871 0 0 0.160775 0.148776 
160000 0.0119665 0.122339 0.0262869 0 0 0.160603 0.148636 
160200 0.0119384 0.1223 0.0261867 0 0 0.160431 0.148497 
160400 0.0119104 0.122261 0.0260865 0 0 0.16026 0.148358 
160600 0.0118823 0.122222 0.0259864 0 0 0.160088 0.148218 
160800 0.0118543 0.122183 0.0258862 0 0 0.159916 0.148079 
161000 0.0118262 0.122144 0.025786 0 0 0.159744 0.14794 
161200 0.0117982 0.122104 0.0256859 0 0 0.159572 0.1478 
161400 0.0117701 0.122065 0.0255857 0 0 0.1594 0.147661 
161600 0.0117421 0.122026 0.0254855 0 0 0.159229 0.147522 
161800 0.011714 0.121987 0.0253853 0 0 0.159057 0.147382 
162000 0.0116859 0.121948 0.0252852 0 0 0.158885 0.147243 
162200 0.0116579 0.121909 0.025185 0 0 0.158713 0.147104 
162400 0.0116298 0.12187 0.0250848 0 0 0.158541 0.146964 
162600 0.0116027 0.121831 0.0249894 0 0 0.15838 0.146831 
162800 0.0115765 0.121793 0.0248986 0 0 0.158229 0.146704 
163000 0.0115503 0.121756 0.0248078 0 0 0.158077 0.146577 
163200 0.0115242 0.121718 0.024717 0 0 0.157926 0.14645 
163400 0.011498 0.12168 0.0246262 0 0 0.157775 0.146322 
163600 0.0114718 0.121642 0.0245354 0 0 0.157624 0.146195 
163800 0.0114456 0.121604 0.0244447 0 0 0.157473 0.146068 
164000 0.0114194 0.121566 0.0243539 0 0 0.157321 0.145941 
164200 0.0113932 0.121529 0.0242631 0 0 0.15717 0.145814 
164400 0.011367 0.121491 0.0241723 0 0 0.157019 0.145686 
164600 0.0113409 0.121453 0.0240815 0 0 0.156868 0.145559 
164800 0.0113147 0.121415 0.0239907 0 0 0.156716 0.145432 
165000 0.0112885 0.121377 0.0239 0 0 0.156565 0.145305 
165200 0.0112623 0.121339 0.0238092 0 0 0.156414 0.145178 
165400 0.0112361 0.121302 0.0237184 0 0 0.156263 0.14505 
165600 0.0112099 0.121264 0.0236276 0 0 0.156112 0.144923 
165800 0.0111846 0.121226 0.0235405 0 0 0.155963 0.144798 
166000 0.0111601 0.121189 0.023457 0 0 0.155817 0.144675 
166200 0.0111356 0.121151 0.0233736 0 0 0.155671 0.144552 
166400 0.0111111 0.121114 0.0232902 0 0 0.155525 0.144429 
166600 0.0110866 0.121076 0.0232067 0 0 0.155379 0.144306 
166800 0.0110621 0.121039 0.0231233 0 0 0.155233 0.144183 
167000 0.0110376 0.121001 0.0230398 0 0 0.155087 0.14406 
167200 0.0110131 0.120963 0.0229564 0 0 0.154941 0.143937 
167400 0.0109886 0.120926 0.0228729 0 0 0.154795 0.143814 
167600 0.0109641 0.120888 0.0227895 0 0 0.154648 0.143691 
167800 0.0109396 0.120851 0.022706 0 0 0.154502 0.143569 
168000 0.0109152 0.120813 0.0226226 0 0 0.154356 0.143446 
168200 0.0108907 0.120776 0.0225391 0 0 0.15421 0.143323 
168400 0.0108662 0.120738 0.0224557 0 0 0.154064 0.1432 
168600 0.0108417 0.120701 0.0223722 0 0 0.153918 0.143077 
168800 0.0108172 0.120663 0.0222888 0 0 0.153772 0.142954 
169000 0.0107927 0.120626 0.0222053 0 0 0.153626 0.142831 
169200 0.010769 0.120588 0.0221272 0 0 0.153487 0.142715 
169400 0.0107454 0.120551 0.022049 0 0 0.153348 0.1426 
169600 0.0107218 0.120513 0.0219709 0 0 0.15321 0.142484 
169800 0.0106981 0.120476 0.0218927 0 0 0.153071 0.142369 
170000 0.0106745 0.120438 0.0218145 0 0 0.152932 0.142253 
170200 0.0106509 0.120401 0.0217364 0 0 0.152793 0.142138 
170400 0.0106272 0.120363 0.0216582 0 0 0.152654 0.142022 
170600 0.0106036 0.120326 0.0215801 0 0 0.152516 0.141907 
170800 0.01058 0.120288 0.0215019 0 0 0.152377 0.141791 
171000 0.0105563 0.120251 0.0214237 0 0 0.152238 0.141676 
171200 0.0105327 0.120213 0.0213456 0 0 0.152099 0.14156 
171400 0.0105091 0.120176 0.0212674 0 0 0.15196 0.141444 
171600 0.0104854 0.120138 0.0211892 0 0 0.151822 0.141329 
171800 0.0104618 0.120101 0.0211111 0 0 0.151683 0.141213 
172000 0.0104381 0.120064 0.0210329 0 0 0.151544 0.141098 
172200 0.0104145 0.120026 0.0209548 0 0 0.151405 0.140982 
172400 0.0103913 0.119989 0.0208789 0 0 0.15127 0.14087 
172600 0.0103684 0.119951 0.0208053 0 0 0.151139 0.140762 
172800 0.0103455 0.119913 0.0207317 0 0 0.151007 0.140654 
173000 0.0103227 0.119876 0.0206582 0 0 0.150876 0.140545 
173200 0.0102998 0.119838 0.0205846 0 0 0.150745 0.140437 
173400 0.010277 0.119801 0.020511 0 0 0.150613 0.140329 
173600 0.0102541 0.119763 0.0204374 0 0 0.150482 0.14022 
173800 0.0102312 0.119726 0.0203639 0 0 0.150351 0.140112 
174000 0.0102084 0.119688 0.0202903 0 0 0.150219 0.140004 
174200 0.0101855 0.119651 0.0202167 0 0 0.150088 0.139895 
174400 0.0101627 0.119613 0.0201431 0 0 0.149956 0.139787 
174600 0.0101398 0.119576 0.0200696 0 0 0.149825 0.139679 
174800 0.0101169 0.119538 0.019996 0 0 0.149694 0.13957 
175000 0.0100941 0.119501 0.0199224 0 0 0.149562 0.139462 
175200 0.0100712 0.119463 0.0198488 0 0 0.149431 0.139354 
175400 0.0100484 0.119426 0.0197753 0 0 0.1493 0.139245 
175600 0.0100255 0.119388 0.0197017 0 0 0.149168 0.139137 
175800 0.0100047 0.119352 0.0196359 0 0 0.149045 0.139035 
176000 0.00998397 0.119316 0.0195701 0 0 0.148921 0.138933 
176200 0.0099632 0.11928 0.0195043 0 0 0.148797 0.138831 
176400 0.00994244 0.119244 0.0194385 0 0 0.148673 0.13873 
176600 0.00992168 0.119208 0.0193727 0 0 0.14855 0.138628 
176800 0.00990091 0.119172 0.0193069 0 0 0.148426 0.138526 
177000 0.00988015 0.119136 0.0192411 0 0 0.148302 0.138424 
177200 0.00985939 0.1191 0.0191753 0 0 0.148179 0.138322 
177400 0.00983862 0.119064 0.0191095 0 0 0.148055 0.13822 
177600 0.00981786 0.119028 0.0190437 0 0 0.147931 0.138119 
177800 0.0097971 0.118991 0.0189779 0 0 0.147808 0.138017 
178000 0.00977633 0.118955 0.0189121 0 0 0.147684 0.137915 
178200 0.00975557 0.118919 0.0188463 0 0 0.14756 0.137813 
178400 0.00973481 0.118883 0.0187805 0 0 0.147436 0.137711 
178600 0.00971404 0.118847 0.0187147 0 0 0.147313 0.13761 
178800 0.00969328 0.118811 0.0186489 0 0 0.147189 0.137508 
179000 0.00967252 0.118775 0.0185831 0 0 0.147065 0.137406 
179200 0.00965212 0.118739 0.0185194 0 0 0.146945 0.137304 
179400 0.00963208 0.118703 0.0184579 0 0 0.146829 0.137202 
179600 0.00961205 0.118667 0.0183964 0 0 0.146713 0.137101 
179800 0.00959201 0.11863 0.0183348 0 0 0.146596 0.136999 
180000 0.00957198 0.118594 0.0182733 0 0 0.14648 0.136897 
180200 0.00955194 0.118558 0.0182118 0 0 0.146363 0.136795 
180400 0.00953191 0.118522 0.0181503 0 0 0.146247 0.136693 
180600 0.00951187 0.118486 0.0180888 0 0 0.146131 0.136591 
180800 0.00949184 0.11845 0.0180272 0 0 0.146014 0.13649 
181000 0.0094718 0.118413 0.0179657 0 0 0.145898 0.136388 
181200 0.00945177 0.118377 0.0179042 0 0 0.145781 0.136286 
181400 0.00943173 0.118341 0.0178427 0 0 0.145665 0.136184 
181600 0.0094117 0.118305 0.0177812 0 0 0.145549 0.136082 
181800 0.00939166 0.118269 0.0177196 0 0 0.145432 0.135981 
182000 0.00937163 0.118233 0.0176581 0 0 0.145316 0.135879 
182200 0.00935159 0.118197 0.0175966 0 0 0.145199 0.135777 
182400 0.00933156 0.11816 0.0175351 0 0 0.145083 0.135675 
182600 0.00931152 0.118124 0.0174736 0 0 0.144967 0.135573 
182800 0.00929222 0.118088 0.0174163 0 0 0.14485 0.135479 
183000 0.00927291 0.118051 0.017359 0 0 0.144734 0.135384 
183200 0.0092536 0.118014 0.0173018 0 0 0.144617 0.135289 
183400 0.0092343 0.117977 0.0172445 0 0 0.144501 0.135194 
183600 0.00921499 0.117941 0.0171872 0 0 0.144385 0.1351 
183800 0.00919568 0.117904 0.01713 0 0 0.144268 0.135005 
184000 0.00917638 0.117867 0.0170727 0 0 0.144152 0.13491 
184200 0.00915707 0.11783 0.0170154 0 0 0.144035 0.134816 
184400 0.00913776 0.117794 0.0169582 0 0 0.143919 0.134721 
184600 0.00911846 0.117757 0.0169009 0 0 0.143802 0.134626 
184800 0.00909915 0.11772 0.0168436 0 0 0.143686 0.134531 
185000 0.00907984 0.117683 0.0167864 0 0 0.14357 0.134437 
185200 0.00906053 0.117647 0.0167291 0 0 0.143453 0.134342 
185400 0.00904123 0.11761 0.0166718 0 0 0.143337 0.134247 
185600 0.00902192 0.117573 0.0166146 0 0 0.14322 0.134153 
185800 0.00900261 0.117536 0.0165573 0 0 0.143104 0.134058 
186000 0.00898331 0.1175 0.0165 0 0 0.142988 0.133963 
186200 0.00896486 0.117464 0.0164454 0 0 0.142878 0.133874 
186400 0.00894728 0.11743 0.0163933 0 0 0.142774 0.133791 
186600 0.0089297 0.117396 0.0163412 0 0 0.142671 0.133708 
186800 0.00891212 0.117361 0.0162892 0 0 0.142568 0.133625 
187000 0.00889454 0.117327 0.0162371 0 0 0.142464 0.133542 
187200 0.00887696 0.117293 0.016185 0 0 0.142361 0.133459 
187400 0.00885937 0.117259 0.0161329 0 0 0.142257 0.133376 
187600 0.00884179 0.117224 0.0160809 0 0 0.142154 0.133293 
187800 0.00882421 0.11719 0.0160288 0 0 0.142051 0.13321 
188000 0.00880663 0.117156 0.0159767 0 0 0.141947 0.133127 
188200 0.00878905 0.117122 0.0159247 0 0 0.141844 0.133044 
188400 0.00877147 0.117088 0.0158726 0 0 0.14174 0.132961 
188600 0.00875389 0.117053 0.0158205 0 0 0.141637 0.132878 
188800 0.0087363 0.117019 0.0157684 0 0 0.141534 0.132795 
189000 0.00871872 0.116985 0.0157164 0 0 0.14143 0.132712 
189200 0.00870114 0.116951 0.0156643 0 0 0.141327 0.132629 
189400 0.00868356 0.116916 0.0156122 0 0 0.141224 0.132546 
189600 0.00866598 0.116882 0.0155602 0 0 0.14112 0.132463 
189800 0.0086484 0.116848 0.0155081 0 0 0.141017 0.13238 
190000 0.00863137 0.116813 0.01546 0 0 0.140913 0.132297 
190200 0.00861435 0.116777 0.015412 0 0 0.14081 0.132214 
190400 0.00859732 0.116742 0.0153639 0 0 0.140707 0.132131 
190600 0.00858029 0.116706 0.0153159 0 0 0.140603 0.132048 
190800 0.00856327 0.116671 0.0152678 0 0 0.1405 0.131965 
191000 0.00854624 0.116636 0.0152198 0 0 0.140397 0.131882 
191200 0.00852922 0.1166 0.0151717 0 0 0.140293 0.131799 
191400 0.00851219 0.116565 0.0151237 0 0 0.14019 0.131716 
191600 0.00849517 0.116529 0.0150756 0 0 0.140087 0.131633 
191800 0.00847814 0.116494 0.0150276 0 0 0.139984 0.131551 
192000 0.00846112 0.116459 0.0149795 0 0 0.13988 0.131468 
192200 0.00844409 0.116423 0.0149315 0 0 0.139777 0.131385 
192400 0.00842706 0.116388 0.0148834 0 0 0.139674 0.131302 
192600 0.00841004 0.116352 0.0148354 0 0 0.13957 0.131219 
192800 0.00839301 0.116317 0.0147873 0 0 0.139467 0.131136 
193000 0.00837599 0.116282 0.0147393 0 0 0.139364 0.131053 
193200 0.00835896 0.116246 0.0146912 0 0 0.13926 0.13097 
193400 0.00834194 0.116211 0.0146432 0 0 0.139157 0.130887 
193600 0.00832544 0.116176 0.0145968 0 0 0.139058 0.130805 
193800 0.00830946 0.116142 0.014552 0 0 0.138964 0.130725 
194000 0.00829348 0.116108 0.0145072 0 0 0.13887 0.130644 
194200 0.00827751 0.116074 0.0144624 0 0 0.138776 0.130564 
194400 0.00826153 0.11604 0.0144176 0 0 0.138682 0.130484 
194600 0.00824556 0.116006 0.0143728 0 0 0.138588 0.130403 
194800 0.00822958 0.115972 0.014328 0 0 0.138493 0.130323 
195000 0.0082136 0.115938 0.0142832 0 0 0.138399 0.130242 
195200 0.00819763 0.115904 0.0142384 0 0 0.138305 0.130162 
195400 0.00818165 0.11587 0.0141936 0 0 0.138211 0.130081 
195600 0.00816568 0.115836 0.0141488 0 0 0.138117 0.130001 
195800 0.0081497 0.115802 0.014104 0 0 0.138023 0.12992 
196000 0.00813372 0.115768 0.0140592 0 0 0.137929 0.12984 
196200 0.00811775 0.115734 0.0140144 0 0 0.137835 0.12976 
196400 0.00810177 0.1157 0.0139696 0 0 0.13774 0.129679 
196600 0.0080858 0.115667 0.0139248 0 0 0.137646 0.129599 
196800 0.00806982 0.115633 0.01388 0 0 0.137552 0.129518 
197000 0.00805384 0.115599 0.0138353 0 0 0.137458 0.129438 
197200 0.00803787 0.115565 0.0137905 0 0 0.137364 0.129357 
197400 0.00802216 0.115531 0.0137472 0 0 0.137274 0.129279 
197600 0.00800673 0.115496 0.0137055 0 0 0.137188 0.129203 
197800 0.0079913 0.115462 0.0136637 0 0 0.137103 0.129128 
198000 0.00797586 0.115428 0.013622 0 0 0.137017 0.129052 
198200 0.00796043 0.115394 0.0135803 0 0 0.136931 0.128976 
198400 0.007945 0.11536 0.0135386 0 0 0.136846 0.1289 
198600 0.00792956 0.115326 0.0134968 0 0 0.13676 0.128824 
198800 0.00791413 0.115292 0.0134551 0 0 0.136674 0.128749 
199000 0.00789869 0.115258 0.0134134 0 0 0.136589 0.128673 
199200 0.00788326 0.115224 0.0133716 0 0 0.136503 0.128597 
199400 0.00786783 0.11519 0.0133299 0 0 0.136418 0.128521 
199600 0.00785239 0.115156 0.0132882 0 0 0.136332 0.128445 
199800 0.00783696 0.115121 0.0132464 0 0 0.136246 0.12837 
200000 0.00782153 0.115087 0.0132047 0 0 0.136161 0.128294 
