1000 1.37225 0.0131933 4075.63 0 0 4075.68 4075.64 
1200 1.33208 0.01824 2511.52 0 0 2512.9 2511.53 
1400 1.29118 0.0238144 1659.04 0 0 1660.42 1659.05 
1600 1.24682 0.0297017 1151.44 0 0 1152.82 1151.45 
1800 1.19899 0.0357326 829.979 0 0 831.361 829.994 
2000 1.14953 0.0418384 616.152 0 0 617.199 616.168 
2200 1.09984 0.0479091 470.067 0 0 471.114 470.086 
2400 1.0502 0.0538706 366.453 0 0 367.5 366.474 
2600 1.00181 0.0596883 291.014 0 0 292.08 291.089 
2800 0.954484 0.0653254 234.718 0 0 235.731 234.775 
3000 0.908666 0.0707469 191.862 0 0 192.842 191.921 
3200 0.864444 0.0759247 158.796 0 0 159.737 158.856 
3400 0.822308 0.0808791 132.839 0 0 133.742 132.934 
3600 0.782196 0.0855977 112.156 0 0 113.028 112.252 
3800 0.744243 0.0900385 95.5347 0 0 96.3799 95.6319 
4000 0.708212 0.0943003 81.9724 0 0 82.7851 82.0705 
4200 0.674381 0.09832 70.8863 0 0 71.6655 70.9852 
4400 0.642444 0.102122 61.6529 0 0 62.3987 61.7526 
4600 0.612207 0.10572 53.921 0 0 54.6333 54.0214 
4800 0.584339 0.109122 47.4462 0 0 48.125 47.5472 
5000 0.557853 0.112331 41.9219 0 0 42.6007 42.0235 
5200 0.533254 0.115355 37.2482 0 0 37.8936 37.3579 
5400 0.509988 0.118224 33.1886 0 0 33.8291 33.3216 
5600 0.488231 0.1209 29.7159 0 0 30.327 29.8389 
5800 0.468131 0.123461 26.7032 0 0 27.2958 26.8265 
6000 0.44893 0.125876 24.0665 0 0 24.6415 24.1936 
6200 0.431111 0.128148 21.7806 0 0 22.3401 21.909 
6400 0.414309 0.130312 19.7525 0 0 20.2947 19.8803 
6600 0.398265 0.132331 17.9787 0 0 18.508 18.11 
6800 0.383381 0.134281 16.3923 0 0 16.9098 16.5272 
7000 0.369321 0.136106 14.9988 0 0 15.5043 15.1358 
7200 0.356256 0.137838 13.7416 0 0 14.2359 13.8802 
7400 0.343586 0.139497 12.6343 0 0 13.1176 12.7731 
7600 0.331859 0.14108 11.6286 0 0 12.1036 11.7704 
7800 0.320772 0.142542 10.7341 0 0 11.1974 10.8767 
8000 0.310195 0.143974 9.91873 0 0 10.373 10.0614 
8200 0.300287 0.145315 9.19173 0 0 9.63766 9.33788 
8400 0.290819 0.146615 8.52462 0 0 8.96219 8.67091 
8600 0.281888 0.147833 7.92514 0 0 8.35455 8.07155 
8800 0.273418 0.149004 7.3784 0 0 7.80116 7.52625 
9000 0.265369 0.150116 6.87763 0 0 7.29461 7.02945 
9200 0.257717 0.151172 6.42243 0 0 6.8318 6.57352 
9400 0.25042 0.152189 6.0043 0 0 6.40622 6.15713 
9600 0.243457 0.153182 5.62061 0 0 6.01819 5.77418 
9800 0.236845 0.154119 5.26914 0 0 5.65993 5.4228 
10000 0.230533 0.155026 4.9443 0 0 5.33143 5.09803 
10200 0.224655 0.155895 4.65346 0 0 5.03387 4.80724 
10400 0.218648 0.156763 4.36691 0 0 4.74045 4.52093 
10600 0.21331 0.157546 4.11857 0 0 4.48889 4.27582 
10800 0.208102 0.158297 3.88616 0 0 4.25326 4.04664 
11000 0.203048 0.159049 3.66886 0 0 4.02973 3.82652 
11200 0.198091 0.159794 3.46096 0 0 3.81829 3.62121 
11400 0.193439 0.160479 3.27311 0 0 3.62658 3.43311 
11600 0.189057 0.161154 3.10207 0 0 3.45212 3.26296 
11800 0.184705 0.16181 2.93715 0 0 3.28371 3.09903 
12000 0.180563 0.162439 2.78449 0 0 3.12752 2.94698 
12200 0.176636 0.163051 2.64374 0 0 2.98344 2.80683 
12400 0.172712 0.163653 2.50758 0 0 2.84409 2.67126 
12600 0.169129 0.164209 2.38723 0 0 2.72077 2.55147 
12800 0.165489 0.164761 2.26914 0 0 2.59959 2.43396 
13000 0.162021 0.165313 2.15928 0 0 2.48672 2.32447 
13200 0.158711 0.165842 2.05734 0 0 2.38186 2.22293 
13400 0.155518 0.166342 1.96175 0 0 2.28345 2.12787 
13600 0.152414 0.166821 1.87098 0 0 2.19007 2.03762 
13800 0.149451 0.167301 1.78748 0 0 2.10406 1.95464 
14000 0.14655 0.167769 1.70762 0 0 2.02181 1.87541 
14200 0.143714 0.168221 1.63121 0 0 1.94315 1.79967 
14400 0.141027 0.168656 1.56101 0 0 1.87077 1.72971 
14600 0.138376 0.16909 1.49403 0 0 1.80143 1.66315 
14800 0.135782 0.169513 1.42995 0 0 1.73508 1.59948 
15000 0.133273 0.169914 1.36928 0 0 1.67241 1.53906 
15200 0.130883 0.1703 1.31343 0 0 1.61453 1.48363 
15400 0.12852 0.170687 1.2593 0 0 1.55845 1.42995 
15600 0.126238 0.171065 1.20804 0 0 1.50515 1.37914 
15800 0.124069 0.171433 1.16102 0 0 1.45656 1.33254 
16000 0.121924 0.171791 1.11542 0 0 1.40926 1.28729 
16200 0.119805 0.172136 1.07164 0 0 1.3635 1.24372 
16400 0.117741 0.172495 1.02987 0 0 1.31995 1.20236 
16600 0.115732 0.172838 0.989946 0 0 1.27836 1.16279 
16800 0.113824 0.173134 0.953477 0 0 1.24045 1.12652 
17000 0.111956 0.173445 0.918325 0 0 1.20385 1.09169 
17200 0.11011 0.173765 0.883882 0 0 1.16796 1.05765 
17400 0.108305 0.174061 0.851668 0 0 1.13409 1.02583 
17600 0.106549 0.174358 0.8207 0 0 1.10157 0.995187 
17800 0.104887 0.174656 0.792046 0 0 1.07155 0.966714 
18000 0.103247 0.174928 0.764423 0 0 1.04257 0.939387 
18200 0.101623 0.175184 0.737488 0 0 1.01426 0.912824 
18400 0.100016 0.175457 0.712015 0 0 0.987425 0.88756 
18600 0.0984261 0.175728 0.687062 0 0 0.961131 0.862805 
18800 0.0969636 0.17597 0.664474 0 0 0.937431 0.840565 
19000 0.0955057 0.176213 0.642248 0 0 0.914047 0.818643 
19200 0.0940616 0.176455 0.621106 0 0 0.891609 0.797672 
19400 0.0926323 0.176688 0.60047 0 0 0.86975 0.777205 
19600 0.091225 0.176909 0.580592 0 0 0.848761 0.757495 
19800 0.089872 0.177131 0.561802 0 0 0.828861 0.73889 
20000 0.0885634 0.177355 0.543901 0 0 0.809853 0.721188 
20200 0.0872866 0.177574 0.526903 0 0 0.791875 0.704614 
20400 0.0860043 0.177784 0.510274 0 0 0.77419 0.688143 
20600 0.0847646 0.177976 0.494567 0 0 0.757334 0.67259 
20800 0.0835479 0.17816 0.479356 0 0 0.740925 0.657531 
21000 0.082372 0.178341 0.464917 0 0 0.725411 0.64324 
21200 0.0812181 0.178521 0.450893 0 0 0.71038 0.629363 
21400 0.0800906 0.178697 0.437546 0 0 0.696136 0.61616 
21600 0.0789806 0.178872 0.424652 0 0 0.682418 0.603407 
21800 0.0778867 0.179048 0.412156 0 0 0.669018 0.591053 
22000 0.0768089 0.179223 0.400057 0 0 0.655937 0.579098 
22200 0.0757476 0.179389 0.38832 0 0 0.643288 0.567565 
22400 0.0747108 0.179541 0.377125 0 0 0.631288 0.556663 
22600 0.0736876 0.179689 0.366184 0 0 0.619546 0.545974 
22800 0.0727052 0.179822 0.356003 0 0 0.608575 0.535928 
23000 0.0717246 0.179957 0.345864 0 0 0.597647 0.525922 
23200 0.0707792 0.180102 0.336518 0 0 0.587517 0.51669 
23400 0.0698338 0.180248 0.327173 0 0 0.577388 0.507458 
23600 0.0689284 0.180379 0.318408 0 0 0.567781 0.498854 
23800 0.068033 0.180507 0.309789 0 0 0.558305 0.490407 
24000 0.0671614 0.180632 0.301525 0 0 0.549285 0.482261 
24200 0.0663138 0.180755 0.293616 0 0 0.540722 0.474418 
24400 0.065471 0.180875 0.285798 0 0 0.532228 0.466682 
24600 0.0646553 0.18098 0.278499 0 0 0.524121 0.459559 
24800 0.0638395 0.181086 0.2712 0 0 0.516015 0.452437 
25000 0.0630345 0.181192 0.264246 0 0 0.508327 0.44552 
25200 0.062233 0.181298 0.257407 0 0 0.500777 0.438673 
25400 0.0614521 0.181397 0.2508 0 0 0.493521 0.43211 
25600 0.0607097 0.181482 0.244622 0 0 0.486809 0.426074 
25800 0.0599672 0.181568 0.238444 0 0 0.480096 0.420039 
26000 0.0592364 0.181653 0.232584 0 0 0.473609 0.414228 
26200 0.0585076 0.181739 0.226781 0 0 0.467162 0.408457 
26400 0.0577931 0.181823 0.221173 0 0 0.460892 0.402898 
26600 0.0571054 0.181906 0.215927 0 0 0.454952 0.397735 
26800 0.0564177 0.181988 0.210681 0 0 0.449012 0.392572 
27000 0.0557494 0.182061 0.205676 0 0 0.443456 0.387698 
27200 0.0550877 0.18213 0.200752 0 0 0.438028 0.38292 
27400 0.0544315 0.182199 0.195899 0 0 0.432648 0.378197 
27600 0.0538069 0.182266 0.191454 0 0 0.427545 0.373779 
27800 0.0531823 0.182333 0.187009 0 0 0.422441 0.369362 
28000 0.0525689 0.182393 0.182681 0 0 0.417505 0.365072 
28200 0.0519692 0.182445 0.178497 0 0 0.412773 0.36094 
28400 0.0513695 0.182497 0.174312 0 0 0.408041 0.356807 
28600 0.050786 0.182557 0.170427 0 0 0.403705 0.352973 
28800 0.0502079 0.182619 0.166642 0 0 0.3995 0.349239 
29000 0.0496299 0.182681 0.162857 0 0 0.395295 0.345504 
29200 0.0490839 0.182719 0.159348 0 0 0.391272 0.342044 
29400 0.0485396 0.182757 0.155852 0 0 0.387258 0.338598 
29600 0.0479968 0.182795 0.152375 0 0 0.383261 0.335169 
29800 0.0474669 0.182836 0.149064 0 0 0.379416 0.3319 
30000 0.046937 0.182878 0.145753 0 0 0.37557 0.32863 
30200 0.0464096 0.1829 0.142601 0 0 0.371913 0.325507 
30400 0.0459181 0.182936 0.13962 0 0 0.368464 0.322561 
30600 0.0454266 0.182973 0.13664 0 0 0.365014 0.319615 
30800 0.0449375 0.183005 0.133728 0 0 0.361642 0.316733 
31000 0.0444544 0.183027 0.130976 0 0 0.358451 0.314003 
31200 0.0439713 0.183049 0.128223 0 0 0.35526 0.311273 
31400 0.0434993 0.183071 0.125546 0 0 0.352146 0.308622 
31600 0.0430534 0.183093 0.123044 0 0 0.34921 0.306152 
31800 0.0426076 0.183115 0.120543 0 0 0.346275 0.303683 
32000 0.0421639 0.183136 0.118071 0 0 0.343374 0.301239 
32200 0.0417289 0.183158 0.11572 0 0 0.340609 0.2989 
32400 0.041294 0.183179 0.113369 0 0 0.337844 0.29656 
32600 0.0408614 0.183199 0.11104 0 0 0.335103 0.294241 
32800 0.0404507 0.183208 0.108909 0 0 0.332568 0.292119 
33000 0.0400399 0.183216 0.106778 0 0 0.330034 0.289996 
33200 0.0396291 0.183225 0.104647 0 0 0.3275 0.287873 
33400 0.0392334 0.183233 0.102656 0 0 0.325114 0.285891 
33600 0.0388394 0.183241 0.100681 0 0 0.322744 0.283924 
33800 0.0384453 0.183249 0.0987066 0 0 0.320374 0.281958 
34000 0.0380618 0.183252 0.0968301 0 0 0.31812 0.280083 
34200 0.0376839 0.183252 0.0950067 0 0 0.315928 0.278258 
34400 0.0373061 0.183252 0.0931832 0 0 0.313736 0.276432 
34600 0.0369356 0.183251 0.0914164 0 0 0.3116 0.274664 
34800 0.0365789 0.183247 0.0897548 0 0 0.309569 0.273 
35000 0.0362221 0.183243 0.0880931 0 0 0.307537 0.271337 
35200 0.0358653 0.183239 0.0864315 0 0 0.305506 0.269673 
35400 0.035518 0.183228 0.0848632 0 0 0.303587 0.268094 
35600 0.0351712 0.183216 0.0832999 0 0 0.301674 0.266519 
35800 0.0348243 0.183204 0.0817366 0 0 0.29976 0.264943 
36000 0.0344934 0.183191 0.0802614 0 0 0.297943 0.263456 
36200 0.0341754 0.183178 0.0788583 0 0 0.296205 0.26204 
36400 0.0338574 0.183165 0.0774552 0 0 0.294467 0.260623 
36600 0.0335395 0.183152 0.0760521 0 0 0.292729 0.259207 
36800 0.0332292 0.183139 0.0747337 0 0 0.291085 0.257866 
37000 0.0329188 0.183125 0.0734154 0 0 0.289441 0.256525 
37200 0.0326085 0.183112 0.072097 0 0 0.287796 0.255184 
37400 0.0323058 0.183095 0.0708279 0 0 0.286209 0.253897 
37600 0.0320122 0.183073 0.069619 0 0 0.28469 0.252675 
37800 0.0317187 0.183051 0.06841 0 0 0.283172 0.251454 
38000 0.0314252 0.183029 0.067201 0 0 0.281653 0.250232 
38200 0.0311452 0.183001 0.0660821 0 0 0.280233 0.249085 
38400 0.0308685 0.18297 0.0649856 0 0 0.278837 0.247956 
38600 0.0305918 0.18294 0.0638891 0 0 0.277441 0.246828 
38800 0.0303156 0.18291 0.0627957 0 0 0.276048 0.245703 
39000 0.030047 0.182889 0.0617616 0 0 0.274713 0.244648 
39200 0.0297784 0.182867 0.0607275 0 0 0.273378 0.243592 
39400 0.0295098 0.182846 0.0596935 0 0 0.272042 0.242537 
39600 0.0292462 0.18282 0.0586862 0 0 0.270739 0.241503 
39800 0.0289943 0.182782 0.0577414 0 0 0.269509 0.240521 
40000 0.0287424 0.182744 0.0567967 0 0 0.268279 0.239538 
40200 0.0284961 0.182702 0.0558774 0 0 0.267084 0.238598 
40400 0.0282525 0.182665 0.0549805 0 0 0.265914 0.237673 
40600 0.0280129 0.182634 0.0541172 0 0 0.264782 0.236771 
40800 0.0277733 0.182604 0.053254 0 0 0.26365 0.235869 
41000 0.0275337 0.182574 0.0523907 0 0 0.262518 0.234967 
41200 0.0272992 0.18254 0.0515587 0 0 0.261414 0.234096 
41400 0.027071 0.182501 0.0507647 0 0 0.260346 0.233264 
41600 0.0268429 0.182463 0.0499708 0 0 0.259278 0.232431 
41800 0.0266147 0.182424 0.0491768 0 0 0.25821 0.231599 
42000 0.0263916 0.182385 0.0484099 0 0 0.257176 0.23079 
42200 0.0261747 0.182346 0.0476761 0 0 0.256183 0.230008 
42400 0.0259579 0.182307 0.0469423 0 0 0.25519 0.229227 
42600 0.025741 0.182268 0.0462085 0 0 0.254197 0.228446 
42800 0.0255277 0.182226 0.0454918 0 0 0.253224 0.227686 
43000 0.0253207 0.18218 0.0448071 0 0 0.25229 0.226964 
43200 0.0251138 0.182133 0.0441224 0 0 0.251355 0.226243 
43400 0.0249069 0.182086 0.0434377 0 0 0.250421 0.225521 
43600 0.0247027 0.18204 0.0427671 0 0 0.249502 0.224812 
43800 0.0245092 0.181996 0.042153 0 0 0.248647 0.224152 
44000 0.0243158 0.181953 0.0415388 0 0 0.247792 0.223493 
44200 0.0241223 0.181909 0.0409246 0 0 0.246937 0.222834 
44400 0.0239289 0.181866 0.0403105 0 0 0.246082 0.222175 
44600 0.0237404 0.181813 0.0397313 0 0 0.245262 0.221543 
44800 0.0235525 0.181758 0.039156 0 0 0.244445 0.220915 
45000 0.0233645 0.181704 0.0385807 0 0 0.243629 0.220287 
45200 0.0231766 0.181649 0.0380054 0 0 0.242813 0.219659 
45400 0.0229961 0.181597 0.0374598 0 0 0.242036 0.219061 
45600 0.0228205 0.181546 0.0369339 0 0 0.241285 0.218482 
45800 0.022645 0.181495 0.036408 0 0 0.240533 0.217904 
46000 0.0224695 0.181444 0.0358822 0 0 0.239782 0.217325 
46200 0.0222951 0.181393 0.0353621 0 0 0.239038 0.216753 
46400 0.0221275 0.181342 0.0348748 0 0 0.238332 0.216212 
46600 0.0219599 0.181292 0.0343874 0 0 0.237626 0.215671 
46800 0.0217923 0.181241 0.0339001 0 0 0.236921 0.21513 
47000 0.0216246 0.181191 0.0334128 0 0 0.236215 0.21459 
47200 0.0214623 0.181135 0.0329522 0 0 0.235537 0.214074 
47400 0.0213027 0.181077 0.032506 0 0 0.234874 0.213573 
47600 0.0211432 0.181019 0.0320598 0 0 0.234212 0.213072 
47800 0.0209836 0.180961 0.0316136 0 0 0.233549 0.21257 
48000 0.0208245 0.180903 0.0311691 0 0 0.232889 0.21207 
48200 0.0206741 0.180846 0.0307587 0 0 0.232276 0.211601 
48400 0.0205237 0.180789 0.0303483 0 0 0.231663 0.211131 
48600 0.0203732 0.180732 0.0299379 0 0 0.231049 0.210662 
48800 0.0202228 0.180675 0.0295275 0 0 0.230436 0.210193 
49000 0.020075 0.180619 0.0291287 0 0 0.229835 0.209736 
49200 0.0199319 0.180563 0.0287512 0 0 0.229256 0.209305 
49400 0.0197888 0.180507 0.0283737 0 0 0.228676 0.208873 
49600 0.0196457 0.180451 0.0279962 0 0 0.228097 0.208441 
49800 0.0195026 0.180396 0.0276188 0 0 0.227517 0.208009 
50000 0.0193608 0.180324 0.0272483 0 0 0.226949 0.207568 
50200 0.0192246 0.180263 0.0269 0 0 0.226397 0.207159 
50400 0.0190883 0.180203 0.0265517 0 0 0.225845 0.20675 
50600 0.0189521 0.180142 0.0262035 0 0 0.225293 0.206341 
50800 0.0188159 0.180081 0.0258552 0 0 0.224741 0.205932 
51000 0.018685 0.180021 0.0255279 0 0 0.224219 0.205542 
51200 0.0185564 0.179961 0.0252097 0 0 0.22371 0.205159 
51400 0.0184278 0.179901 0.0248914 0 0 0.2232 0.204777 
51600 0.0182992 0.17984 0.0245732 0 0 0.222691 0.204394 
51800 0.0181706 0.17978 0.0242549 0 0 0.222181 0.204012 
52000 0.0180457 0.179715 0.0239518 0 0 0.221694 0.203646 
52200 0.0179224 0.179647 0.0236553 0 0 0.221216 0.203287 
52400 0.0177991 0.17958 0.0233587 0 0 0.220738 0.202929 
52600 0.0176758 0.179512 0.0230622 0 0 0.22026 0.20257 
52800 0.0175525 0.179445 0.0227656 0 0 0.219782 0.202211 
53000 0.0174345 0.179383 0.0224867 0 0 0.219321 0.201871 
53200 0.0173192 0.179324 0.0222173 0 0 0.218868 0.201542 
53400 0.017204 0.179265 0.021948 0 0 0.218416 0.201213 
53600 0.0170888 0.179205 0.0216786 0 0 0.217963 0.200884 
53800 0.0169735 0.179146 0.0214093 0 0 0.217511 0.200555 
54000 0.0168602 0.179082 0.0211482 0 0 0.217069 0.20023 
54200 0.0167493 0.17901 0.0208973 0 0 0.216639 0.19991 
54400 0.0166384 0.178939 0.0206464 0 0 0.21621 0.199591 
54600 0.0165275 0.178868 0.0203956 0 0 0.215781 0.199271 
54800 0.0164166 0.178796 0.0201447 0 0 0.215352 0.198952 
55000 0.0163067 0.178727 0.0198977 0 0 0.214928 0.198637 
55200 0.016201 0.178663 0.0196665 0 0 0.214526 0.198342 
55400 0.0160953 0.178599 0.0194354 0 0 0.214123 0.198047 
55600 0.0159896 0.178535 0.0192042 0 0 0.213721 0.197752 
55800 0.015884 0.178472 0.018973 0 0 0.213319 0.197457 
56000 0.0157783 0.178408 0.0187418 0 0 0.212916 0.197162 
56200 0.0156787 0.178339 0.0185283 0 0 0.212539 0.196878 
56400 0.0155801 0.17827 0.018318 0 0 0.212166 0.196596 
56600 0.0154816 0.178201 0.0181077 0 0 0.211792 0.196314 
56800 0.0153831 0.178132 0.0178974 0 0 0.211419 0.196032 
57000 0.0152845 0.178062 0.0176871 0 0 0.211046 0.19575 
57200 0.0151875 0.177993 0.0174823 0 0 0.210677 0.195476 
57400 0.0150931 0.177925 0.0172877 0 0 0.210317 0.195217 
57600 0.0149988 0.177857 0.0170931 0 0 0.209956 0.194958 
57800 0.0149044 0.177789 0.0168985 0 0 0.209596 0.194699 
58000 0.0148101 0.177721 0.0167039 0 0 0.209235 0.19444 
58200 0.0147157 0.177653 0.0165093 0 0 0.208875 0.194181 
58400 0.0146248 0.177586 0.0163265 0 0 0.208531 0.19393 
58600 0.0145351 0.177519 0.0161476 0 0 0.208193 0.193681 
58800 0.0144453 0.177452 0.0159687 0 0 0.207855 0.193432 
59000 0.0143556 0.177385 0.0157898 0 0 0.207518 0.193184 
59200 0.0142659 0.177319 0.015611 0 0 0.20718 0.192935 
59400 0.0141763 0.177251 0.0154326 0 0 0.206843 0.192686 
59600 0.0140902 0.177177 0.0152638 0 0 0.206516 0.192436 
59800 0.0140041 0.177102 0.015095 0 0 0.206189 0.192187 
60000 0.0139181 0.177028 0.0149262 0 0 0.205863 0.191937 
60200 0.0138348 0.17696 0.0147658 0 0 0.205552 0.191711 
60400 0.0137516 0.176892 0.0146053 0 0 0.20524 0.191484 
60600 0.013669 0.176823 0.014447 0 0 0.204931 0.191259 
60800 0.013588 0.176751 0.0142951 0 0 0.204627 0.191036 
61000 0.013507 0.17668 0.0141433 0 0 0.204324 0.190813 
61200 0.013426 0.176609 0.0139914 0 0 0.20402 0.190589 
61400 0.013345 0.176537 0.0138396 0 0 0.203716 0.190366 
61600 0.013264 0.176466 0.0136877 0 0 0.203413 0.190143 
61800 0.0131847 0.176394 0.0135403 0 0 0.203116 0.189925 
62000 0.0131085 0.176319 0.0134011 0 0 0.20283 0.189717 
62200 0.0130323 0.176245 0.0132618 0 0 0.202545 0.18951 
62400 0.0129561 0.176171 0.0131226 0 0 0.20226 0.189302 
62600 0.0128799 0.176097 0.0129833 0 0 0.201975 0.189094 
62800 0.0128037 0.176023 0.0128441 0 0 0.20169 0.188886 
63000 0.0127287 0.175951 0.012708 0 0 0.201408 0.18868 
63200 0.0126565 0.175882 0.0125791 0 0 0.201131 0.188475 
63400 0.0125842 0.175814 0.0124503 0 0 0.200855 0.188271 
63600 0.012512 0.175745 0.0123215 0 0 0.200579 0.188067 
63800 0.0124398 0.175677 0.0121927 0 0 0.200303 0.187862 
64000 0.0123676 0.175609 0.0120638 0 0 0.200027 0.187658 
64200 0.0122958 0.175539 0.0119366 0 0 0.199753 0.187456 
64400 0.0122263 0.175467 0.0118184 0 0 0.199493 0.187265 
64600 0.0121568 0.175394 0.0117002 0 0 0.199233 0.187075 
64800 0.0120874 0.175321 0.011582 0 0 0.198973 0.186884 
65000 0.0120179 0.175248 0.0114638 0 0 0.198714 0.186694 
65200 0.0119485 0.175176 0.0113456 0 0 0.198454 0.186503 
65400 0.011879 0.175103 0.0112274 0 0 0.198194 0.186313 
65600 0.0118134 0.175027 0.0111178 0 0 0.197948 0.186131 
65800 0.0117482 0.174951 0.0110091 0 0 0.197703 0.185951 
66000 0.011683 0.174875 0.0109005 0 0 0.197459 0.18577 
66200 0.0116178 0.174798 0.0107918 0 0 0.197214 0.185589 
66400 0.0115526 0.174722 0.0106832 0 0 0.19697 0.185409 
66600 0.0114874 0.174646 0.0105745 0 0 0.196725 0.185228 
66800 0.0114243 0.174572 0.0104705 0 0 0.196486 0.185051 
67000 0.0113631 0.174502 0.0103709 0 0 0.196253 0.184879 
67200 0.011302 0.174432 0.0102714 0 0 0.196019 0.184706 
67400 0.0112409 0.174361 0.0101719 0 0 0.195785 0.184534 
67600 0.0111797 0.174291 0.0100724 0 0 0.195551 0.184361 
67800 0.0111186 0.17422 0.00997285 0 0 0.195318 0.184189 
68000 0.0110575 0.17415 0.00987332 0 0 0.195084 0.184016 
68200 0.0109987 0.174077 0.00978095 0 0 0.194858 0.183852 
68400 0.01094 0.174003 0.00968896 0 0 0.194633 0.183688 
68600 0.0108813 0.17393 0.00959696 0 0 0.194408 0.183524 
68800 0.0108226 0.173856 0.00950497 0 0 0.194183 0.18336 
69000 0.0107639 0.173783 0.00941298 0 0 0.193957 0.183196 
69200 0.0107052 0.17371 0.00932098 0 0 0.193732 0.183033 
69400 0.0106474 0.173636 0.00923103 0 0 0.19351 0.182869 
69600 0.0105916 0.173563 0.00914585 0 0 0.193293 0.182707 
69800 0.0105357 0.17349 0.00906067 0 0 0.193076 0.182544 
70000 0.0104799 0.173416 0.00897548 0 0 0.192859 0.182382 
70200 0.0104241 0.173343 0.0088903 0 0 0.192642 0.182219 
70400 0.0103683 0.17327 0.00880512 0 0 0.192425 0.182057 
70600 0.0103124 0.173197 0.00871994 0 0 0.192208 0.181894 
70800 0.0102584 0.173121 0.0086387 0 0 0.191999 0.181739 
71000 0.0102057 0.173045 0.0085607 0 0 0.191797 0.18159 
71200 0.010153 0.172968 0.0084827 0 0 0.191594 0.181441 
71400 0.0101004 0.172892 0.00840469 0 0 0.191392 0.181292 
71600 0.0100477 0.172815 0.00832669 0 0 0.191189 0.181142 
71800 0.00999505 0.172739 0.00824869 0 0 0.190987 0.180993 
72000 0.00994239 0.172662 0.00817069 0 0 0.190784 0.180844 
72200 0.00989139 0.172587 0.00809685 0 0 0.190587 0.180697 
72400 0.00984129 0.172512 0.00802525 0 0 0.190392 0.180551 
72600 0.00979118 0.172437 0.00795365 0 0 0.190198 0.180405 
72800 0.00974108 0.172362 0.00788205 0 0 0.190004 0.180259 
73000 0.00969097 0.172287 0.00781045 0 0 0.189809 0.180113 
73200 0.00964087 0.172212 0.00773885 0 0 0.189615 0.179967 
73400 0.00959076 0.172137 0.00766725 0 0 0.18942 0.179821 
73600 0.0095424 0.172063 0.00759933 0 0 0.189228 0.179679 
73800 0.00949521 0.171988 0.00753386 0 0 0.189038 0.179539 
74000 0.00944802 0.171914 0.00746839 0 0 0.188848 0.1794 
74200 0.00940083 0.17184 0.00740293 0 0 0.188657 0.179261 
74400 0.00935363 0.171766 0.00733746 0 0 0.188467 0.179122 
74600 0.00930644 0.171691 0.007272 0 0 0.188277 0.178982 
74800 0.00925925 0.171617 0.00720653 0 0 0.188086 0.178843 
75000 0.00921305 0.171543 0.00714289 0 0 0.187901 0.178705 
75200 0.00916835 0.171471 0.00708198 0 0 0.187722 0.178568 
75400 0.00912364 0.171399 0.00702108 0 0 0.187544 0.178432 
75600 0.00907894 0.171326 0.00696017 0 0 0.187365 0.178295 
75800 0.00903424 0.171254 0.00689927 0 0 0.187186 0.178159 
76000 0.00898953 0.171182 0.00683836 0 0 0.187008 0.178022 
76200 0.00894483 0.171109 0.00677745 0 0 0.186829 0.177886 
76400 0.00890038 0.171037 0.00671707 0 0 0.186651 0.17775 
76600 0.00885821 0.170966 0.00666135 0 0 0.186482 0.177621 
76800 0.00881605 0.170894 0.00660564 0 0 0.186313 0.177492 
77000 0.00877389 0.170823 0.00654992 0 0 0.186143 0.177363 
77200 0.00873172 0.170752 0.00649421 0 0 0.185974 0.177233 
77400 0.00868956 0.170681 0.00643849 0 0 0.185805 0.177104 
77600 0.0086474 0.170609 0.00638277 0 0 0.185635 0.176975 
77800 0.00860523 0.170538 0.00632706 0 0 0.185466 0.176846 
78000 0.00856393 0.170465 0.00627389 0 0 0.185298 0.17672 
78200 0.00852322 0.17039 0.00622243 0 0 0.185131 0.176597 
78400 0.0084825 0.170315 0.00617097 0 0 0.184964 0.176474 
78600 0.00844178 0.17024 0.0061195 0 0 0.184796 0.17635 
78800 0.00840106 0.170165 0.00606804 0 0 0.184629 0.176227 
79000 0.00836034 0.170091 0.00601658 0 0 0.184462 0.176104 
79200 0.00831962 0.170016 0.00596511 0 0 0.184295 0.175981 
79400 0.0082789 0.169941 0.00591365 0 0 0.184128 0.175858 
79600 0.00824078 0.169868 0.00586573 0 0 0.183965 0.17574 
79800 0.00820265 0.169794 0.00581782 0 0 0.183803 0.175622 
80000 0.00816452 0.16972 0.0057699 0 0 0.18364 0.175504 
80200 0.00812698 0.169647 0.00572345 0 0 0.183482 0.175381 
80400 0.00808945 0.169574 0.005677 0 0 0.183325 0.175259 
80600 0.00805191 0.169501 0.00563055 0 0 0.183167 0.175136 
80800 0.00801437 0.169428 0.00558411 0 0 0.183009 0.175014 
81000 0.00797723 0.169355 0.00553844 0 0 0.182853 0.174893 
81200 0.00794127 0.169282 0.00549513 0 0 0.182701 0.174779 
81400 0.0079053 0.16921 0.00545182 0 0 0.182549 0.174665 
81600 0.00786933 0.169138 0.00540851 0 0 0.182396 0.17455 
81800 0.00783337 0.169065 0.0053652 0 0 0.182244 0.174436 
82000 0.0077974 0.168993 0.00532189 0 0 0.182092 0.174321 
82200 0.00776144 0.168921 0.00527857 0 0 0.18194 0.174207 
82400 0.00772547 0.168848 0.00523526 0 0 0.181788 0.174093 
82600 0.00769002 0.168775 0.00519286 0 0 0.181637 0.173978 
82800 0.00765576 0.168701 0.00515258 0 0 0.181491 0.173861 
83000 0.00762149 0.168626 0.0051123 0 0 0.181345 0.173745 
83200 0.00758723 0.168551 0.00507202 0 0 0.181199 0.173629 
83400 0.00755297 0.168476 0.00503174 0 0 0.181052 0.173513 
83600 0.0075187 0.168402 0.00499145 0 0 0.180906 0.173396 
83800 0.00748444 0.168327 0.00495117 0 0 0.18076 0.17328 
84000 0.00745018 0.168252 0.00491089 0 0 0.180614 0.173164 
84200 0.00741632 0.168179 0.00487156 0 0 0.18047 0.17305 
84400 0.00738371 0.168109 0.0048351 0 0 0.180331 0.172944 
84600 0.00735109 0.168039 0.00479863 0 0 0.180193 0.172838 
84800 0.00731848 0.16797 0.00476216 0 0 0.180054 0.172732 
85000 0.00728586 0.1679 0.00472569 0 0 0.179915 0.172625 
85200 0.00725324 0.16783 0.00468922 0 0 0.179777 0.172519 
85400 0.00722063 0.167761 0.00465275 0 0 0.179638 0.172413 
85600 0.00718801 0.167691 0.00461628 0 0 0.1795 0.172307 
85800 0.0071554 0.167621 0.00457982 0 0 0.179361 0.172201 
86000 0.00712478 0.167548 0.00454579 0 0 0.179224 0.172092 
86200 0.00709417 0.167475 0.00451176 0 0 0.179087 0.171983 
86400 0.00706355 0.167403 0.00447773 0 0 0.17895 0.171874 
86600 0.00703294 0.16733 0.0044437 0 0 0.178813 0.171765 
86800 0.00700232 0.167257 0.00440967 0 0 0.178677 0.171656 
87000 0.00697171 0.167184 0.00437564 0 0 0.17854 0.171547 
87200 0.00694109 0.167111 0.00434161 0 0 0.178403 0.171439 
87400 0.00691047 0.167038 0.00430758 0 0 0.178266 0.17133 
87600 0.00688084 0.166967 0.00427559 0 0 0.178131 0.171225 
87800 0.00685173 0.166895 0.0042447 0 0 0.177997 0.171123 
88000 0.00682262 0.166824 0.00421381 0 0 0.177864 0.17102 
88200 0.0067935 0.166753 0.00418293 0 0 0.17773 0.170918 
88400 0.00676439 0.166682 0.00415204 0 0 0.177596 0.170815 
88600 0.00673528 0.166611 0.00412115 0 0 0.177462 0.170713 
88800 0.00670617 0.16654 0.00409026 0 0 0.177329 0.17061 
89000 0.00667706 0.166468 0.00405937 0 0 0.177195 0.170508 
89200 0.00664813 0.166397 0.00402871 0 0 0.177062 0.170406 
89400 0.00662084 0.166324 0.00400006 0 0 0.176935 0.170306 
89600 0.00659355 0.16625 0.0039714 0 0 0.176808 0.170206 
89800 0.00656625 0.166177 0.00394275 0 0 0.176681 0.170105 
90000 0.00653896 0.166104 0.00391409 0 0 0.176555 0.170005 
90200 0.00651167 0.16603 0.00388544 0 0 0.176428 0.169905 
90400 0.00648438 0.165957 0.00385679 0 0 0.176301 0.169805 
90600 0.00645708 0.165884 0.00382813 0 0 0.176174 0.169705 
90800 0.00642979 0.16581 0.00379948 0 0 0.176047 0.169605 
91000 0.00640293 0.165739 0.00377165 0 0 0.175922 0.169507 
91200 0.00637685 0.16567 0.00374536 0 0 0.175801 0.169412 
91400 0.00635077 0.165602 0.00371907 0 0 0.175679 0.169318 
91600 0.0063247 0.165534 0.00369277 0 0 0.175557 0.169223 
91800 0.00629862 0.165465 0.00366648 0 0 0.175435 0.169128 
92000 0.00627255 0.165397 0.00364019 0 0 0.175314 0.169034 
92200 0.00624647 0.165329 0.0036139 0 0 0.175192 0.168939 
92400 0.0062204 0.16526 0.0035876 0 0 0.17507 0.168844 
92600 0.00619432 0.165192 0.00356131 0 0 0.174949 0.16875 
92800 0.00616894 0.165122 0.00353593 0 0 0.174828 0.168655 
93000 0.00614441 0.16505 0.00351166 0 0 0.174709 0.168562 
93200 0.00611989 0.164979 0.00348739 0 0 0.17459 0.168468 
93400 0.00609536 0.164907 0.00346312 0 0 0.174471 0.168374 
93600 0.00607083 0.164835 0.00343885 0 0 0.174352 0.16828 
93800 0.0060463 0.164764 0.00341459 0 0 0.174234 0.168186 
94000 0.00602177 0.164692 0.00339032 0 0 0.174115 0.168092 
94200 0.00599724 0.16462 0.00336605 0 0 0.173996 0.167999 
94400 0.00597271 0.164549 0.00334178 0 0 0.173877 0.167905 
94600 0.00594854 0.164478 0.00331831 0 0 0.173759 0.167812 
94800 0.00592491 0.164409 0.00329605 0 0 0.173641 0.167721 
95000 0.00590128 0.164339 0.00327379 0 0 0.173524 0.16763 
95200 0.00587765 0.16427 0.00325153 0 0 0.173407 0.167539 
95400 0.00585401 0.1642 0.00322927 0 0 0.17329 0.167448 
95600 0.00583038 0.164131 0.003207 0 0 0.173173 0.167357 
95800 0.00580675 0.164062 0.00318474 0 0 0.173056 0.167266 
96000 0.00578312 0.163992 0.00316248 0 0 0.172939 0.167175 
96200 0.00575949 0.163923 0.00314022 0 0 0.172822 0.167084 
96400 0.00573613 0.163854 0.00311821 0 0 0.172706 0.166993 
96600 0.0057143 0.163785 0.00309765 0 0 0.172594 0.166902 
96800 0.00569247 0.163716 0.0030771 0 0 0.172482 0.166812 
97000 0.00567065 0.163647 0.00305654 0 0 0.172371 0.166722 
97200 0.00564882 0.163578 0.00303599 0 0 0.172259 0.166631 
97400 0.005627 0.163509 0.00301543 0 0 0.172147 0.166541 
97600 0.00560517 0.16344 0.00299488 0 0 0.172036 0.166451 
97800 0.00558334 0.163371 0.00297432 0 0 0.171924 0.16636 
98000 0.00556152 0.163302 0.00295377 0 0 0.171812 0.16627 
98200 0.00553969 0.163233 0.00293321 0 0 0.171701 0.16618 
98400 0.00551838 0.163164 0.00291389 0 0 0.171592 0.166091 
98600 0.00549724 0.163095 0.00289498 0 0 0.171485 0.166003 
98800 0.0054761 0.163026 0.00287607 0 0 0.171378 0.165915 
99000 0.00545496 0.162958 0.00285715 0 0 0.171272 0.165828 
99200 0.00543382 0.162889 0.00283824 0 0 0.171165 0.16574 
99400 0.00541269 0.16282 0.00281933 0 0 0.171058 0.165652 
99600 0.00539155 0.162751 0.00280042 0 0 0.170951 0.165564 
99800 0.00537041 0.162682 0.00278151 0 0 0.170844 0.165476 
100000 0.00534927 0.162614 0.0027626 0 0 0.170737 0.165388 
100200 0.00533245 0.162567 0.00274722 0 0 0.170623 0.165308 
100400 0.00531192 0.162495 0.00272934 0 0 0.170515 0.165219 
100600 0.00529139 0.162423 0.00271147 0 0 0.170408 0.165129 
100800 0.00527086 0.162352 0.00269359 0 0 0.1703 0.16504 
101000 0.00525032 0.16228 0.00267572 0 0 0.170192 0.16495 
101200 0.00522979 0.162208 0.00265784 0 0 0.170085 0.164861 
101400 0.00520926 0.162136 0.00263996 0 0 0.169977 0.164772 
101600 0.00518873 0.162064 0.00262209 0 0 0.169869 0.164682 
101800 0.0051682 0.161993 0.00260421 0 0 0.169762 0.164593 
102000 0.00514767 0.161921 0.00258634 0 0 0.169654 0.164504 
102200 0.00512815 0.161851 0.00256943 0 0 0.169549 0.164418 
102400 0.00510966 0.161783 0.00255348 0 0 0.169448 0.164337 
102600 0.00509116 0.161714 0.00253753 0 0 0.169346 0.164255 
102800 0.00507266 0.161646 0.00252159 0 0 0.169244 0.164173 
103000 0.00505416 0.161578 0.00250564 0 0 0.169143 0.164092 
103200 0.00503567 0.16151 0.0024897 0 0 0.169041 0.16401 
103400 0.00501717 0.161442 0.00247375 0 0 0.16894 0.163929 
103600 0.00499867 0.161373 0.0024578 0 0 0.168838 0.163847 
103800 0.00498017 0.161305 0.00244186 0 0 0.168736 0.163766 
104000 0.00496167 0.161237 0.00242591 0 0 0.168635 0.163684 
104200 0.00494378 0.16117 0.00241082 0 0 0.168536 0.163603 
104400 0.00492648 0.161105 0.00239659 0 0 0.168439 0.163521 
104600 0.00490919 0.161039 0.00238236 0 0 0.168342 0.163439 
104800 0.0048919 0.160973 0.00236813 0 0 0.168245 0.163358 
105000 0.0048746 0.160908 0.0023539 0 0 0.168148 0.163277 
105200 0.00485731 0.160842 0.00233967 0 0 0.168052 0.163195 
105400 0.00484001 0.160777 0.00232544 0 0 0.167955 0.163114 
105600 0.00482272 0.160711 0.00231121 0 0 0.167858 0.163032 
105800 0.00480542 0.160646 0.00229697 0 0 0.167761 0.162951 
106000 0.00478813 0.16058 0.00228274 0 0 0.167664 0.162869 
106200 0.00477083 0.160514 0.00226851 0 0 0.167568 0.162788 
106400 0.00475335 0.160446 0.0022545 0 0 0.167469 0.162706 
106600 0.00473586 0.160378 0.0022405 0 0 0.16737 0.162624 
106800 0.00471837 0.16031 0.00222649 0 0 0.167271 0.162543 
107000 0.00470089 0.160242 0.00221248 0 0 0.167172 0.162461 
107200 0.0046834 0.160173 0.00219848 0 0 0.167073 0.16238 
107400 0.00466591 0.160105 0.00218447 0 0 0.166974 0.162298 
107600 0.00464843 0.160037 0.00217046 0 0 0.166875 0.162217 
107800 0.00463094 0.159969 0.00215646 0 0 0.166776 0.162135 
108000 0.00461346 0.159901 0.00214245 0 0 0.166677 0.162053 
108200 0.00459597 0.159832 0.00212844 0 0 0.166578 0.161972 
108400 0.00458069 0.15977 0.0021165 0 0 0.166488 0.161897 
108600 0.0045654 0.159707 0.00210456 0 0 0.166398 0.161822 
108800 0.00455011 0.159645 0.00209261 0 0 0.166308 0.161748 
109000 0.00453483 0.159582 0.00208067 0 0 0.166218 0.161673 
109200 0.00451954 0.159519 0.00206873 0 0 0.166128 0.161598 
109400 0.00450426 0.159457 0.00205678 0 0 0.166039 0.161523 
109600 0.00448897 0.159394 0.00204484 0 0 0.165949 0.161449 
109800 0.00447368 0.159332 0.0020329 0 0 0.165859 0.161374 
110000 0.0044584 0.159269 0.00202095 0 0 0.165769 0.161299 
110200 0.00444311 0.159206 0.00200901 0 0 0.165679 0.161224 
110400 0.00442783 0.159144 0.00199707 0 0 0.165589 0.16115 
110600 0.00441246 0.159079 0.00198532 0 0 0.165495 0.161072 
110800 0.00439708 0.159014 0.00197357 0 0 0.1654 0.160994 
111000 0.00438171 0.158949 0.00196182 0 0 0.165306 0.160916 
111200 0.00436634 0.158884 0.00195007 0 0 0.165212 0.160839 
111400 0.00435096 0.158819 0.00193833 0 0 0.165118 0.160761 
111600 0.00433559 0.158754 0.00192658 0 0 0.165023 0.160683 
111800 0.00432022 0.158689 0.00191483 0 0 0.164929 0.160606 
112000 0.00430484 0.158624 0.00190308 0 0 0.164835 0.160528 
112200 0.00428947 0.158559 0.00189133 0 0 0.164741 0.16045 
112400 0.0042741 0.158494 0.00187958 0 0 0.164646 0.160373 
112600 0.00425938 0.158429 0.00186845 0 0 0.164554 0.160297 
112800 0.00424532 0.158363 0.00185794 0 0 0.164464 0.160222 
113000 0.00423125 0.158298 0.00184742 0 0 0.164374 0.160147 
113200 0.00421719 0.158232 0.00183691 0 0 0.164284 0.160072 
113400 0.00420313 0.158167 0.00182639 0 0 0.164195 0.159997 
113600 0.00418907 0.158101 0.00181588 0 0 0.164105 0.159923 
113800 0.004175 0.158035 0.00180536 0 0 0.164015 0.159848 
114000 0.00416094 0.15797 0.00179485 0 0 0.163925 0.159773 
114200 0.00414688 0.157904 0.00178433 0 0 0.163835 0.159698 
114400 0.00413281 0.157838 0.00177382 0 0 0.163745 0.159624 
114600 0.00411875 0.157773 0.0017633 0 0 0.163655 0.159549 
114800 0.00410514 0.157708 0.00175334 0 0 0.163567 0.159476 
115000 0.00409198 0.157646 0.00174392 0 0 0.163481 0.159404 
115200 0.00407883 0.157583 0.0017345 0 0 0.163395 0.159333 
115400 0.00406567 0.15752 0.00172508 0 0 0.163309 0.159261 
115600 0.00405251 0.157457 0.00171566 0 0 0.163223 0.15919 
115800 0.00403935 0.157395 0.00170624 0 0 0.163137 0.159118 
116000 0.00402619 0.157332 0.00169683 0 0 0.163051 0.159047 
116200 0.00401304 0.157269 0.00168741 0 0 0.162965 0.158975 
116400 0.00399988 0.157206 0.00167799 0 0 0.162878 0.158904 
116600 0.00398672 0.157143 0.00166857 0 0 0.162792 0.158832 
116800 0.00397356 0.157081 0.00165915 0 0 0.162706 0.158761 
117000 0.0039604 0.157018 0.00164973 0 0 0.16262 0.158689 
117200 0.00394726 0.156952 0.0016405 0 0 0.162533 0.158614 
117400 0.00393411 0.156887 0.00163126 0 0 0.162447 0.15854 
117600 0.00392097 0.156821 0.00162202 0 0 0.16236 0.158465 
117800 0.00390782 0.156755 0.00161278 0 0 0.162273 0.15839 
118000 0.00389468 0.15669 0.00160354 0 0 0.162186 0.158315 
118200 0.00388153 0.156624 0.0015943 0 0 0.162099 0.158241 
118400 0.00386839 0.156558 0.00158506 0 0 0.162012 0.158166 
118600 0.00385524 0.156493 0.00157583 0 0 0.161925 0.158091 
118800 0.00384209 0.156427 0.00156659 0 0 0.161838 0.158016 
119000 0.00382895 0.156361 0.00155735 0 0 0.161751 0.157942 
119200 0.0038158 0.156296 0.00154811 0 0 0.161664 0.157867 
119400 0.00380403 0.156235 0.00154017 0 0 0.161585 0.157798 
119600 0.00379227 0.156174 0.00153223 0 0 0.161505 0.157729 
119800 0.0037805 0.156114 0.00152429 0 0 0.161425 0.15766 
120000 0.00376873 0.156053 0.00151635 0 0 0.161346 0.157591 
120200 0.00375696 0.155992 0.00150841 0 0 0.161266 0.157521 
120400 0.00374519 0.155931 0.00150047 0 0 0.161186 0.157452 
120600 0.00373342 0.155871 0.00149253 0 0 0.161107 0.157383 
120800 0.00372166 0.15581 0.00148459 0 0 0.161027 0.157314 
121000 0.00370989 0.155749 0.00147665 0 0 0.160947 0.157245 
121200 0.00369812 0.155689 0.00146871 0 0 0.160868 0.157176 
121400 0.00368635 0.155628 0.00146078 0 0 0.160788 0.157107 
121600 0.00367458 0.155567 0.00145284 0 0 0.160708 0.157038 
121800 0.00366337 0.155507 0.00144537 0 0 0.160628 0.156969 
122000 0.00365216 0.155447 0.0014379 0 0 0.160548 0.156901 
122200 0.00364096 0.155387 0.00143044 0 0 0.160468 0.156832 
122400 0.00362975 0.155326 0.00142297 0 0 0.160387 0.156764 
122600 0.00361854 0.155266 0.00141551 0 0 0.160307 0.156695 
122800 0.00360733 0.155206 0.00140804 0 0 0.160227 0.156627 
123000 0.00359612 0.155146 0.00140058 0 0 0.160147 0.156558 
123200 0.00358491 0.155086 0.00139311 0 0 0.160066 0.15649 
123400 0.0035737 0.155026 0.00138564 0 0 0.159986 0.156421 
123600 0.00356249 0.154965 0.00137818 0 0 0.159906 0.156353 
123800 0.00355128 0.154905 0.00137071 0 0 0.159826 0.156284 
124000 0.00354007 0.154845 0.00136325 0 0 0.159746 0.156216 
124200 0.00352915 0.154785 0.00135625 0 0 0.159665 0.156147 
124400 0.00351822 0.154725 0.00134926 0 0 0.159585 0.156079 
124600 0.00350729 0.154665 0.00134227 0 0 0.159505 0.15601 
124800 0.00349636 0.154604 0.00133528 0 0 0.159425 0.155941 
125000 0.00348544 0.154544 0.00132828 0 0 0.159344 0.155873 
125200 0.00347451 0.154484 0.00132129 0 0 0.159264 0.155804 
125400 0.00346358 0.154424 0.0013143 0 0 0.159184 0.155736 
125600 0.00345265 0.154364 0.00130731 0 0 0.159104 0.155667 
125800 0.00344173 0.154303 0.00130031 0 0 0.159024 0.155599 
126000 0.0034308 0.154243 0.00129332 0 0 0.158943 0.15553 
126200 0.00341987 0.154183 0.00128633 0 0 0.158863 0.155462 
126400 0.00340894 0.154123 0.00127934 0 0 0.158783 0.155393 
126600 0.00339846 0.154059 0.00127279 0 0 0.158706 0.155324 
126800 0.00338799 0.153996 0.00126625 0 0 0.158629 0.155255 
127000 0.00337751 0.153932 0.0012597 0 0 0.158552 0.155186 
127200 0.00336703 0.153869 0.00125315 0 0 0.158475 0.155117 
127400 0.00335655 0.153805 0.00124661 0 0 0.158398 0.155048 
127600 0.00334607 0.153742 0.00124006 0 0 0.158322 0.154979 
127800 0.00333559 0.153678 0.00123351 0 0 0.158245 0.15491 
128000 0.00332511 0.153615 0.00122697 0 0 0.158168 0.154841 
128200 0.00331463 0.153551 0.00122042 0 0 0.158091 0.154771 
128400 0.00330415 0.153488 0.00121387 0 0 0.158014 0.154702 
128600 0.00329367 0.153424 0.00120733 0 0 0.157937 0.154633 
128800 0.00328319 0.153361 0.00120078 0 0 0.15786 0.154564 
129000 0.00327388 0.153302 0.0011951 0 0 0.157786 0.1545 
129200 0.00326457 0.153244 0.00118941 0 0 0.157712 0.154437 
129400 0.00325526 0.153185 0.00118373 0 0 0.157638 0.154373 
129600 0.00324595 0.153126 0.00117805 0 0 0.157564 0.154309 
129800 0.00323664 0.153068 0.00117236 0 0 0.15749 0.154245 
130000 0.00322733 0.153009 0.00116668 0 0 0.157416 0.154182 
130200 0.00321801 0.15295 0.001161 0 0 0.157342 0.154118 
130400 0.0032087 0.152892 0.00115532 0 0 0.157268 0.154054 
130600 0.00319939 0.152833 0.00114963 0 0 0.157194 0.15399 
130800 0.00319008 0.152775 0.00114395 0 0 0.15712 0.153927 
131000 0.00318077 0.152716 0.00113827 0 0 0.157046 0.153863 
131200 0.00317146 0.152657 0.00113258 0 0 0.156972 0.153799 
131400 0.00316214 0.152599 0.0011269 0 0 0.156898 0.153735 
131600 0.00315281 0.15254 0.00112136 0 0 0.156823 0.153669 
131800 0.00314348 0.152482 0.00111583 0 0 0.156749 0.153603 
132000 0.00313414 0.152424 0.00111029 0 0 0.156674 0.153536 
132200 0.00312481 0.152365 0.00110476 0 0 0.1566 0.15347 
132400 0.00311547 0.152307 0.00109922 0 0 0.156526 0.153404 
132600 0.00310614 0.152249 0.00109368 0 0 0.156451 0.153337 
132800 0.00309681 0.152191 0.00108815 0 0 0.156377 0.153271 
133000 0.00308747 0.152132 0.00108261 0 0 0.156303 0.153205 
133200 0.00307814 0.152074 0.00107708 0 0 0.156228 0.153138 
133400 0.0030688 0.152016 0.00107154 0 0 0.156154 0.153072 
133600 0.00305947 0.151957 0.00106601 0 0 0.15608 0.153006 
133800 0.00305013 0.151899 0.00106047 0 0 0.156005 0.152939 
134000 0.0030413 0.151842 0.0010553 0 0 0.155934 0.152876 
134200 0.00303295 0.151786 0.0010505 0 0 0.155865 0.152815 
134400 0.00302461 0.15173 0.00104569 0 0 0.155796 0.152754 
134600 0.00301627 0.151674 0.00104089 0 0 0.155727 0.152693 
134800 0.00300792 0.151618 0.00103608 0 0 0.155658 0.152632 
135000 0.00299958 0.151562 0.00103128 0 0 0.15559 0.152571 
135200 0.00299123 0.151506 0.00102648 0 0 0.155521 0.15251 
135400 0.00298289 0.15145 0.00102167 0 0 0.155452 0.152449 
135600 0.00297455 0.151394 0.00101687 0 0 0.155383 0.152388 
135800 0.0029662 0.151338 0.00101206 0 0 0.155314 0.152328 
136000 0.00295786 0.151282 0.00100726 0 0 0.155245 0.152267 
136200 0.00294952 0.151226 0.00100246 0 0 0.155177 0.152206 
136400 0.00294117 0.15117 0.000997653 0 0 0.155108 0.152145 
136600 0.00293283 0.151114 0.000992849 0 0 0.155039 0.152084 
136800 0.00292448 0.151056 0.000988169 0 0 0.154967 0.152023 
137000 0.00291612 0.150997 0.000983489 0 0 0.154896 0.151961 
137200 0.00290777 0.150939 0.000978809 0 0 0.154824 0.1519 
137400 0.00289941 0.15088 0.000974128 0 0 0.154753 0.151839 
137600 0.00289106 0.150821 0.000969448 0 0 0.154681 0.151778 
137800 0.00288271 0.150763 0.000964768 0 0 0.15461 0.151717 
138000 0.00287435 0.150704 0.000960088 0 0 0.154539 0.151655 
138200 0.002866 0.150645 0.000955408 0 0 0.154467 0.151594 
138400 0.00285764 0.150587 0.000950728 0 0 0.154396 0.151533 
138600 0.00284929 0.150528 0.000946048 0 0 0.154324 0.151472 
138800 0.00284094 0.15047 0.000941368 0 0 0.154253 0.151411 
139000 0.00283258 0.150411 0.000936688 0 0 0.154181 0.151349 
139200 0.00282423 0.150352 0.000932008 0 0 0.15411 0.151288 
139400 0.00281648 0.150293 0.000927773 0 0 0.154041 0.151226 
139600 0.00280874 0.150233 0.000923539 0 0 0.153972 0.151164 
139800 0.00280099 0.150174 0.000919304 0 0 0.153903 0.151103 
140000 0.00279325 0.150115 0.00091507 0 0 0.153834 0.151041 
140200 0.0027855 0.150055 0.000910836 0 0 0.153765 0.150979 
140400 0.00277776 0.149996 0.000906601 0 0 0.153697 0.150917 
140600 0.00277001 0.149936 0.000902367 0 0 0.153628 0.150855 
140800 0.00276227 0.149877 0.000898133 0 0 0.153559 0.150793 
141000 0.00275452 0.149817 0.000893898 0 0 0.15349 0.150731 
141200 0.00274677 0.149758 0.000889664 0 0 0.153421 0.150669 
141400 0.00273903 0.149699 0.000885429 0 0 0.153352 0.150607 
141600 0.00273128 0.149639 0.000881195 0 0 0.153284 0.150545 
141800 0.00272354 0.14958 0.000876961 0 0 0.153215 0.150484 
142000 0.00271608 0.149523 0.000872933 0 0 0.153147 0.150423 
142200 0.00270889 0.149468 0.000869113 0 0 0.15308 0.150364 
142400 0.00270171 0.149414 0.000865292 0 0 0.153013 0.150305 
142600 0.00269453 0.149359 0.000861472 0 0 0.152946 0.150245 
142800 0.00268735 0.149305 0.000857651 0 0 0.152879 0.150186 
143000 0.00268017 0.149251 0.000853831 0 0 0.152813 0.150127 
143200 0.00267299 0.149196 0.00085001 0 0 0.152746 0.150068 
143400 0.00266581 0.149142 0.00084619 0 0 0.152679 0.150008 
143600 0.00265863 0.149087 0.000842369 0 0 0.152612 0.149949 
143800 0.00265145 0.149033 0.000838549 0 0 0.152545 0.14989 
144000 0.00264427 0.148978 0.000834728 0 0 0.152478 0.149831 
144200 0.00263709 0.148924 0.000830908 0 0 0.152411 0.149772 
144400 0.00262991 0.14887 0.000827087 0 0 0.152345 0.149712 
144600 0.00262272 0.148815 0.000823267 0 0 0.152278 0.149653 
144800 0.00261566 0.148761 0.000819566 0 0 0.152211 0.149594 
145000 0.00260872 0.148706 0.000815984 0 0 0.152145 0.149535 
145200 0.00260178 0.148652 0.000812402 0 0 0.152078 0.149476 
145400 0.00259484 0.148597 0.000808821 0 0 0.152012 0.149416 
145600 0.0025879 0.148543 0.000805239 0 0 0.151946 0.149357 
145800 0.00258096 0.148488 0.000801657 0 0 0.151879 0.149298 
146000 0.00257402 0.148434 0.000798075 0 0 0.151813 0.149239 
146200 0.00256708 0.14838 0.000794494 0 0 0.151746 0.149179 
146400 0.00256014 0.148325 0.000790912 0 0 0.15168 0.14912 
146600 0.0025532 0.148271 0.00078733 0 0 0.151614 0.149061 
146800 0.00254626 0.148216 0.000783749 0 0 0.151547 0.149002 
147000 0.00253932 0.148162 0.000780167 0 0 0.151481 0.148943 
147200 0.00253238 0.148107 0.000776585 0 0 0.151415 0.148883 
147400 0.00252544 0.148053 0.000773003 0 0 0.151348 0.148824 
147600 0.00251877 0.147999 0.000769595 0 0 0.151283 0.148766 
147800 0.00251236 0.147945 0.000766359 0 0 0.151218 0.14871 
148000 0.00250596 0.147891 0.000763123 0 0 0.151153 0.148653 
148200 0.00249956 0.147837 0.000759887 0 0 0.151089 0.148596 
148400 0.00249316 0.147783 0.000756651 0 0 0.151024 0.148539 
148600 0.00248676 0.147729 0.000753415 0 0 0.150959 0.148483 
148800 0.00248036 0.147675 0.000750179 0 0 0.150894 0.148426 
149000 0.00247395 0.147621 0.000746943 0 0 0.15083 0.148369 
149200 0.00246755 0.147567 0.000743707 0 0 0.150765 0.148313 
149400 0.00246115 0.147513 0.000740471 0 0 0.1507 0.148256 
149600 0.00245475 0.147459 0.000737235 0 0 0.150635 0.148199 
149800 0.00244835 0.147404 0.000733999 0 0 0.150571 0.148143 
150000 0.00244195 0.14735 0.000730763 0 0 0.150506 0.148086 
150200 0.00243505 0.147287 0.00072742 0 0 0.150443 0.148022 
150400 0.00242816 0.147223 0.000724077 0 0 0.150379 0.147959 
150600 0.00242215 0.147173 0.000721113 0 0 0.150317 0.147904 
150800 0.00241615 0.147122 0.000718149 0 0 0.150255 0.147848 
151000 0.00241014 0.147071 0.000715185 0 0 0.150193 0.147793 
151200 0.00240413 0.14702 0.000712221 0 0 0.150131 0.147738 
151400 0.00239813 0.146969 0.000709257 0 0 0.150069 0.147683 
151600 0.00239212 0.146919 0.000706293 0 0 0.150007 0.147627 
151800 0.00238611 0.146868 0.000703329 0 0 0.149945 0.147572 
152000 0.00238011 0.146817 0.000700365 0 0 0.149883 0.147517 
152200 0.0023741 0.146766 0.000697401 0 0 0.149821 0.147461 
152400 0.00236809 0.146715 0.000694437 0 0 0.14976 0.147406 
152600 0.00236209 0.146665 0.000691473 0 0 0.149698 0.147351 
152800 0.00235608 0.146614 0.000688509 0 0 0.149636 0.147296 
153000 0.00235007 0.146563 0.000685545 0 0 0.149574 0.14724 
153200 0.00234407 0.146512 0.00068258 0 0 0.149512 0.147185 
153400 0.00233806 0.146461 0.000679616 0 0 0.14945 0.14713 
153600 0.00233225 0.146408 0.000676853 0 0 0.14939 0.147074 
153800 0.00232645 0.146354 0.000674089 0 0 0.149329 0.147018 
154000 0.00232064 0.146301 0.000671326 0 0 0.149269 0.146963 
154200 0.00231484 0.146247 0.000668562 0 0 0.149209 0.146907 
154400 0.00230903 0.146194 0.000665799 0 0 0.149149 0.146851 
154600 0.00230323 0.14614 0.000663036 0 0 0.149089 0.146796 
154800 0.00229742 0.146087 0.000660272 0 0 0.149029 0.14674 
155000 0.00229162 0.146033 0.000657509 0 0 0.148968 0.146684 
155200 0.00228581 0.14598 0.000654745 0 0 0.148908 0.146628 
155400 0.00228001 0.145926 0.000651982 0 0 0.148848 0.146573 
155600 0.0022742 0.145873 0.000649218 0 0 0.148788 0.146517 
155800 0.00226839 0.145819 0.000646455 0 0 0.148728 0.146461 
156000 0.00226259 0.145766 0.000643691 0 0 0.148668 0.146406 
156200 0.00225678 0.145712 0.000640928 0 0 0.148607 0.14635 
156400 0.00225098 0.145659 0.000638164 0 0 0.148547 0.146294 
156600 0.0022454 0.145606 0.000635579 0 0 0.148485 0.146239 
156800 0.00223982 0.145553 0.000632994 0 0 0.148422 0.146184 
157000 0.00223424 0.1455 0.000630409 0 0 0.14836 0.146128 
157200 0.00222865 0.145447 0.000627823 0 0 0.148298 0.146073 
157400 0.00222307 0.145394 0.000625238 0 0 0.148235 0.146018 
157600 0.00221749 0.145341 0.000622653 0 0 0.148173 0.145963 
157800 0.00221191 0.145288 0.000620068 0 0 0.14811 0.145907 
158000 0.00220633 0.145235 0.000617483 0 0 0.148048 0.145852 
158200 0.00220075 0.145182 0.000614897 0 0 0.147986 0.145797 
158400 0.00219517 0.145129 0.000612312 0 0 0.147923 0.145741 
158600 0.00218959 0.145076 0.000609727 0 0 0.147861 0.145686 
158800 0.00218401 0.145023 0.000607142 0 0 0.147798 0.145631 
159000 0.00217842 0.14497 0.000604557 0 0 0.147736 0.145576 
159200 0.00217284 0.144916 0.000601971 0 0 0.147674 0.14552 
159400 0.00216726 0.144863 0.000599386 0 0 0.147611 0.145465 
159600 0.00216206 0.144812 0.000597035 0 0 0.147553 0.145411 
159800 0.00215685 0.14476 0.000594685 0 0 0.147495 0.145357 
160000 0.00215165 0.144708 0.000592334 0 0 0.147437 0.145303 
160200 0.00214644 0.144656 0.000589983 0 0 0.147378 0.145249 
160400 0.00214123 0.144605 0.000587632 0 0 0.14732 0.145196 
160600 0.00213603 0.144553 0.000585281 0 0 0.147262 0.145142 
160800 0.00213082 0.144501 0.00058293 0 0 0.147204 0.145088 
161000 0.00212562 0.144449 0.00058058 0 0 0.147145 0.145034 
161200 0.00212041 0.144398 0.000578229 0 0 0.147087 0.14498 
161400 0.0021152 0.144346 0.000575878 0 0 0.147029 0.144926 
161600 0.00211 0.144294 0.000573527 0 0 0.146971 0.144872 
161800 0.00210479 0.144242 0.000571176 0 0 0.146912 0.144818 
162000 0.00209959 0.144191 0.000568825 0 0 0.146854 0.144764 
162200 0.00209438 0.144139 0.000566475 0 0 0.146796 0.14471 
162400 0.00208918 0.144087 0.000564124 0 0 0.146738 0.144656 
162600 0.00208415 0.144036 0.000561872 0 0 0.146681 0.144603 
162800 0.00207929 0.143986 0.00055972 0 0 0.146625 0.144551 
163000 0.00207444 0.143936 0.000557568 0 0 0.146569 0.144499 
163200 0.00206959 0.143886 0.000555416 0 0 0.146513 0.144447 
163400 0.00206473 0.143836 0.000553264 0 0 0.146457 0.144394 
163600 0.00205988 0.143785 0.000551112 0 0 0.146401 0.144342 
163800 0.00205502 0.143735 0.00054896 0 0 0.146345 0.14429 
164000 0.00205017 0.143685 0.000546808 0 0 0.146289 0.144238 
164200 0.00204532 0.143635 0.000544656 0 0 0.146233 0.144185 
164400 0.00204046 0.143585 0.000542504 0 0 0.146177 0.144133 
164600 0.00203561 0.143535 0.000540352 0 0 0.146121 0.144081 
164800 0.00203076 0.143485 0.0005382 0 0 0.146065 0.144029 
165000 0.0020259 0.143434 0.000536048 0 0 0.146009 0.143977 
165200 0.00202105 0.143384 0.000533896 0 0 0.145953 0.143924 
165400 0.00201619 0.143334 0.000531744 0 0 0.145897 0.143872 
165600 0.00201134 0.143284 0.000529592 0 0 0.145841 0.14382 
165800 0.00200664 0.143235 0.000527544 0 0 0.145784 0.143768 
166000 0.0020021 0.143186 0.000525599 0 0 0.145728 0.143718 
166200 0.00199755 0.143137 0.000523654 0 0 0.145671 0.143667 
166400 0.00199301 0.143089 0.000521709 0 0 0.145614 0.143616 
166600 0.00198847 0.14304 0.000519764 0 0 0.145558 0.143566 
166800 0.00198392 0.142991 0.000517819 0 0 0.145501 0.143515 
167000 0.00197938 0.142943 0.000515874 0 0 0.145444 0.143465 
167200 0.00197484 0.142894 0.000513929 0 0 0.145387 0.143414 
167400 0.00197029 0.142846 0.000511984 0 0 0.145331 0.143363 
167600 0.00196575 0.142797 0.000510039 0 0 0.145274 0.143313 
167800 0.0019612 0.142748 0.000508094 0 0 0.145217 0.143262 
168000 0.00195666 0.1427 0.000506149 0 0 0.14516 0.143211 
168200 0.00195212 0.142651 0.000504204 0 0 0.145104 0.143161 
168400 0.00194757 0.142602 0.000502259 0 0 0.145047 0.14311 
168600 0.00194303 0.142554 0.000500314 0 0 0.14499 0.143059 
168800 0.00193849 0.142505 0.000498369 0 0 0.144934 0.143009 
169000 0.00193394 0.142457 0.000496424 0 0 0.144877 0.142958 
169200 0.00192956 0.142408 0.000494601 0 0 0.144822 0.142907 
169400 0.00192518 0.142359 0.000492777 0 0 0.144767 0.142857 
169600 0.0019208 0.142311 0.000490954 0 0 0.144713 0.142806 
169800 0.00191642 0.142262 0.00048913 0 0 0.144658 0.142755 
170000 0.00191204 0.142213 0.000487307 0 0 0.144603 0.142705 
170200 0.00190766 0.142165 0.000485484 0 0 0.144549 0.142654 
170400 0.00190328 0.142116 0.00048366 0 0 0.144494 0.142604 
170600 0.00189889 0.142068 0.000481837 0 0 0.144439 0.142553 
170800 0.00189451 0.142019 0.000480013 0 0 0.144384 0.142502 
171000 0.00189013 0.14197 0.00047819 0 0 0.14433 0.142452 
171200 0.00188575 0.141922 0.000476366 0 0 0.144275 0.142401 
171400 0.00188137 0.141873 0.000474543 0 0 0.14422 0.14235 
171600 0.00187699 0.141825 0.00047272 0 0 0.144166 0.1423 
171800 0.00187261 0.141776 0.000470896 0 0 0.144111 0.142249 
172000 0.00186823 0.141727 0.000469073 0 0 0.144056 0.142198 
172200 0.00186385 0.141679 0.000467249 0 0 0.144002 0.142148 
172400 0.00185955 0.14163 0.000465477 0 0 0.143947 0.142097 
172600 0.00185533 0.141581 0.000463755 0 0 0.143892 0.142046 
172800 0.00185111 0.141533 0.000462032 0 0 0.143836 0.141996 
173000 0.0018469 0.141484 0.00046031 0 0 0.143781 0.141945 
173200 0.00184268 0.141436 0.000458588 0 0 0.143726 0.141894 
173400 0.00183846 0.141387 0.000456866 0 0 0.143671 0.141844 
173600 0.00183424 0.141338 0.000455144 0 0 0.143616 0.141793 
173800 0.00183002 0.14129 0.000453422 0 0 0.143561 0.141742 
174000 0.00182581 0.141241 0.0004517 0 0 0.143506 0.141692 
174200 0.00182159 0.141192 0.000449978 0 0 0.143451 0.141641 
174400 0.00181737 0.141144 0.000448256 0 0 0.143396 0.141591 
174600 0.00181315 0.141095 0.000446533 0 0 0.143341 0.14154 
174800 0.00180894 0.141047 0.000444811 0 0 0.143285 0.141489 
175000 0.00180472 0.140998 0.000443089 0 0 0.14323 0.141439 
175200 0.0018005 0.140949 0.000441367 0 0 0.143175 0.141388 
175400 0.00179628 0.140901 0.000439645 0 0 0.14312 0.141337 
175600 0.00179207 0.140852 0.000437923 0 0 0.143065 0.141287 
175800 0.00178824 0.140804 0.000436414 0 0 0.143013 0.141239 
176000 0.00178442 0.140757 0.000434905 0 0 0.142962 0.141191 
176200 0.0017806 0.140709 0.000433396 0 0 0.14291 0.141143 
176400 0.00177677 0.140661 0.000431886 0 0 0.142859 0.141096 
176600 0.00177295 0.140613 0.000430377 0 0 0.142807 0.141048 
176800 0.00176913 0.140566 0.000428868 0 0 0.142756 0.141 
177000 0.00176531 0.140518 0.000427359 0 0 0.142704 0.140952 
177200 0.00176148 0.14047 0.00042585 0 0 0.142652 0.140905 
177400 0.00175766 0.140422 0.000424341 0 0 0.142601 0.140857 
177600 0.00175384 0.140375 0.000422832 0 0 0.142549 0.140809 
177800 0.00175001 0.140327 0.000421323 0 0 0.142498 0.140761 
178000 0.00174619 0.140279 0.000419814 0 0 0.142446 0.140714 
178200 0.00174237 0.140231 0.000418305 0 0 0.142395 0.140666 
178400 0.00173854 0.140184 0.000416796 0 0 0.142343 0.140618 
178600 0.00173472 0.140136 0.000415286 0 0 0.142291 0.14057 
178800 0.0017309 0.140088 0.000413777 0 0 0.14224 0.140523 
179000 0.00172708 0.14004 0.000412268 0 0 0.142188 0.140475 
179200 0.00172332 0.139993 0.000410807 0 0 0.142137 0.140426 
179400 0.00171963 0.139948 0.000409393 0 0 0.142085 0.140376 
179600 0.00171594 0.139902 0.00040798 0 0 0.142034 0.140327 
179800 0.00171225 0.139856 0.000406566 0 0 0.141982 0.140277 
180000 0.00170857 0.13981 0.000405153 0 0 0.14193 0.140227 
180200 0.00170488 0.139764 0.000403739 0 0 0.141879 0.140178 
180400 0.00170119 0.139718 0.000402325 0 0 0.141827 0.140128 
180600 0.0016975 0.139673 0.000400912 0 0 0.141776 0.140078 
180800 0.00169381 0.139627 0.000399498 0 0 0.141724 0.140029 
181000 0.00169012 0.139581 0.000398085 0 0 0.141672 0.139979 
181200 0.00168643 0.139535 0.000396671 0 0 0.141621 0.139929 
181400 0.00168275 0.139489 0.000395258 0 0 0.141569 0.13988 
181600 0.00167906 0.139443 0.000393844 0 0 0.141518 0.13983 
181800 0.00167537 0.139397 0.00039243 0 0 0.141466 0.13978 
182000 0.00167168 0.139352 0.000391017 0 0 0.141415 0.139731 
182200 0.00166799 0.139306 0.000389603 0 0 0.141363 0.139681 
182400 0.0016643 0.13926 0.00038819 0 0 0.141311 0.139631 
182600 0.00166061 0.139214 0.000386776 0 0 0.14126 0.139582 
182800 0.00165708 0.139166 0.000385439 0 0 0.141208 0.139534 
183000 0.00165355 0.139119 0.000384102 0 0 0.141157 0.139486 
183200 0.00165001 0.139071 0.000382765 0 0 0.141105 0.139439 
183400 0.00164648 0.139023 0.000381427 0 0 0.141054 0.139391 
183600 0.00164294 0.138975 0.00038009 0 0 0.141002 0.139343 
183800 0.00163941 0.138928 0.000378753 0 0 0.14095 0.139295 
184000 0.00163587 0.13888 0.000377416 0 0 0.140899 0.139248 
184200 0.00163234 0.138832 0.000376079 0 0 0.140847 0.1392 
184400 0.0016288 0.138784 0.000374742 0 0 0.140796 0.139152 
184600 0.00162527 0.138737 0.000373404 0 0 0.140744 0.139104 
184800 0.00162173 0.138689 0.000372067 0 0 0.140693 0.139057 
185000 0.0016182 0.138641 0.00037073 0 0 0.140641 0.139009 
185200 0.00161466 0.138593 0.000369393 0 0 0.140589 0.138961 
185400 0.00161113 0.138546 0.000368056 0 0 0.140538 0.138913 
185600 0.0016076 0.138498 0.000366719 0 0 0.140486 0.138866 
185800 0.00160406 0.13845 0.000365381 0 0 0.140435 0.138818 
186000 0.00160053 0.138402 0.000364044 0 0 0.140383 0.13877 
186200 0.00159714 0.138357 0.000362779 0 0 0.140333 0.138723 
186400 0.00159391 0.138313 0.000361587 0 0 0.140284 0.138678 
186600 0.00159067 0.138269 0.000360394 0 0 0.140235 0.138632 
186800 0.00158744 0.138225 0.000359201 0 0 0.140187 0.138587 
187000 0.0015842 0.138182 0.000358009 0 0 0.140138 0.138541 
187200 0.00158097 0.138138 0.000356816 0 0 0.140089 0.138496 
187400 0.00157773 0.138094 0.000355624 0 0 0.14004 0.13845 
187600 0.0015745 0.13805 0.000354431 0 0 0.139991 0.138405 
187800 0.00157126 0.138007 0.000353238 0 0 0.139943 0.138359 
188000 0.00156803 0.137963 0.000352046 0 0 0.139894 0.138314 
188200 0.00156479 0.137919 0.000350853 0 0 0.139845 0.138268 
188400 0.00156156 0.137876 0.000349661 0 0 0.139796 0.138222 
188600 0.00155832 0.137832 0.000348468 0 0 0.139748 0.138177 
188800 0.00155509 0.137788 0.000347275 0 0 0.139699 0.138131 
189000 0.00155186 0.137744 0.000346083 0 0 0.13965 0.138086 
189200 0.00154862 0.137701 0.00034489 0 0 0.139601 0.13804 
189400 0.00154539 0.137657 0.000343698 0 0 0.139552 0.137995 
189600 0.00154215 0.137613 0.000342505 0 0 0.139504 0.137949 
189800 0.00153892 0.137569 0.000341312 0 0 0.139455 0.137904 
190000 0.00153579 0.137524 0.00034021 0 0 0.139406 0.137859 
190200 0.00153267 0.137479 0.000339108 0 0 0.139356 0.137813 
190400 0.00152954 0.137434 0.000338006 0 0 0.139307 0.137768 
190600 0.00152641 0.137389 0.000336903 0 0 0.139258 0.137723 
190800 0.00152329 0.137344 0.000335801 0 0 0.139209 0.137678 
191000 0.00152016 0.137298 0.000334699 0 0 0.13916 0.137633 
191200 0.00151704 0.137253 0.000333596 0 0 0.139111 0.137588 
191400 0.00151391 0.137208 0.000332494 0 0 0.139062 0.137542 
191600 0.00151079 0.137163 0.000331392 0 0 0.139012 0.137497 
191800 0.00150766 0.137118 0.00033029 0 0 0.138963 0.137452 
192000 0.00150453 0.137073 0.000329187 0 0 0.138914 0.137407 
192200 0.00150141 0.137027 0.000328085 0 0 0.138865 0.137362 
192400 0.00149828 0.136982 0.000326983 0 0 0.138816 0.137316 
192600 0.00149516 0.136937 0.000325881 0 0 0.138767 0.137271 
192800 0.00149203 0.136892 0.000324778 0 0 0.138718 0.137226 
193000 0.00148891 0.136847 0.000323676 0 0 0.138668 0.137181 
193200 0.00148578 0.136801 0.000322574 0 0 0.138619 0.137136 
193400 0.00148266 0.136756 0.000321472 0 0 0.13857 0.137091 
193600 0.00147963 0.136713 0.000320413 0 0 0.138522 0.137046 
193800 0.00147671 0.13667 0.000319398 0 0 0.138474 0.137002 
194000 0.00147379 0.136628 0.000318382 0 0 0.138427 0.136958 
194200 0.00147087 0.136586 0.000317367 0 0 0.138379 0.136914 
194400 0.00146796 0.136544 0.000316352 0 0 0.138332 0.13687 
194600 0.00146504 0.136502 0.000315337 0 0 0.138284 0.136826 
194800 0.00146212 0.136459 0.000314322 0 0 0.138237 0.136782 
195000 0.0014592 0.136417 0.000313307 0 0 0.138189 0.136738 
195200 0.00145628 0.136375 0.000312291 0 0 0.138142 0.136694 
195400 0.00145336 0.136333 0.000311276 0 0 0.138094 0.13665 
195600 0.00145044 0.13629 0.000310261 0 0 0.138047 0.136606 
195800 0.00144752 0.136248 0.000309246 0 0 0.137999 0.136562 
196000 0.0014446 0.136206 0.000308231 0 0 0.137952 0.136518 
196200 0.00144168 0.136164 0.000307215 0 0 0.137904 0.136474 
196400 0.00143876 0.136121 0.0003062 0 0 0.137857 0.13643 
196600 0.00143584 0.136079 0.000305185 0 0 0.137809 0.136386 
196800 0.00143292 0.136037 0.00030417 0 0 0.137762 0.136342 
197000 0.00143 0.135995 0.000303155 0 0 0.137714 0.136298 
197200 0.00142708 0.135953 0.000302139 0 0 0.137667 0.136254 
197400 0.00142422 0.13591 0.000301154 0 0 0.13762 0.136211 
197600 0.0014214 0.135866 0.000300198 0 0 0.137574 0.136167 
197800 0.00141859 0.135823 0.000299242 0 0 0.137528 0.136123 
198000 0.00141577 0.135779 0.000298286 0 0 0.137482 0.13608 
198200 0.00141296 0.135735 0.000297331 0 0 0.137436 0.136036 
198400 0.00141015 0.135692 0.000296375 0 0 0.13739 0.135993 
198600 0.00140733 0.135648 0.000295419 0 0 0.137344 0.135949 
198800 0.00140452 0.135605 0.000294463 0 0 0.137298 0.135905 
199000 0.0014017 0.135561 0.000293507 0 0 0.137252 0.135862 
199200 0.00139889 0.135517 0.000292551 0 0 0.137205 0.135818 
199400 0.00139608 0.135474 0.000291596 0 0 0.137159 0.135775 
199600 0.00139326 0.13543 0.00029064 0 0 0.137113 0.135731 
199800 0.00139045 0.135387 0.000289684 0 0 0.137067 0.135688 
200000 0.00138764 0.135343 0.000288728 0 0 0.137021 0.135644 
