1000 1.2922 0.0107308 3409 0 0 3409.57 3409 
1200 1.24669 0.0148187 2080.73 0 0 2081.99 2080.73 
1400 1.20144 0.0193392 1364 0 0 1365.26 1364 
1600 1.15307 0.0241204 940.922 0 0 942.106 940.95 
1800 1.10192 0.0290414 674.88 0 0 676.079 674.927 
2000 1.04995 0.0340497 498.902 0 0 499.924 498.924 
2200 0.998568 0.039063 379.213 0 0 380.209 379.24 
2400 0.94831 0.0440251 294.733 0 0 295.688 294.76 
2600 0.900106 0.0489048 233.389 0 0 234.341 233.443 
2800 0.853736 0.0536602 187.762 0 0 188.684 187.832 
3000 0.809512 0.0582797 153.147 0 0 154.004 153.191 
3200 0.767392 0.0627222 126.509 0 0 127.319 126.557 
3400 0.727843 0.0670054 105.637 0 0 106.424 105.714 
3600 0.690639 0.071085 89.0372 0 0 89.8052 89.1067 
3800 0.655783 0.0749634 75.726 0 0 76.4631 75.8053 
4000 0.623033 0.0786751 64.8821 0 0 65.5895 64.9636 
4200 0.592566 0.0821742 56.032 0 0 56.7121 56.114 
4400 0.564052 0.0855177 48.6745 0 0 49.325 48.7583 
4600 0.5373 0.0886498 42.519 0 0 43.1414 42.6034 
4800 0.512671 0.0916311 37.3664 0 0 37.9619 37.4535 
5000 0.489498 0.0944519 32.9828 0 0 33.5721 33.0719 
5200 0.468043 0.0971108 29.275 0 0 29.8381 29.3683 
5400 0.447872 0.0996247 26.0636 0 0 26.6182 26.1712 
5600 0.429076 0.101983 23.3131 0 0 23.8466 23.4179 
5800 0.411686 0.104237 20.9329 0 0 21.4496 21.0361 
6000 0.395219 0.106378 18.8499 0 0 19.351 18.9568 
6200 0.379958 0.108393 17.0456 0 0 17.5347 17.1556 
6400 0.365569 0.110314 15.4457 0 0 15.9213 15.5554 
6600 0.351971 0.112123 14.0486 0 0 14.5128 14.1602 
6800 0.339281 0.113856 12.7998 0 0 13.2531 12.9149 
7000 0.327358 0.115504 11.704 0 0 12.1472 11.8198 
7200 0.316183 0.117069 10.7157 0 0 11.149 10.8337 
7400 0.305507 0.118584 9.84545 0 0 10.27 9.9643 
7600 0.295519 0.120012 9.05652 0 0 9.47268 9.17694 
7800 0.286116 0.121367 8.35453 0 0 8.76204 8.47577 
8000 0.27715 0.122686 7.7151 0 0 8.11503 7.83735 
8200 0.268742 0.123944 7.14555 0 0 7.53838 7.26998 
8400 0.260695 0.125162 6.62345 0 0 7.00887 6.74832 
8600 0.253098 0.126301 6.15384 0 0 6.53331 6.27934 
8800 0.245888 0.127416 5.72612 0 0 6.09983 5.85309 
9000 0.239024 0.128488 5.33529 0 0 5.70362 5.46464 
9200 0.232485 0.129518 4.97938 0 0 5.34161 5.1088 
9400 0.226251 0.130509 4.65295 0 0 5.0095 4.78382 
9600 0.22028 0.131483 4.3535 0 0 4.70571 4.4851 
9800 0.214602 0.132394 4.07909 0 0 4.42607 4.21122 
10000 0.209169 0.133301 3.82621 0 0 4.16954 3.95889 
10200 0.204084 0.134173 3.59947 0 0 3.93758 3.73245 
10400 0.19889 0.135044 3.37624 0 0 3.70924 3.50985 
10600 0.194262 0.135832 3.18349 0 0 3.51323 3.31926 
10800 0.189751 0.136607 3.00274 0 0 3.32941 3.14066 
11000 0.185329 0.137379 2.83339 0 0 3.15543 2.97008 
11200 0.181002 0.13815 2.67196 0 0 2.99081 2.81045 
11400 0.17693 0.138877 2.52609 0 0 2.84163 2.66473 
11600 0.173088 0.139568 2.39329 0 0 2.70583 2.53265 
11800 0.169272 0.140263 2.26521 0 0 2.57481 2.40546 
12000 0.165623 0.140934 2.14674 0 0 2.45337 2.28765 
12200 0.162142 0.141576 2.03762 0 0 2.34134 2.17913 
12400 0.158663 0.142218 1.93203 0 0 2.23291 2.07423 
12600 0.155492 0.142813 1.83884 0 0 2.13708 1.98156 
12800 0.152251 0.143421 1.74735 0 0 2.04301 1.89074 
13000 0.149147 0.14401 1.66221 0 0 1.95535 1.80608 
13200 0.146188 0.144581 1.58326 0 0 1.87397 1.72763 
13400 0.143339 0.145135 1.50928 0 0 1.79767 1.65426 
13600 0.140541 0.145663 1.43899 0 0 1.72514 1.58447 
13800 0.13787 0.146186 1.37436 0 0 1.65836 1.52047 
14000 0.135251 0.146699 1.31261 0 0 1.59455 1.45934 
14200 0.132685 0.147203 1.25359 0 0 1.53354 1.40091 
14400 0.130245 0.147693 1.19933 0 0 1.47736 1.34711 
14600 0.127841 0.148169 1.14754 0 0 1.42355 1.29577 
14800 0.125486 0.148637 1.09802 0 0 1.37204 1.24665 
15000 0.123204 0.149097 1.05118 0 0 1.32334 1.20016 
15200 0.121024 0.14954 1.00809 0 0 1.27853 1.15745 
15400 0.118862 0.149975 0.966296 0 0 1.23503 1.11615 
15600 0.116765 0.150401 0.926688 0 0 1.1938 1.07712 
15800 0.114769 0.150816 0.890424 0 0 1.15602 1.04126 
16000 0.1128 0.151219 0.855248 0 0 1.11927 1.00646 
16200 0.110863 0.151606 0.821443 0 0 1.08379 0.973007 
16400 0.108957 0.152002 0.789257 0 0 1.05011 0.941195 
16600 0.107099 0.152386 0.758502 0 0 1.01792 0.910807 
16800 0.105343 0.152738 0.730417 0 0 0.98849 0.883064 
17000 0.103608 0.153096 0.703351 0 0 0.960123 0.856433 
17200 0.101886 0.153457 0.676832 0 0 0.932327 0.830402 
17400 0.100216 0.153809 0.652011 0 0 0.90611 0.80591 
17600 0.0985915 0.154153 0.62816 0 0 0.880938 0.782372 
17800 0.0970496 0.15448 0.60611 0 0 0.857708 0.760607 
18000 0.0955226 0.154794 0.584864 0 0 0.835253 0.739691 
18200 0.0940055 0.155098 0.564155 0 0 0.813313 0.71934 
18400 0.0925095 0.155403 0.544552 0 0 0.792429 0.700003 
18600 0.091031 0.155706 0.52535 0 0 0.771968 0.681057 
18800 0.0896758 0.155995 0.50799 0 0 0.753644 0.664037 
19000 0.0883229 0.15628 0.49091 0 0 0.735558 0.647272 
19200 0.0869771 0.156557 0.474669 0 0 0.718185 0.631273 
19400 0.0856455 0.156828 0.458817 0 0 0.701248 0.615659 
19600 0.0843349 0.157093 0.443546 0 0 0.684967 0.600622 
19800 0.0830699 0.157348 0.429113 0 0 0.669541 0.586428 
20000 0.081842 0.157594 0.415367 0 0 0.654816 0.572922 
20200 0.0806458 0.157842 0.402349 0 0 0.640887 0.56026 
20400 0.079456 0.158082 0.389576 0 0 0.627156 0.547698 
20600 0.0782982 0.158312 0.377502 0 0 0.614106 0.535841 
20800 0.0771576 0.158537 0.365804 0 0 0.601423 0.524364 
21000 0.0760627 0.158751 0.35472 0 0 0.589424 0.513469 
21200 0.0749924 0.158958 0.343966 0 0 0.577792 0.502886 
21400 0.0739423 0.159162 0.333742 0 0 0.566736 0.492845 
21600 0.0729058 0.159364 0.323871 0 0 0.556063 0.483166 
21800 0.0718795 0.15956 0.314302 0 0 0.545675 0.473776 
22000 0.0708637 0.159749 0.305035 0 0 0.535571 0.464676 
22200 0.0698694 0.159938 0.296052 0 0 0.525788 0.455901 
22400 0.0689075 0.160125 0.287495 0 0 0.516485 0.447612 
22600 0.0679574 0.160307 0.279127 0 0 0.50738 0.439486 
22800 0.067043 0.160472 0.271326 0 0 0.498871 0.43185 
23000 0.0661302 0.160636 0.263557 0 0 0.490393 0.424245 
23200 0.0652478 0.160796 0.256403 0 0 0.482527 0.417235 
23400 0.0643653 0.160956 0.24925 0 0 0.47466 0.410226 
23600 0.0635216 0.161105 0.24254 0 0 0.467225 0.403686 
23800 0.0626876 0.161251 0.23594 0 0 0.459897 0.397263 
24000 0.0618735 0.161395 0.229616 0 0 0.452894 0.39108 
24200 0.0610795 0.161537 0.223567 0 0 0.446216 0.385136 
24400 0.0602906 0.161677 0.217589 0 0 0.4396 0.379272 
24600 0.0595312 0.16181 0.212012 0 0 0.433338 0.373864 
24800 0.0587718 0.161943 0.206435 0 0 0.427076 0.368456 
25000 0.0580232 0.162068 0.201116 0 0 0.421123 0.363228 
25200 0.0572783 0.162191 0.195883 0 0 0.415274 0.358059 
25400 0.0565514 0.162308 0.190831 0 0 0.409635 0.353096 
25600 0.0558579 0.162417 0.186116 0 0 0.404387 0.348518 
25800 0.0551645 0.162525 0.181401 0 0 0.39914 0.34394 
26000 0.0544844 0.162628 0.176924 0 0 0.394101 0.339546 
26200 0.0538067 0.16273 0.172489 0 0 0.389098 0.335185 
26400 0.0531436 0.162832 0.168204 0 0 0.384239 0.330984 
26600 0.0525077 0.162935 0.164197 0 0 0.379646 0.327082 
26800 0.0518719 0.163037 0.160189 0 0 0.375053 0.323179 
27000 0.0512505 0.163124 0.156369 0 0 0.370724 0.319474 
27200 0.0506339 0.163205 0.152611 0 0 0.366481 0.315835 
27400 0.0500229 0.163286 0.148906 0 0 0.362284 0.312242 
27600 0.0494436 0.163371 0.145509 0 0 0.35834 0.308912 
27800 0.0488643 0.163455 0.142112 0 0 0.354397 0.305581 
28000 0.0482938 0.163533 0.138807 0 0 0.350571 0.302344 
28200 0.0477338 0.163603 0.135614 0 0 0.346888 0.299219 
28400 0.0471738 0.163673 0.132421 0 0 0.343205 0.296094 
28600 0.0466341 0.163745 0.129458 0 0 0.339809 0.293199 
28800 0.0461011 0.163817 0.126571 0 0 0.336509 0.29038 
29000 0.0455681 0.163889 0.123685 0 0 0.333209 0.287561 
29200 0.0450636 0.163941 0.12101 0 0 0.330081 0.284942 
29400 0.0445605 0.163992 0.118346 0 0 0.326962 0.282334 
29600 0.0440586 0.164044 0.115697 0 0 0.323857 0.27974 
29800 0.043567 0.164103 0.113174 0 0 0.320871 0.277276 
30000 0.0430755 0.164162 0.11065 0 0 0.317886 0.274812 
30200 0.0425901 0.164215 0.108249 0 0 0.315045 0.272446 
30400 0.0421327 0.164255 0.105975 0 0 0.312353 0.270226 
30600 0.0416752 0.164295 0.1037 0 0 0.309661 0.268007 
30800 0.0412218 0.164336 0.101479 0 0 0.30703 0.265835 
31000 0.0407775 0.164377 0.0993837 0 0 0.304542 0.263774 
31200 0.0403332 0.164418 0.0972882 0 0 0.302054 0.261713 
31400 0.0398984 0.164457 0.0952502 0 0 0.299624 0.259711 
31600 0.0394858 0.164488 0.0933463 0 0 0.297329 0.257846 
31800 0.0390732 0.164519 0.0914424 0 0 0.295035 0.25598 
32000 0.0386627 0.164551 0.0895613 0 0 0.292768 0.254134 
32200 0.0382605 0.164584 0.0877716 0 0 0.290609 0.252367 
32400 0.0378583 0.164617 0.0859819 0 0 0.288451 0.250599 
32600 0.0374584 0.164648 0.0842087 0 0 0.28631 0.248849 
32800 0.03708 0.164664 0.0825848 0 0 0.284332 0.247249 
33000 0.0367017 0.164681 0.080961 0 0 0.282353 0.245649 
33200 0.0363233 0.164698 0.0793371 0 0 0.280375 0.24405 
33400 0.0359582 0.164722 0.0778223 0 0 0.278509 0.24255 
33600 0.0355946 0.164746 0.0763196 0 0 0.276656 0.241062 
33800 0.035231 0.164771 0.074817 0 0 0.274803 0.239574 
34000 0.0348782 0.164782 0.0733894 0 0 0.273034 0.23816 
34200 0.0345312 0.164787 0.0720023 0 0 0.271311 0.236787 
34400 0.0341841 0.164791 0.0706152 0 0 0.269587 0.235413 
34600 0.0338439 0.164797 0.0692707 0 0 0.267911 0.23408 
34800 0.0335164 0.164807 0.0680055 0 0 0.266323 0.232822 
35000 0.0331889 0.164816 0.0667403 0 0 0.264736 0.231565 
35200 0.0328615 0.164825 0.0654751 0 0 0.263149 0.230307 
35400 0.0325426 0.164824 0.0642839 0 0 0.261645 0.229111 
35600 0.0322242 0.164822 0.0630966 0 0 0.260146 0.227918 
35800 0.0319057 0.164819 0.0619093 0 0 0.258646 0.226726 
36000 0.031601 0.164817 0.0607876 0 0 0.257219 0.225601 
36200 0.0313076 0.164815 0.0597196 0 0 0.25585 0.224532 
36400 0.0310141 0.164813 0.0586516 0 0 0.254481 0.223464 
36600 0.0307207 0.164811 0.0575836 0 0 0.253113 0.222395 
36800 0.0304355 0.164809 0.0565829 0 0 0.251819 0.221383 
37000 0.0301504 0.164807 0.0555821 0 0 0.250525 0.220372 
37200 0.0298652 0.164805 0.0545814 0 0 0.249231 0.219361 
37400 0.029587 0.164797 0.0536179 0 0 0.247982 0.218389 
37600 0.0293173 0.164783 0.0527 0 0 0.24679 0.217466 
37800 0.0290476 0.164769 0.051782 0 0 0.245598 0.216543 
38000 0.0287779 0.164755 0.050864 0 0 0.244406 0.21562 
38200 0.0285205 0.164743 0.0500133 0 0 0.243286 0.214755 
38400 0.0282662 0.16473 0.0491795 0 0 0.242184 0.213904 
38600 0.028012 0.164718 0.0483456 0 0 0.241081 0.213053 
38800 0.027758 0.164705 0.0475142 0 0 0.239982 0.212204 
39000 0.027511 0.164684 0.0467294 0 0 0.238929 0.211407 
39200 0.027264 0.164664 0.0459445 0 0 0.237877 0.210609 
39400 0.0270171 0.164643 0.0451596 0 0 0.236824 0.209811 
39600 0.0267747 0.164623 0.0443949 0 0 0.235795 0.209029 
39800 0.0265434 0.164603 0.0436772 0 0 0.234822 0.208282 
40000 0.026312 0.164584 0.0429595 0 0 0.233848 0.207536 
40200 0.026085 0.164556 0.0422635 0 0 0.232906 0.206826 
40400 0.0258609 0.164529 0.0415838 0 0 0.231981 0.206129 
40600 0.0256413 0.164505 0.0409285 0 0 0.231083 0.205448 
40800 0.0254217 0.164481 0.0402732 0 0 0.230184 0.204768 
41000 0.025202 0.164457 0.0396179 0 0 0.229286 0.204088 
41200 0.0249866 0.164431 0.0389859 0 0 0.228412 0.203429 
41400 0.0247763 0.164402 0.0383822 0 0 0.227566 0.202796 
41600 0.0245661 0.164373 0.0377785 0 0 0.226721 0.202163 
41800 0.0243558 0.164344 0.0371748 0 0 0.225875 0.20153 
42000 0.0241507 0.164315 0.0365924 0 0 0.225056 0.200916 
42200 0.0239518 0.164287 0.036036 0 0 0.22427 0.200324 
42400 0.0237529 0.164258 0.0354796 0 0 0.223485 0.199732 
42600 0.023554 0.16423 0.0349231 0 0 0.222699 0.19914 
42800 0.0233582 0.1642 0.0343802 0 0 0.221928 0.198564 
43000 0.0231682 0.164168 0.0338623 0 0 0.221185 0.198017 
43200 0.0229782 0.164136 0.0333443 0 0 0.220442 0.19747 
43400 0.0227882 0.164103 0.0328264 0 0 0.219699 0.196923 
43600 0.0226007 0.16407 0.0323189 0 0 0.218969 0.196384 
43800 0.0224231 0.164033 0.0318528 0 0 0.218289 0.195879 
44000 0.0222455 0.163996 0.0313867 0 0 0.21761 0.195374 
44200 0.0220679 0.163959 0.0309205 0 0 0.21693 0.194869 
44400 0.0218903 0.163921 0.0304544 0 0 0.216251 0.194365 
44600 0.0217171 0.163881 0.0300148 0 0 0.215597 0.193885 
44800 0.0215444 0.163839 0.029578 0 0 0.214947 0.193409 
45000 0.0213718 0.163798 0.0291413 0 0 0.214297 0.192932 
45200 0.0211991 0.163757 0.0287046 0 0 0.213646 0.192456 
45400 0.0210333 0.163713 0.028291 0 0 0.213024 0.192002 
45600 0.0208722 0.163668 0.0278928 0 0 0.212421 0.191564 
45800 0.020711 0.163624 0.0274946 0 0 0.211818 0.191126 
46000 0.0205498 0.163579 0.0270964 0 0 0.211215 0.190688 
46200 0.0203897 0.163535 0.0267027 0 0 0.210618 0.190253 
46400 0.0202357 0.163495 0.026334 0 0 0.210055 0.189837 
46600 0.0200817 0.163454 0.0259653 0 0 0.209491 0.189421 
46800 0.0199278 0.163414 0.0255967 0 0 0.208928 0.189006 
47000 0.0197738 0.163373 0.025228 0 0 0.208364 0.18859 
47200 0.0196247 0.163328 0.0248789 0 0 0.207823 0.188195 
47400 0.0194784 0.16328 0.0245405 0 0 0.207293 0.18781 
47600 0.019332 0.163232 0.024202 0 0 0.206763 0.187426 
47800 0.0191856 0.163184 0.0238635 0 0 0.206234 0.187042 
48000 0.0190396 0.163136 0.0235265 0 0 0.205706 0.186659 
48200 0.018901 0.163089 0.0232157 0 0 0.205213 0.186299 
48400 0.0187625 0.163042 0.0229049 0 0 0.204719 0.185939 
48600 0.0186239 0.162995 0.0225942 0 0 0.204226 0.185578 
48800 0.0184854 0.162948 0.0222834 0 0 0.203732 0.185218 
49000 0.0183494 0.162901 0.0219816 0 0 0.203249 0.184868 
49200 0.0182182 0.162855 0.0216963 0 0 0.202783 0.184537 
49400 0.0180869 0.162809 0.021411 0 0 0.202317 0.184206 
49600 0.0179557 0.162763 0.0211258 0 0 0.201851 0.183875 
49800 0.0178245 0.162717 0.0208405 0 0 0.201385 0.183544 
50000 0.0176946 0.162652 0.0205592 0 0 0.200906 0.183212 
50200 0.0175694 0.162601 0.0202959 0 0 0.200462 0.182894 
50400 0.0174442 0.162549 0.0200326 0 0 0.200019 0.182576 
50600 0.0173191 0.162498 0.0197693 0 0 0.199576 0.182258 
50800 0.0171939 0.162447 0.019506 0 0 0.199133 0.18194 
51000 0.0170737 0.162394 0.0192584 0 0 0.198712 0.181639 
51200 0.0169556 0.162341 0.0190174 0 0 0.198301 0.181344 
51400 0.0168375 0.162289 0.0187765 0 0 0.19789 0.18105 
51600 0.0167194 0.162236 0.0185355 0 0 0.19748 0.180755 
51800 0.0166014 0.162183 0.0182946 0 0 0.197069 0.180461 
52000 0.0164868 0.162127 0.0180651 0 0 0.196674 0.18018 
52200 0.0163736 0.16207 0.0178406 0 0 0.196286 0.179905 
52400 0.0162605 0.162014 0.017616 0 0 0.195898 0.17963 
52600 0.0161474 0.161957 0.0173915 0 0 0.195511 0.179355 
52800 0.0160343 0.1619 0.0171669 0 0 0.195123 0.179079 
53000 0.0159258 0.161847 0.0169558 0 0 0.194748 0.178816 
53200 0.0158199 0.161796 0.0167519 0 0 0.194381 0.17856 
53400 0.015714 0.161745 0.0165481 0 0 0.194013 0.178304 
53600 0.015608 0.161695 0.0163442 0 0 0.193646 0.178047 
53800 0.0155021 0.161644 0.0161403 0 0 0.193278 0.177791 
54000 0.0153981 0.161588 0.0159429 0 0 0.192918 0.177538 
54200 0.0152964 0.161526 0.0157534 0 0 0.192569 0.177288 
54400 0.0151947 0.161464 0.0155639 0 0 0.192219 0.177038 
54600 0.015093 0.161402 0.0153744 0 0 0.191869 0.176788 
54800 0.0149913 0.16134 0.0151848 0 0 0.191519 0.176538 
55000 0.0148905 0.161279 0.0149983 0 0 0.191173 0.176292 
55200 0.0147935 0.161226 0.0148235 0 0 0.190846 0.176062 
55400 0.0146964 0.161172 0.0146487 0 0 0.190519 0.175831 
55600 0.0145994 0.161119 0.0144739 0 0 0.190192 0.175601 
55800 0.0145024 0.161065 0.0142992 0 0 0.189865 0.17537 
56000 0.0144053 0.161012 0.0141244 0 0 0.189538 0.17514 
56200 0.014314 0.160953 0.013963 0 0 0.189226 0.174918 
56400 0.0142238 0.160893 0.013804 0 0 0.188917 0.174698 
56600 0.0141335 0.160833 0.0136449 0 0 0.188609 0.174477 
56800 0.0140432 0.160773 0.0134859 0 0 0.1883 0.174257 
57000 0.0139529 0.160713 0.0133269 0 0 0.187991 0.174037 
57200 0.0138639 0.160652 0.0131721 0 0 0.187687 0.173821 
57400 0.013777 0.160589 0.0130253 0 0 0.187392 0.173615 
57600 0.0136902 0.160526 0.0128785 0 0 0.187098 0.173409 
57800 0.0136034 0.160463 0.0127317 0 0 0.186803 0.173202 
58000 0.0135166 0.1604 0.0125849 0 0 0.186508 0.172996 
58200 0.0134298 0.160337 0.0124381 0 0 0.186214 0.17279 
58400 0.0133467 0.160278 0.0123001 0 0 0.18593 0.172591 
58600 0.0132647 0.16022 0.012165 0 0 0.18565 0.172395 
58800 0.0131828 0.160162 0.0120299 0 0 0.185371 0.1722 
59000 0.0131009 0.160104 0.0118948 0 0 0.185091 0.172004 
59200 0.0130189 0.160047 0.0117597 0 0 0.184811 0.171808 
59400 0.0129371 0.159988 0.011625 0 0 0.184532 0.171612 
59600 0.0128578 0.159925 0.0114971 0 0 0.184268 0.171418 
59800 0.0127785 0.159861 0.0113692 0 0 0.184004 0.171223 
60000 0.0126991 0.159798 0.0112414 0 0 0.18374 0.171029 
60200 0.0126225 0.159734 0.0111201 0 0 0.183475 0.170848 
60400 0.0125459 0.15967 0.0109988 0 0 0.183211 0.170667 
60600 0.0124699 0.159607 0.0108792 0 0 0.18295 0.170487 
60800 0.0123957 0.159549 0.0107647 0 0 0.182701 0.170308 
61000 0.0123215 0.15949 0.0106501 0 0 0.182451 0.170129 
61200 0.0122472 0.159431 0.0105356 0 0 0.182201 0.16995 
61400 0.012173 0.159372 0.010421 0 0 0.181952 0.169772 
61600 0.0120988 0.159313 0.0103065 0 0 0.181702 0.169593 
61800 0.0120262 0.159252 0.0101952 0 0 0.181457 0.169419 
62000 0.0119566 0.159187 0.0100899 0 0 0.181221 0.169254 
62200 0.011887 0.159123 0.00998467 0 0 0.180985 0.16909 
62400 0.0118175 0.159058 0.0098794 0 0 0.180749 0.168925 
62600 0.0117479 0.158993 0.00977412 0 0 0.180512 0.168761 
62800 0.0116783 0.158929 0.00966885 0 0 0.180276 0.168597 
63000 0.0116096 0.158864 0.00956601 0 0 0.180042 0.168433 
63200 0.0115431 0.1588 0.00946884 0 0 0.179812 0.168271 
63400 0.0114766 0.158736 0.00937167 0 0 0.179583 0.168109 
63600 0.01141 0.158671 0.0092745 0 0 0.179353 0.167948 
63800 0.0113435 0.158607 0.00917733 0 0 0.179123 0.167786 
64000 0.0112769 0.158543 0.00908016 0 0 0.178894 0.167624 
64200 0.0112109 0.158479 0.00898418 0 0 0.178666 0.167464 
64400 0.0111476 0.158416 0.00889488 0 0 0.17845 0.167311 
64600 0.0110842 0.158353 0.00880559 0 0 0.178234 0.167158 
64800 0.0110209 0.158291 0.0087163 0 0 0.178018 0.167005 
65000 0.0109576 0.158228 0.00862701 0 0 0.177802 0.166852 
65200 0.0108943 0.158166 0.00853772 0 0 0.177585 0.166699 
65400 0.010831 0.158103 0.00844843 0 0 0.177369 0.166546 
65600 0.010771 0.158036 0.00836575 0 0 0.177162 0.166399 
65800 0.0107114 0.157968 0.00828381 0 0 0.176957 0.166253 
66000 0.0106518 0.1579 0.00820187 0 0 0.176751 0.166108 
66200 0.0105922 0.157832 0.00811993 0 0 0.176545 0.165962 
66400 0.0105326 0.157764 0.00803799 0 0 0.17634 0.165816 
66600 0.010473 0.157696 0.00795605 0 0 0.176134 0.16567 
66800 0.010415 0.157632 0.00787754 0 0 0.175934 0.165527 
67000 0.0103585 0.157572 0.00780245 0 0 0.175741 0.165387 
67200 0.0103021 0.157513 0.00772736 0 0 0.175547 0.165247 
67400 0.0102457 0.157453 0.00765226 0 0 0.175353 0.165107 
67600 0.0101892 0.157393 0.00757717 0 0 0.175159 0.164967 
67800 0.0101328 0.157333 0.00750208 0 0 0.174966 0.164827 
68000 0.0100763 0.157274 0.00742699 0 0 0.174772 0.164687 
68200 0.0100226 0.157209 0.00735729 0 0 0.174584 0.164554 
68400 0.00996906 0.157143 0.00728787 0 0 0.174395 0.164422 
68600 0.00991549 0.157078 0.00721844 0 0 0.174207 0.16429 
68800 0.00986192 0.157012 0.00714902 0 0 0.174019 0.164158 
69000 0.00980836 0.156947 0.0070796 0 0 0.173831 0.164026 
69200 0.00975479 0.156882 0.00701018 0 0 0.173643 0.163894 
69400 0.009702 0.156816 0.00694233 0 0 0.173456 0.163762 
69600 0.00965103 0.156751 0.00687815 0 0 0.173274 0.16363 
69800 0.00960006 0.156686 0.00681397 0 0 0.173092 0.163497 
70000 0.00954909 0.156621 0.00674979 0 0 0.17291 0.163364 
70200 0.00949811 0.156556 0.00668561 0 0 0.172728 0.163232 
70400 0.00944714 0.156491 0.00662143 0 0 0.172545 0.163099 
70600 0.00939617 0.156426 0.00655725 0 0 0.172363 0.162967 
70800 0.00934664 0.156359 0.00649603 0 0 0.172186 0.16284 
71000 0.00929829 0.15629 0.00643725 0 0 0.172013 0.162718 
71200 0.00924993 0.156222 0.00637846 0 0 0.17184 0.162597 
71400 0.00920158 0.156153 0.00631967 0 0 0.171667 0.162475 
71600 0.00915323 0.156084 0.00626088 0 0 0.171493 0.162354 
71800 0.00910488 0.156015 0.0062021 0 0 0.17132 0.162232 
72000 0.00905653 0.155947 0.00614331 0 0 0.171147 0.162111 
72200 0.0090098 0.155881 0.00608762 0 0 0.17098 0.161989 
72400 0.00896396 0.155816 0.00603359 0 0 0.170817 0.161867 
72600 0.00891811 0.155751 0.00597957 0 0 0.170653 0.161745 
72800 0.00887227 0.155686 0.00592554 0 0 0.17049 0.161623 
73000 0.00882642 0.155622 0.00587151 0 0 0.170327 0.1615 
73200 0.00878058 0.155557 0.00581749 0 0 0.170163 0.161378 
73400 0.00873473 0.155492 0.00576346 0 0 0.17 0.161256 
73600 0.00869051 0.155426 0.00571223 0 0 0.169839 0.161139 
73800 0.00864737 0.15536 0.00566286 0 0 0.16968 0.161026 
74000 0.00860423 0.155293 0.00561349 0 0 0.16952 0.160912 
74200 0.00856109 0.155227 0.00556412 0 0 0.169361 0.160799 
74400 0.00851795 0.15516 0.00551475 0 0 0.169202 0.160685 
74600 0.00847481 0.155094 0.00546537 0 0 0.169042 0.160572 
74800 0.00843167 0.155027 0.005416 0 0 0.168883 0.160458 
75000 0.00838946 0.154961 0.00536803 0 0 0.168726 0.160345 
75200 0.00834864 0.154896 0.00532216 0 0 0.168574 0.160233 
75400 0.00830781 0.15483 0.0052763 0 0 0.168421 0.160122 
75600 0.00826699 0.154765 0.00523043 0 0 0.168269 0.16001 
75800 0.00822617 0.154699 0.00518456 0 0 0.168117 0.159898 
76000 0.00818534 0.154634 0.00513869 0 0 0.167964 0.159786 
76200 0.00814452 0.154568 0.00509282 0 0 0.167812 0.159674 
76400 0.00810391 0.154503 0.00504734 0 0 0.16766 0.159562 
76600 0.00806522 0.154439 0.00500539 0 0 0.167514 0.159456 
76800 0.00802653 0.154375 0.00496344 0 0 0.167368 0.159349 
77000 0.00798784 0.154311 0.00492148 0 0 0.167222 0.159242 
77200 0.00794914 0.154248 0.00487953 0 0 0.167076 0.159136 
77400 0.00791045 0.154184 0.00483758 0 0 0.16693 0.159029 
77600 0.00787176 0.15412 0.00479562 0 0 0.166784 0.158922 
77800 0.00783307 0.154056 0.00475367 0 0 0.166638 0.158816 
78000 0.00779523 0.153991 0.00471364 0 0 0.166495 0.15871 
78200 0.00775796 0.153926 0.00467489 0 0 0.166354 0.158604 
78400 0.0077207 0.153861 0.00463614 0 0 0.166213 0.158498 
78600 0.00768343 0.153796 0.00459739 0 0 0.166073 0.158392 
78800 0.00764616 0.15373 0.00455864 0 0 0.165932 0.158286 
79000 0.00760889 0.153665 0.00451989 0 0 0.165791 0.15818 
79200 0.00757162 0.1536 0.00448114 0 0 0.165651 0.158075 
79400 0.00753436 0.153535 0.00444239 0 0 0.16551 0.157969 
79600 0.0074996 0.153469 0.0044062 0 0 0.16537 0.15787 
79800 0.00746485 0.153403 0.00437001 0 0 0.165231 0.157771 
80000 0.0074301 0.153337 0.00433382 0 0 0.165091 0.157671 
80200 0.0073958 0.153273 0.00429878 0 0 0.164958 0.157569 
80400 0.0073615 0.15321 0.00426374 0 0 0.164825 0.157467 
80600 0.00732721 0.153146 0.00422871 0 0 0.164691 0.157365 
80800 0.00729291 0.153082 0.00419367 0 0 0.164558 0.157263 
81000 0.00725894 0.153018 0.00415925 0 0 0.164425 0.157162 
81200 0.00722594 0.152952 0.00412666 0 0 0.164293 0.157067 
81400 0.00719293 0.152886 0.00409407 0 0 0.16416 0.156971 
81600 0.00715993 0.152821 0.00406149 0 0 0.164028 0.156875 
81800 0.00712692 0.152755 0.0040289 0 0 0.163896 0.156779 
82000 0.00709392 0.152689 0.00399632 0 0 0.163763 0.156684 
82200 0.00706091 0.152624 0.00396373 0 0 0.163631 0.156588 
82400 0.00702791 0.152558 0.00393114 0 0 0.163499 0.156492 
82600 0.0069954 0.152492 0.00389925 0 0 0.163368 0.156396 
82800 0.00696405 0.152425 0.00386897 0 0 0.163242 0.156299 
83000 0.00693269 0.152358 0.0038387 0 0 0.163117 0.156203 
83200 0.00690134 0.152291 0.00380842 0 0 0.162991 0.156106 
83400 0.00686999 0.152224 0.00377814 0 0 0.162865 0.156009 
83600 0.00683863 0.152157 0.00374787 0 0 0.162739 0.155913 
83800 0.00680728 0.15209 0.00371759 0 0 0.162613 0.155816 
84000 0.00677593 0.152023 0.00368731 0 0 0.162487 0.155719 
84200 0.00674499 0.151957 0.00365773 0 0 0.162363 0.155624 
84400 0.00671532 0.151893 0.00363023 0 0 0.162242 0.155534 
84600 0.00668565 0.151829 0.00360273 0 0 0.162121 0.155444 
84800 0.00665598 0.151765 0.00357523 0 0 0.162001 0.155354 
85000 0.00662631 0.151701 0.00354773 0 0 0.16188 0.155264 
85200 0.00659664 0.151637 0.00352023 0 0 0.161759 0.155173 
85400 0.00656696 0.151574 0.00349273 0 0 0.161639 0.155083 
85600 0.00653729 0.15151 0.00346523 0 0 0.161518 0.154993 
85800 0.00650762 0.151446 0.00343773 0 0 0.161397 0.154903 
86000 0.00647961 0.151381 0.00341214 0 0 0.161281 0.154811 
86200 0.00645159 0.151317 0.00338655 0 0 0.161165 0.15472 
86400 0.00642357 0.151252 0.00336096 0 0 0.161049 0.154628 
86600 0.00639556 0.151187 0.00333537 0 0 0.160933 0.154536 
86800 0.00636754 0.151123 0.00330978 0 0 0.160817 0.154445 
87000 0.00633953 0.151058 0.00328419 0 0 0.160701 0.154353 
87200 0.00631151 0.150994 0.0032586 0 0 0.160584 0.154261 
87400 0.0062835 0.150929 0.00323301 0 0 0.160468 0.15417 
87600 0.0062564 0.150865 0.00320891 0 0 0.160352 0.154079 
87800 0.0062298 0.150801 0.00318561 0 0 0.160236 0.15399 
88000 0.00620321 0.150738 0.00316231 0 0 0.16012 0.1539 
88200 0.00617661 0.150674 0.00313901 0 0 0.160004 0.153811 
88400 0.00615001 0.15061 0.00311571 0 0 0.159889 0.153721 
88600 0.00612341 0.150547 0.00309241 0 0 0.159773 0.153632 
88800 0.00609681 0.150483 0.00306911 0 0 0.159657 0.153542 
89000 0.00607021 0.15042 0.00304581 0 0 0.159541 0.153453 
89200 0.00604378 0.150356 0.00302269 0 0 0.159425 0.153364 
89400 0.00601881 0.150292 0.00300117 0 0 0.159314 0.153279 
89600 0.00599383 0.150228 0.00297966 0 0 0.159203 0.153195 
89800 0.00596886 0.150163 0.00295814 0 0 0.159091 0.15311 
90000 0.00594389 0.150099 0.00293662 0 0 0.15898 0.153026 
90200 0.00591892 0.150035 0.00291511 0 0 0.158869 0.152941 
90400 0.00589394 0.149971 0.00289359 0 0 0.158757 0.152857 
90600 0.00586897 0.149907 0.00287208 0 0 0.158646 0.152772 
90800 0.005844 0.149843 0.00285056 0 0 0.158535 0.152688 
91000 0.00581943 0.149779 0.00282966 0 0 0.158426 0.152604 
91200 0.00579561 0.149715 0.00280989 0 0 0.158321 0.152522 
91400 0.00577179 0.149652 0.00279012 0 0 0.158215 0.152441 
91600 0.00574797 0.149588 0.00277035 0 0 0.15811 0.152359 
91800 0.00572415 0.149524 0.00275058 0 0 0.158005 0.152278 
92000 0.00570033 0.149461 0.00273082 0 0 0.1579 0.152196 
92200 0.00567651 0.149397 0.00271105 0 0 0.157795 0.152114 
92400 0.0056527 0.149334 0.00269128 0 0 0.15769 0.152033 
92600 0.00562888 0.14927 0.00267151 0 0 0.157585 0.151951 
92800 0.00560568 0.149207 0.00265242 0 0 0.15748 0.151869 
93000 0.00558324 0.149145 0.00263416 0 0 0.157375 0.151786 
93200 0.0055608 0.149083 0.00261589 0 0 0.157269 0.151704 
93400 0.00553836 0.149021 0.00259763 0 0 0.157164 0.151621 
93600 0.00551591 0.148959 0.00257936 0 0 0.157059 0.151538 
93800 0.00549347 0.148897 0.0025611 0 0 0.156954 0.151455 
94000 0.00547103 0.148835 0.00254283 0 0 0.156849 0.151373 
94200 0.00544859 0.148773 0.00252457 0 0 0.156743 0.15129 
94400 0.00542615 0.148711 0.0025063 0 0 0.156638 0.151207 
94600 0.0054041 0.148648 0.00248865 0 0 0.156535 0.151126 
94800 0.00538264 0.148585 0.00247191 0 0 0.156434 0.151048 
95000 0.00536118 0.148521 0.00245517 0 0 0.156332 0.150969 
95200 0.00533972 0.148458 0.00243844 0 0 0.156231 0.150891 
95400 0.00531825 0.148394 0.0024217 0 0 0.15613 0.150812 
95600 0.00529679 0.148331 0.00240496 0 0 0.156029 0.150734 
95800 0.00527533 0.148267 0.00238822 0 0 0.155928 0.150655 
96000 0.00525387 0.148204 0.00237148 0 0 0.155827 0.150577 
96200 0.00523241 0.14814 0.00235475 0 0 0.155726 0.150498 
96400 0.00521116 0.148077 0.0023382 0 0 0.155625 0.15042 
96600 0.0051911 0.148015 0.00232276 0 0 0.155528 0.150343 
96800 0.00517104 0.147953 0.00230732 0 0 0.155431 0.150266 
97000 0.00515098 0.147891 0.00229188 0 0 0.155334 0.150189 
97200 0.00513093 0.147829 0.00227644 0 0 0.155237 0.150112 
97400 0.00511087 0.147767 0.002261 0 0 0.155139 0.150036 
97600 0.00509081 0.147705 0.00224556 0 0 0.155042 0.149959 
97800 0.00507076 0.147642 0.00223012 0 0 0.154945 0.149882 
98000 0.0050507 0.14758 0.00221468 0 0 0.154848 0.149805 
98200 0.00503064 0.147518 0.00219924 0 0 0.154751 0.149728 
98400 0.00501122 0.147456 0.00218472 0 0 0.154655 0.149652 
98600 0.00499201 0.147394 0.00217052 0 0 0.15456 0.149576 
98800 0.00497279 0.147332 0.00215631 0 0 0.154466 0.1495 
99000 0.00495358 0.14727 0.00214211 0 0 0.154371 0.149424 
99200 0.00493437 0.147208 0.0021279 0 0 0.154276 0.149348 
99400 0.00491515 0.147146 0.0021137 0 0 0.154181 0.149272 
99600 0.00489594 0.147083 0.00209949 0 0 0.154086 0.149196 
99800 0.00487673 0.147021 0.00208529 0 0 0.153991 0.14912 
100000 0.00485751 0.146959 0.00207108 0 0 0.153896 0.149044 
100200 0.00484187 0.146915 0.0020594 0 0 0.153796 0.148961 
100400 0.00482319 0.146851 0.00204598 0 0 0.153701 0.148884 
100600 0.00480452 0.146788 0.00203256 0 0 0.153607 0.148808 
100800 0.00478584 0.146724 0.00201914 0 0 0.153513 0.148731 
101000 0.00476716 0.14666 0.00200573 0 0 0.153418 0.148655 
101200 0.00474848 0.146597 0.00199231 0 0 0.153324 0.148578 
101400 0.0047298 0.146533 0.00197889 0 0 0.15323 0.148502 
101600 0.00471112 0.146469 0.00196548 0 0 0.153135 0.148425 
101800 0.00469244 0.146406 0.00195206 0 0 0.153041 0.148349 
102000 0.00467376 0.146342 0.00193864 0 0 0.152947 0.148272 
102200 0.00465595 0.146279 0.00192594 0 0 0.152855 0.148198 
102400 0.00463901 0.146216 0.00191395 0 0 0.152765 0.148125 
102600 0.00462206 0.146153 0.00190196 0 0 0.152675 0.148052 
102800 0.00460512 0.146091 0.00188998 0 0 0.152586 0.14798 
103000 0.00458818 0.146028 0.00187799 0 0 0.152496 0.147907 
103200 0.00457124 0.145965 0.001866 0 0 0.152407 0.147834 
103400 0.0045543 0.145903 0.00185402 0 0 0.152317 0.147762 
103600 0.00453735 0.14584 0.00184203 0 0 0.152227 0.147689 
103800 0.00452041 0.145777 0.00183004 0 0 0.152138 0.147616 
104000 0.00450347 0.145715 0.00181806 0 0 0.152048 0.147544 
104200 0.00448714 0.145654 0.00180673 0 0 0.151961 0.147473 
104400 0.00447141 0.145597 0.00179606 0 0 0.151876 0.147404 
104600 0.00445569 0.145539 0.0017854 0 0 0.151791 0.147334 
104800 0.00443996 0.145482 0.00177473 0 0 0.151706 0.147265 
105000 0.00442423 0.145424 0.00176406 0 0 0.151621 0.147196 
105200 0.00440851 0.145366 0.0017534 0 0 0.151536 0.147127 
105400 0.00439278 0.145309 0.00174273 0 0 0.151451 0.147057 
105600 0.00437706 0.145251 0.00173206 0 0 0.151366 0.146988 
105800 0.00436133 0.145193 0.00172139 0 0 0.151282 0.146919 
106000 0.00434561 0.145136 0.00171073 0 0 0.151197 0.14685 
106200 0.00432988 0.145078 0.00170006 0 0 0.151112 0.14678 
106400 0.00431397 0.145015 0.00168954 0 0 0.151024 0.146708 
106600 0.00429807 0.144952 0.00167902 0 0 0.150937 0.146635 
106800 0.00428216 0.144889 0.0016685 0 0 0.150849 0.146562 
107000 0.00426625 0.144826 0.00165798 0 0 0.150762 0.14649 
107200 0.00425034 0.144762 0.00164747 0 0 0.150674 0.146417 
107400 0.00423443 0.144699 0.00163695 0 0 0.150587 0.146344 
107600 0.00421852 0.144636 0.00162643 0 0 0.150499 0.146272 
107800 0.00420262 0.144573 0.00161591 0 0 0.150412 0.146199 
108000 0.00418671 0.14451 0.00160539 0 0 0.150325 0.146126 
108200 0.0041708 0.144447 0.00159487 0 0 0.150237 0.146054 
108400 0.00415688 0.144392 0.00158589 0 0 0.150158 0.145989 
108600 0.00414296 0.144337 0.00157691 0 0 0.150078 0.145925 
108800 0.00412904 0.144282 0.00156793 0 0 0.149999 0.14586 
109000 0.00411512 0.144227 0.00155894 0 0 0.149919 0.145796 
109200 0.0041012 0.144172 0.00154996 0 0 0.14984 0.145731 
109400 0.00408728 0.144117 0.00154098 0 0 0.14976 0.145667 
109600 0.00407336 0.144062 0.001532 0 0 0.149681 0.145602 
109800 0.00405943 0.144007 0.00152302 0 0 0.149601 0.145538 
110000 0.00404551 0.143952 0.00151403 0 0 0.149522 0.145473 
110200 0.00403159 0.143897 0.00150505 0 0 0.149442 0.145409 
110400 0.00401767 0.143842 0.00149607 0 0 0.149362 0.145344 
110600 0.00400366 0.143781 0.00148726 0 0 0.149279 0.145275 
110800 0.00398965 0.143721 0.00147845 0 0 0.149196 0.145206 
111000 0.00397563 0.143661 0.00146964 0 0 0.149113 0.145137 
111200 0.00396162 0.143601 0.00146083 0 0 0.149029 0.145067 
111400 0.00394761 0.143541 0.00145202 0 0 0.148946 0.144998 
111600 0.0039336 0.143481 0.00144321 0 0 0.148863 0.144929 
111800 0.00391958 0.143421 0.0014344 0 0 0.148779 0.14486 
112000 0.00390557 0.143361 0.00142559 0 0 0.148696 0.144791 
112200 0.00389156 0.143301 0.00141678 0 0 0.148613 0.144721 
112400 0.00387754 0.14324 0.00140797 0 0 0.14853 0.144652 
112600 0.0038641 0.143181 0.00139962 0 0 0.148448 0.144584 
112800 0.00385123 0.143122 0.00139174 0 0 0.148369 0.144518 
113000 0.00383836 0.143063 0.00138385 0 0 0.148289 0.144451 
113200 0.00382549 0.143004 0.00137597 0 0 0.14821 0.144385 
113400 0.00381262 0.142945 0.00136808 0 0 0.14813 0.144318 
113600 0.00379975 0.142886 0.0013602 0 0 0.148051 0.144252 
113800 0.00378688 0.142827 0.00135232 0 0 0.147971 0.144185 
114000 0.00377401 0.142768 0.00134443 0 0 0.147892 0.144119 
114200 0.00376114 0.142709 0.00133655 0 0 0.147812 0.144052 
114400 0.00374827 0.14265 0.00132866 0 0 0.147733 0.143986 
114600 0.0037354 0.142591 0.00132078 0 0 0.147653 0.14392 
114800 0.00372299 0.142534 0.0013133 0 0 0.147575 0.143854 
115000 0.00371104 0.142478 0.00130623 0 0 0.147499 0.143791 
115200 0.00369908 0.142422 0.00129916 0 0 0.147423 0.143727 
115400 0.00368713 0.142366 0.00129209 0 0 0.147347 0.143664 
115600 0.00367518 0.14231 0.00128502 0 0 0.147271 0.1436 
115800 0.00366323 0.142253 0.00127795 0 0 0.147195 0.143537 
116000 0.00365128 0.142197 0.00127088 0 0 0.147119 0.143473 
116200 0.00363933 0.142141 0.00126381 0 0 0.147043 0.143409 
116400 0.00362737 0.142085 0.00125674 0 0 0.146967 0.143346 
116600 0.00361542 0.142029 0.00124967 0 0 0.146891 0.143282 
116800 0.00360347 0.141973 0.0012426 0 0 0.146815 0.143219 
117000 0.00359152 0.141917 0.00123553 0 0 0.146739 0.143155 
117200 0.00357952 0.141858 0.0012286 0 0 0.146661 0.143091 
117400 0.00356753 0.141799 0.00122167 0 0 0.146584 0.143027 
117600 0.00355554 0.14174 0.00121474 0 0 0.146506 0.142963 
117800 0.00354354 0.141681 0.0012078 0 0 0.146429 0.142899 
118000 0.00353155 0.141622 0.00120087 0 0 0.146351 0.142834 
118200 0.00351956 0.141563 0.00119394 0 0 0.146274 0.14277 
118400 0.00350756 0.141504 0.001187 0 0 0.146196 0.142706 
118600 0.00349557 0.141445 0.00118007 0 0 0.146118 0.142642 
118800 0.00348358 0.141386 0.00117314 0 0 0.146041 0.142578 
119000 0.00347158 0.141327 0.0011662 0 0 0.145963 0.142514 
119200 0.00345959 0.141269 0.00115927 0 0 0.145886 0.14245 
119400 0.00344892 0.141214 0.00115332 0 0 0.145814 0.142389 
119600 0.00343826 0.14116 0.00114736 0 0 0.145743 0.142328 
119800 0.00342759 0.141105 0.00114141 0 0 0.145672 0.142267 
120000 0.00341693 0.141051 0.00113546 0 0 0.1456 0.142206 
120200 0.00340627 0.140996 0.0011295 0 0 0.145529 0.142145 
120400 0.0033956 0.140942 0.00112355 0 0 0.145457 0.142084 
120600 0.00338494 0.140887 0.0011176 0 0 0.145386 0.142023 
120800 0.00337427 0.140833 0.00111164 0 0 0.145314 0.141962 
121000 0.00336361 0.140778 0.00110569 0 0 0.145243 0.141901 
121200 0.00335294 0.140724 0.00109974 0 0 0.145172 0.14184 
121400 0.00334228 0.14067 0.00109378 0 0 0.1451 0.141779 
121600 0.00333161 0.140615 0.00108783 0 0 0.145029 0.141718 
121800 0.00332138 0.140561 0.00108223 0 0 0.144959 0.141658 
122000 0.00331115 0.140507 0.00107662 0 0 0.14489 0.141597 
122200 0.00330092 0.140453 0.00107102 0 0 0.144821 0.141537 
122400 0.00329069 0.140399 0.00106542 0 0 0.144752 0.141476 
122600 0.00328046 0.140345 0.00105982 0 0 0.144682 0.141415 
122800 0.00327023 0.140291 0.00105421 0 0 0.144613 0.141355 
123000 0.00326 0.140237 0.00104861 0 0 0.144544 0.141294 
123200 0.00324977 0.140183 0.00104301 0 0 0.144474 0.141234 
123400 0.00323954 0.140129 0.00103741 0 0 0.144405 0.141173 
123600 0.00322931 0.140075 0.00103181 0 0 0.144336 0.141112 
123800 0.00321908 0.14002 0.0010262 0 0 0.144267 0.141052 
124000 0.00320885 0.139966 0.0010206 0 0 0.144197 0.140991 
124200 0.00319895 0.139911 0.00101536 0 0 0.144126 0.14093 
124400 0.00318905 0.139855 0.00101012 0 0 0.144054 0.140869 
124600 0.00317915 0.139799 0.00100488 0 0 0.143983 0.140809 
124800 0.00316925 0.139743 0.000999645 0 0 0.143911 0.140748 
125000 0.00315934 0.139687 0.000994406 0 0 0.14384 0.140687 
125200 0.00314944 0.139631 0.000989168 0 0 0.143768 0.140626 
125400 0.00313954 0.139575 0.000983929 0 0 0.143697 0.140565 
125600 0.00312964 0.139519 0.00097869 0 0 0.143626 0.140504 
125800 0.00311974 0.139464 0.000973452 0 0 0.143554 0.140443 
126000 0.00310984 0.139408 0.000968213 0 0 0.143483 0.140382 
126200 0.00309994 0.139352 0.000962974 0 0 0.143411 0.140321 
126400 0.00309004 0.139296 0.000957736 0 0 0.14334 0.14026 
126600 0.00308051 0.13924 0.000952826 0 0 0.14327 0.140199 
126800 0.00307098 0.139184 0.000947917 0 0 0.143201 0.140138 
127000 0.00306146 0.139128 0.000943007 0 0 0.143131 0.140077 
127200 0.00305193 0.139072 0.000938098 0 0 0.143061 0.140016 
127400 0.0030424 0.139016 0.000933189 0 0 0.142992 0.139955 
127600 0.00303287 0.138961 0.000928279 0 0 0.142922 0.139894 
127800 0.00302334 0.138905 0.00092337 0 0 0.142852 0.139833 
128000 0.00301382 0.138849 0.000918461 0 0 0.142783 0.139772 
128200 0.00300429 0.138793 0.000913551 0 0 0.142713 0.139711 
128400 0.00299476 0.138737 0.000908642 0 0 0.142643 0.13965 
128600 0.00298523 0.138681 0.000903732 0 0 0.142574 0.139589 
128800 0.0029757 0.138625 0.000898823 0 0 0.142504 0.139529 
129000 0.00296723 0.138572 0.000894564 0 0 0.142439 0.139472 
129200 0.00295875 0.138519 0.000890304 0 0 0.142373 0.139416 
129400 0.00295027 0.138466 0.000886045 0 0 0.142307 0.13936 
129600 0.00294179 0.138413 0.000881785 0 0 0.142242 0.139303 
129800 0.00293332 0.138361 0.000877526 0 0 0.142176 0.139247 
130000 0.00292484 0.138308 0.000873266 0 0 0.14211 0.139191 
130200 0.00291636 0.138255 0.000869007 0 0 0.142045 0.139135 
130400 0.00290788 0.138202 0.000864747 0 0 0.141979 0.139078 
130600 0.00289941 0.138149 0.000860488 0 0 0.141914 0.139022 
130800 0.00289093 0.138096 0.000856228 0 0 0.141848 0.138966 
131000 0.00288245 0.138043 0.000851969 0 0 0.141782 0.13891 
131200 0.00287397 0.13799 0.000847709 0 0 0.141717 0.138853 
131400 0.0028655 0.137937 0.00084345 0 0 0.141651 0.138797 
131600 0.00285702 0.137885 0.0008393 0 0 0.141584 0.138737 
131800 0.00284854 0.137833 0.00083515 0 0 0.141517 0.138677 
132000 0.00284006 0.13778 0.000831 0 0 0.141451 0.138617 
132200 0.00283158 0.137728 0.000826849 0 0 0.141384 0.138557 
132400 0.0028231 0.137676 0.000822699 0 0 0.141317 0.138497 
132600 0.00281462 0.137623 0.000818549 0 0 0.14125 0.138438 
132800 0.00280614 0.137571 0.000814399 0 0 0.141183 0.138378 
133000 0.00279766 0.137519 0.000810249 0 0 0.141116 0.138318 
133200 0.00278918 0.137467 0.000806099 0 0 0.141049 0.138258 
133400 0.0027807 0.137414 0.000801949 0 0 0.140983 0.138198 
133600 0.00277222 0.137362 0.000797798 0 0 0.140916 0.138138 
133800 0.00276374 0.13731 0.000793648 0 0 0.140849 0.138078 
134000 0.0027557 0.137258 0.000789773 0 0 0.140785 0.138021 
134200 0.00274811 0.137207 0.000786173 0 0 0.140724 0.137967 
134400 0.00274052 0.137156 0.000782574 0 0 0.140664 0.137913 
134600 0.00273293 0.137104 0.000778974 0 0 0.140603 0.137859 
134800 0.00272534 0.137053 0.000775374 0 0 0.140543 0.137804 
135000 0.00271775 0.137002 0.000771774 0 0 0.140482 0.13775 
135200 0.00271016 0.13695 0.000768174 0 0 0.140421 0.137696 
135400 0.00270257 0.136899 0.000764574 0 0 0.140361 0.137642 
135600 0.00269498 0.136848 0.000760974 0 0 0.1403 0.137588 
135800 0.00268739 0.136797 0.000757375 0 0 0.140239 0.137534 
136000 0.0026798 0.136745 0.000753775 0 0 0.140179 0.137479 
136200 0.00267221 0.136694 0.000750175 0 0 0.140118 0.137425 
136400 0.00266461 0.136643 0.000746575 0 0 0.140058 0.137371 
136600 0.00265702 0.136592 0.000742975 0 0 0.139997 0.137317 
136800 0.00264945 0.136538 0.000739469 0 0 0.139933 0.137262 
137000 0.00264187 0.136485 0.000735963 0 0 0.139868 0.137207 
137200 0.0026343 0.136432 0.000732457 0 0 0.139804 0.137152 
137400 0.00262672 0.136378 0.000728951 0 0 0.13974 0.137097 
137600 0.00261915 0.136325 0.000725445 0 0 0.139676 0.137042 
137800 0.00261157 0.136272 0.000721939 0 0 0.139611 0.136987 
138000 0.002604 0.136219 0.000718432 0 0 0.139547 0.136932 
138200 0.00259642 0.136165 0.000714926 0 0 0.139483 0.136877 
138400 0.00258885 0.136112 0.00071142 0 0 0.139418 0.136822 
138600 0.00258127 0.136059 0.000707914 0 0 0.139354 0.136767 
138800 0.0025737 0.136006 0.000704408 0 0 0.13929 0.136713 
139000 0.00256612 0.135952 0.000700902 0 0 0.139225 0.136658 
139200 0.00255854 0.135899 0.000697396 0 0 0.139161 0.136603 
139400 0.00255149 0.135847 0.000694222 0 0 0.139099 0.136548 
139600 0.00254444 0.135794 0.000691048 0 0 0.139037 0.136494 
139800 0.00253739 0.135741 0.000687875 0 0 0.138975 0.13644 
140000 0.00253034 0.135689 0.000684701 0 0 0.138914 0.136386 
140200 0.00252329 0.135636 0.000681528 0 0 0.138852 0.136332 
140400 0.00251624 0.135584 0.000678354 0 0 0.13879 0.136277 
140600 0.00250919 0.135531 0.00067518 0 0 0.138728 0.136223 
140800 0.00250214 0.135478 0.000672007 0 0 0.138666 0.136169 
141000 0.00249509 0.135426 0.000668833 0 0 0.138604 0.136115 
141200 0.00248804 0.135373 0.00066566 0 0 0.138542 0.136061 
141400 0.00248099 0.135321 0.000662486 0 0 0.13848 0.136006 
141600 0.00247394 0.135268 0.000659313 0 0 0.138418 0.135952 
141800 0.00246689 0.135215 0.000656139 0 0 0.138356 0.135898 
142000 0.00246011 0.135164 0.000653121 0 0 0.138296 0.135844 
142200 0.00245359 0.135115 0.000650257 0 0 0.138236 0.13579 
142400 0.00244708 0.135065 0.000647394 0 0 0.138176 0.135736 
142600 0.00244056 0.135016 0.000644531 0 0 0.138116 0.135683 
142800 0.00243404 0.134966 0.000641667 0 0 0.138057 0.135629 
143000 0.00242753 0.134917 0.000638804 0 0 0.137997 0.135575 
143200 0.00242101 0.134868 0.000635941 0 0 0.137937 0.135521 
143400 0.0024145 0.134818 0.000633078 0 0 0.137878 0.135467 
143600 0.00240798 0.134769 0.000630214 0 0 0.137818 0.135414 
143800 0.00240146 0.134719 0.000627351 0 0 0.137758 0.13536 
144000 0.00239495 0.13467 0.000624488 0 0 0.137698 0.135306 
144200 0.00238843 0.13462 0.000621625 0 0 0.137639 0.135252 
144400 0.00238192 0.134571 0.000618761 0 0 0.137579 0.135198 
144600 0.0023754 0.134521 0.000615898 0 0 0.137519 0.135145 
144800 0.00236899 0.134472 0.000613124 0 0 0.13746 0.135092 
145000 0.00236268 0.134422 0.000610439 0 0 0.1374 0.135039 
145200 0.00235638 0.134373 0.000607754 0 0 0.13734 0.134987 
145400 0.00235007 0.134323 0.000605069 0 0 0.13728 0.134935 
145600 0.00234377 0.134274 0.000602384 0 0 0.137221 0.134882 
145800 0.00233746 0.134225 0.0005997 0 0 0.137161 0.13483 
146000 0.00233116 0.134175 0.000597015 0 0 0.137101 0.134778 
146200 0.00232485 0.134126 0.00059433 0 0 0.137042 0.134726 
146400 0.00231855 0.134076 0.000591645 0 0 0.136982 0.134673 
146600 0.00231224 0.134027 0.00058896 0 0 0.136922 0.134621 
146800 0.00230594 0.133977 0.000586275 0 0 0.136863 0.134569 
147000 0.00229963 0.133928 0.00058359 0 0 0.136803 0.134517 
147200 0.00229333 0.133878 0.000580905 0 0 0.136743 0.134464 
147400 0.00228702 0.133829 0.00057822 0 0 0.136684 0.134412 
147600 0.00228096 0.13378 0.000575668 0 0 0.136625 0.13436 
147800 0.00227515 0.133732 0.000573248 0 0 0.136569 0.134308 
148000 0.00226934 0.133683 0.000570828 0 0 0.136513 0.134256 
148200 0.00226352 0.133635 0.000568408 0 0 0.136456 0.134205 
148400 0.00225771 0.133586 0.000565988 0 0 0.1364 0.134153 
148600 0.00225189 0.133538 0.000563568 0 0 0.136344 0.134101 
148800 0.00224608 0.13349 0.000561149 0 0 0.136287 0.134049 
149000 0.00224026 0.133441 0.000558729 0 0 0.136231 0.133997 
149200 0.00223445 0.133393 0.000556309 0 0 0.136174 0.133945 
149400 0.00222864 0.133345 0.000553889 0 0 0.136118 0.133893 
149600 0.00222282 0.133296 0.000551469 0 0 0.136062 0.133842 
149800 0.00221701 0.133248 0.000549049 0 0 0.136005 0.13379 
150000 0.00221119 0.133199 0.000546629 0 0 0.135949 0.133738 
150200 0.00220496 0.133147 0.000544099 0 0 0.135894 0.133685 
150400 0.00219873 0.133094 0.00054157 0 0 0.135839 0.133633 
150600 0.00219327 0.133048 0.000539355 0 0 0.135784 0.133584 
150800 0.00218781 0.133001 0.00053714 0 0 0.135728 0.133535 
151000 0.00218236 0.132955 0.000534925 0 0 0.135672 0.133486 
151200 0.0021769 0.132908 0.00053271 0 0 0.135616 0.133438 
151400 0.00217145 0.132862 0.000530495 0 0 0.135561 0.133389 
151600 0.00216599 0.132815 0.00052828 0 0 0.135505 0.13334 
151800 0.00216053 0.132769 0.000526065 0 0 0.135449 0.133291 
152000 0.00215508 0.132722 0.00052385 0 0 0.135394 0.133242 
152200 0.00214962 0.132676 0.000521635 0 0 0.135338 0.133194 
152400 0.00214417 0.13263 0.00051942 0 0 0.135282 0.133145 
152600 0.00213871 0.132583 0.000517205 0 0 0.135226 0.133096 
152800 0.00213325 0.132537 0.00051499 0 0 0.135171 0.133047 
153000 0.0021278 0.13249 0.000512776 0 0 0.135115 0.132999 
153200 0.00212234 0.132444 0.000510561 0 0 0.135059 0.13295 
153400 0.00211689 0.132397 0.000508346 0 0 0.135004 0.132901 
153600 0.00211162 0.132349 0.000506276 0 0 0.134949 0.132851 
153800 0.00210636 0.1323 0.000504205 0 0 0.134894 0.132801 
154000 0.0021011 0.132251 0.000502135 0 0 0.13484 0.13275 
154200 0.00209584 0.132202 0.000500065 0 0 0.134785 0.1327 
154400 0.00209057 0.132153 0.000497995 0 0 0.134731 0.13265 
154600 0.00208531 0.132105 0.000495925 0 0 0.134676 0.1326 
154800 0.00208005 0.132056 0.000493855 0 0 0.134622 0.132549 
155000 0.00207479 0.132007 0.000491784 0 0 0.134567 0.132499 
155200 0.00206953 0.131958 0.000489714 0 0 0.134512 0.132449 
155400 0.00206426 0.131909 0.000487644 0 0 0.134458 0.132399 
155600 0.002059 0.131861 0.000485574 0 0 0.134403 0.132349 
155800 0.00205374 0.131812 0.000483504 0 0 0.134349 0.132298 
156000 0.00204848 0.131763 0.000481434 0 0 0.134294 0.132248 
156200 0.00204322 0.131714 0.000479364 0 0 0.13424 0.132198 
156400 0.00203795 0.131665 0.000477293 0 0 0.134185 0.132148 
156600 0.00203289 0.131618 0.000475356 0 0 0.134129 0.132099 
156800 0.00202782 0.13157 0.000473419 0 0 0.134073 0.132049 
157000 0.00202276 0.131523 0.000471483 0 0 0.134018 0.132 
157200 0.00201769 0.131475 0.000469546 0 0 0.133962 0.131951 
157400 0.00201263 0.131427 0.000467609 0 0 0.133906 0.131902 
157600 0.00200756 0.13138 0.000465672 0 0 0.133851 0.131853 
157800 0.0020025 0.131332 0.000463735 0 0 0.133795 0.131804 
158000 0.00199743 0.131285 0.000461798 0 0 0.133739 0.131755 
158200 0.00199237 0.131237 0.000459861 0 0 0.133683 0.131706 
158400 0.0019873 0.131189 0.000457924 0 0 0.133628 0.131657 
158600 0.00198224 0.131142 0.000455987 0 0 0.133572 0.131608 
158800 0.00197717 0.131094 0.00045405 0 0 0.133516 0.131559 
159000 0.00197211 0.131047 0.000452113 0 0 0.13346 0.13151 
159200 0.00196704 0.130999 0.000450176 0 0 0.133405 0.131461 
159400 0.00196198 0.130951 0.000448239 0 0 0.133349 0.131412 
159600 0.00195725 0.130905 0.000446478 0 0 0.133298 0.131363 
159800 0.00195252 0.130859 0.000444716 0 0 0.133246 0.131314 
160000 0.00194779 0.130813 0.000442955 0 0 0.133195 0.131266 
160200 0.00194306 0.130767 0.000441194 0 0 0.133143 0.131217 
160400 0.00193834 0.130721 0.000439432 0 0 0.133092 0.131169 
160600 0.00193361 0.130675 0.000437671 0 0 0.13304 0.13112 
160800 0.00192888 0.130629 0.00043591 0 0 0.132989 0.131071 
161000 0.00192415 0.130583 0.000434149 0 0 0.132938 0.131023 
161200 0.00191942 0.130537 0.000432387 0 0 0.132886 0.130974 
161400 0.0019147 0.13049 0.000430626 0 0 0.132835 0.130926 
161600 0.00190997 0.130444 0.000428865 0 0 0.132783 0.130877 
161800 0.00190524 0.130398 0.000427103 0 0 0.132732 0.130828 
162000 0.00190051 0.130352 0.000425342 0 0 0.132681 0.13078 
162200 0.00189578 0.130306 0.000423581 0 0 0.132629 0.130731 
162400 0.00189106 0.13026 0.00042182 0 0 0.132578 0.130682 
162600 0.00188649 0.130214 0.000420135 0 0 0.132526 0.130635 
162800 0.00188207 0.130168 0.000418526 0 0 0.132475 0.130588 
163000 0.00187766 0.130123 0.000416918 0 0 0.132424 0.13054 
163200 0.00187324 0.130077 0.000415309 0 0 0.132373 0.130493 
163400 0.00186883 0.130031 0.000413701 0 0 0.132322 0.130446 
163600 0.00186441 0.129985 0.000412092 0 0 0.132271 0.130399 
163800 0.00186 0.12994 0.000410483 0 0 0.13222 0.130352 
164000 0.00185558 0.129894 0.000408875 0 0 0.132168 0.130305 
164200 0.00185117 0.129848 0.000407266 0 0 0.132117 0.130258 
164400 0.00184675 0.129802 0.000405658 0 0 0.132066 0.130211 
164600 0.00184234 0.129757 0.000404049 0 0 0.132015 0.130164 
164800 0.00183792 0.129711 0.000402441 0 0 0.131964 0.130117 
165000 0.00183351 0.129665 0.000400832 0 0 0.131913 0.13007 
165200 0.0018291 0.129619 0.000399224 0 0 0.131861 0.130022 
165400 0.00182468 0.129574 0.000397615 0 0 0.13181 0.129975 
165600 0.00182027 0.129528 0.000396007 0 0 0.131759 0.129928 
165800 0.001816 0.129483 0.000394474 0 0 0.131708 0.129882 
166000 0.00181189 0.12944 0.000393018 0 0 0.131658 0.129838 
166200 0.00180778 0.129397 0.000391562 0 0 0.131607 0.129794 
166400 0.00180367 0.129354 0.000390105 0 0 0.131556 0.129749 
166600 0.00179955 0.12931 0.000388649 0 0 0.131506 0.129705 
166800 0.00179544 0.129267 0.000387193 0 0 0.131455 0.129661 
167000 0.00179133 0.129224 0.000385736 0 0 0.131404 0.129616 
167200 0.00178722 0.12918 0.00038428 0 0 0.131354 0.129572 
167400 0.0017831 0.129137 0.000382823 0 0 0.131303 0.129528 
167600 0.00177899 0.129094 0.000381367 0 0 0.131252 0.129483 
167800 0.00177488 0.12905 0.000379911 0 0 0.131202 0.129439 
168000 0.00177077 0.129007 0.000378454 0 0 0.131151 0.129395 
168200 0.00176665 0.128964 0.000376998 0 0 0.1311 0.12935 
168400 0.00176254 0.128921 0.000375542 0 0 0.13105 0.129306 
168600 0.00175843 0.128877 0.000374085 0 0 0.130999 0.129262 
168800 0.00175432 0.128834 0.000372629 0 0 0.130948 0.129217 
169000 0.00175021 0.128791 0.000371173 0 0 0.130898 0.129173 
169200 0.00174623 0.128746 0.000369807 0 0 0.130848 0.129127 
169400 0.00174226 0.128701 0.000368442 0 0 0.130799 0.129081 
169600 0.00173829 0.128657 0.000367077 0 0 0.13075 0.129035 
169800 0.00173431 0.128612 0.000365712 0 0 0.1307 0.128989 
170000 0.00173034 0.128568 0.000364346 0 0 0.130651 0.128943 
170200 0.00172637 0.128523 0.000362981 0 0 0.130601 0.128897 
170400 0.0017224 0.128478 0.000361616 0 0 0.130552 0.128851 
170600 0.00171842 0.128434 0.000360251 0 0 0.130503 0.128805 
170800 0.00171445 0.128389 0.000358885 0 0 0.130453 0.12876 
171000 0.00171048 0.128345 0.00035752 0 0 0.130404 0.128714 
171200 0.0017065 0.1283 0.000356155 0 0 0.130355 0.128668 
171400 0.00170253 0.128255 0.000354789 0 0 0.130305 0.128622 
171600 0.00169856 0.128211 0.000353424 0 0 0.130256 0.128576 
171800 0.00169459 0.128166 0.000352059 0 0 0.130207 0.12853 
172000 0.00169061 0.128121 0.000350694 0 0 0.130157 0.128484 
172200 0.00168664 0.128077 0.000349328 0 0 0.130108 0.128438 
172400 0.00168274 0.128033 0.000348002 0 0 0.130059 0.128392 
172600 0.00167892 0.12799 0.000346714 0 0 0.130011 0.128347 
172800 0.0016751 0.127946 0.000345426 0 0 0.129962 0.128301 
173000 0.00167127 0.127903 0.000344138 0 0 0.129914 0.128255 
173200 0.00166745 0.12786 0.00034285 0 0 0.129866 0.12821 
173400 0.00166363 0.127816 0.000341562 0 0 0.129818 0.128164 
173600 0.00165981 0.127773 0.000340274 0 0 0.129769 0.128118 
173800 0.00165598 0.12773 0.000338987 0 0 0.129721 0.128073 
174000 0.00165216 0.127687 0.000337699 0 0 0.129673 0.128027 
174200 0.00164834 0.127643 0.000336411 0 0 0.129624 0.127981 
174400 0.00164451 0.1276 0.000335123 0 0 0.129576 0.127936 
174600 0.00164069 0.127557 0.000333835 0 0 0.129528 0.12789 
174800 0.00163687 0.127513 0.000332547 0 0 0.129479 0.127844 
175000 0.00163305 0.12747 0.000331259 0 0 0.129431 0.127799 
175200 0.00162922 0.127427 0.000329971 0 0 0.129383 0.127753 
175400 0.0016254 0.127383 0.000328683 0 0 0.129334 0.127707 
175600 0.00162158 0.12734 0.000327395 0 0 0.129286 0.127662 
175800 0.00161812 0.127297 0.000326265 0 0 0.129239 0.127618 
176000 0.00161465 0.127254 0.000325135 0 0 0.129193 0.127575 
176200 0.00161119 0.127211 0.000324004 0 0 0.129146 0.127532 
176400 0.00160773 0.127168 0.000322874 0 0 0.129099 0.127488 
176600 0.00160426 0.127125 0.000321743 0 0 0.129052 0.127445 
176800 0.0016008 0.127082 0.000320613 0 0 0.129005 0.127402 
177000 0.00159734 0.127039 0.000319483 0 0 0.128959 0.127358 
177200 0.00159388 0.126996 0.000318352 0 0 0.128912 0.127315 
177400 0.00159041 0.126953 0.000317222 0 0 0.128865 0.127272 
177600 0.00158695 0.12691 0.000316091 0 0 0.128818 0.127228 
177800 0.00158349 0.126867 0.000314961 0 0 0.128771 0.127185 
178000 0.00158002 0.126823 0.000313831 0 0 0.128725 0.127142 
178200 0.00157656 0.12678 0.0003127 0 0 0.128678 0.127099 
178400 0.0015731 0.126737 0.00031157 0 0 0.128631 0.127055 
178600 0.00156964 0.126694 0.000310439 0 0 0.128584 0.127012 
178800 0.00156617 0.126651 0.000309309 0 0 0.128538 0.126969 
179000 0.00156271 0.126608 0.000308178 0 0 0.128491 0.126925 
179200 0.00155931 0.126566 0.000307084 0 0 0.128444 0.126882 
179400 0.00155597 0.126524 0.000306024 0 0 0.128397 0.126838 
179600 0.00155263 0.126481 0.000304965 0 0 0.12835 0.126794 
179800 0.00154928 0.126439 0.000303905 0 0 0.128304 0.12675 
180000 0.00154594 0.126397 0.000302846 0 0 0.128257 0.126705 
180200 0.0015426 0.126355 0.000301786 0 0 0.12821 0.126661 
180400 0.00153926 0.126313 0.000300727 0 0 0.128163 0.126617 
180600 0.00153592 0.126271 0.000299667 0 0 0.128117 0.126573 
180800 0.00153258 0.126229 0.000298608 0 0 0.12807 0.126529 
181000 0.00152924 0.126187 0.000297549 0 0 0.128023 0.126485 
181200 0.0015259 0.126145 0.000296489 0 0 0.127976 0.126441 
181400 0.00152256 0.126103 0.00029543 0 0 0.127929 0.126397 
181600 0.00151921 0.126061 0.00029437 0 0 0.127883 0.126353 
181800 0.00151587 0.126019 0.000293311 0 0 0.127836 0.126309 
182000 0.00151253 0.125977 0.000292251 0 0 0.127789 0.126265 
182200 0.00150919 0.125935 0.000291192 0 0 0.127742 0.126221 
182400 0.00150585 0.125893 0.000290132 0 0 0.127696 0.126177 
182600 0.00150251 0.125851 0.000289073 0 0 0.127649 0.126133 
182800 0.00149929 0.125809 0.000288073 0 0 0.127602 0.12609 
183000 0.00149608 0.125767 0.000287072 0 0 0.127555 0.126046 
183200 0.00149286 0.125725 0.000286072 0 0 0.127508 0.126003 
183400 0.00148965 0.125683 0.000285072 0 0 0.127462 0.12596 
183600 0.00148644 0.125641 0.000284071 0 0 0.127415 0.125916 
183800 0.00148322 0.1256 0.000283071 0 0 0.127368 0.125873 
184000 0.00148001 0.125558 0.00028207 0 0 0.127321 0.12583 
184200 0.00147679 0.125516 0.00028107 0 0 0.127275 0.125786 
184400 0.00147358 0.125474 0.00028007 0 0 0.127228 0.125743 
184600 0.00147036 0.125432 0.000279069 0 0 0.127181 0.1257 
184800 0.00146715 0.125391 0.000278069 0 0 0.127134 0.125656 
185000 0.00146393 0.125349 0.000277069 0 0 0.127087 0.125613 
185200 0.00146072 0.125307 0.000276068 0 0 0.127041 0.12557 
185400 0.0014575 0.125265 0.000275068 0 0 0.126994 0.125527 
185600 0.00145429 0.125223 0.000274067 0 0 0.126947 0.125483 
185800 0.00145107 0.125181 0.000273067 0 0 0.1269 0.12544 
186000 0.00144786 0.12514 0.000272067 0 0 0.126854 0.125397 
186200 0.00144479 0.125099 0.000271121 0 0 0.126809 0.125355 
186400 0.00144185 0.125059 0.000270231 0 0 0.126766 0.125316 
186600 0.00143892 0.125019 0.00026934 0 0 0.126723 0.125276 
186800 0.00143598 0.124979 0.00026845 0 0 0.12668 0.125236 
187000 0.00143304 0.12494 0.00026756 0 0 0.126637 0.125197 
187200 0.00143011 0.1249 0.000266669 0 0 0.126594 0.125157 
187400 0.00142717 0.12486 0.000265779 0 0 0.126552 0.125118 
187600 0.00142424 0.12482 0.000264888 0 0 0.126509 0.125078 
187800 0.0014213 0.12478 0.000263998 0 0 0.126466 0.125039 
188000 0.00141837 0.124741 0.000263107 0 0 0.126423 0.124999 
188200 0.00141543 0.124701 0.000262217 0 0 0.12638 0.124959 
188400 0.0014125 0.124661 0.000261327 0 0 0.126337 0.12492 
188600 0.00140956 0.124621 0.000260436 0 0 0.126295 0.12488 
188800 0.00140663 0.124581 0.000259546 0 0 0.126252 0.124841 
189000 0.00140369 0.124542 0.000258655 0 0 0.126209 0.124801 
189200 0.00140076 0.124502 0.000257765 0 0 0.126166 0.124762 
189400 0.00139782 0.124462 0.000256874 0 0 0.126123 0.124722 
189600 0.00139489 0.124422 0.000255984 0 0 0.12608 0.124682 
189800 0.00139195 0.124382 0.000255094 0 0 0.126038 0.124643 
190000 0.00138913 0.124341 0.000254267 0 0 0.125993 0.124602 
190200 0.0013863 0.1243 0.00025344 0 0 0.125949 0.124561 
190400 0.00138348 0.124259 0.000252613 0 0 0.125905 0.12452 
190600 0.00138065 0.124218 0.000251786 0 0 0.12586 0.124479 
190800 0.00137783 0.124178 0.00025096 0 0 0.125816 0.124438 
191000 0.001375 0.124137 0.000250133 0 0 0.125772 0.124397 
191200 0.00137218 0.124096 0.000249306 0 0 0.125728 0.124356 
191400 0.00136935 0.124055 0.000248479 0 0 0.125683 0.124315 
191600 0.00136653 0.124014 0.000247652 0 0 0.125639 0.124274 
191800 0.0013637 0.123973 0.000246825 0 0 0.125595 0.124233 
192000 0.00136088 0.123932 0.000245999 0 0 0.125551 0.124192 
192200 0.00135806 0.123891 0.000245172 0 0 0.125506 0.124151 
192400 0.00135523 0.12385 0.000244345 0 0 0.125462 0.12411 
192600 0.00135241 0.123809 0.000243518 0 0 0.125418 0.124069 
192800 0.00134958 0.123768 0.000242691 0 0 0.125374 0.124028 
193000 0.00134676 0.123727 0.000241865 0 0 0.125329 0.123987 
193200 0.00134393 0.123686 0.000241038 0 0 0.125285 0.123947 
193400 0.00134111 0.123645 0.000240211 0 0 0.125241 0.123906 
193600 0.00133837 0.123605 0.000239418 0 0 0.125197 0.123865 
193800 0.00133572 0.123566 0.000238659 0 0 0.125154 0.123826 
194000 0.00133307 0.123528 0.0002379 0 0 0.125111 0.123786 
194200 0.00133042 0.123489 0.000237142 0 0 0.125068 0.123746 
194400 0.00132777 0.12345 0.000236383 0 0 0.125025 0.123707 
194600 0.00132512 0.123411 0.000235624 0 0 0.124982 0.123667 
194800 0.00132247 0.123373 0.000234865 0 0 0.124939 0.123627 
195000 0.00131982 0.123334 0.000234106 0 0 0.124895 0.123588 
195200 0.00131717 0.123295 0.000233347 0 0 0.124852 0.123548 
195400 0.00131452 0.123256 0.000232588 0 0 0.124809 0.123508 
195600 0.00131187 0.123218 0.000231829 0 0 0.124766 0.123469 
195800 0.00130922 0.123179 0.00023107 0 0 0.124723 0.123429 
196000 0.00130657 0.12314 0.000230312 0 0 0.12468 0.123389 
196200 0.00130392 0.123101 0.000229553 0 0 0.124637 0.12335 
196400 0.00130127 0.123063 0.000228794 0 0 0.124594 0.12331 
196600 0.00129862 0.123024 0.000228035 0 0 0.124551 0.12327 
196800 0.00129597 0.122985 0.000227276 0 0 0.124508 0.123231 
197000 0.00129332 0.122946 0.000226517 0 0 0.124465 0.123191 
197200 0.00129067 0.122908 0.000225758 0 0 0.124422 0.123151 
197400 0.00128807 0.122869 0.000225021 0 0 0.124379 0.123112 
197600 0.00128553 0.122831 0.000224305 0 0 0.124338 0.123072 
197800 0.00128298 0.122793 0.000223589 0 0 0.124296 0.123032 
198000 0.00128044 0.122754 0.000222873 0 0 0.124255 0.122992 
198200 0.00127789 0.122716 0.000222156 0 0 0.124213 0.122952 
198400 0.00127535 0.122678 0.00022144 0 0 0.124172 0.122912 
198600 0.0012728 0.122639 0.000220724 0 0 0.12413 0.122872 
198800 0.00127026 0.122601 0.000220008 0 0 0.124089 0.122832 
199000 0.00126771 0.122563 0.000219292 0 0 0.124047 0.122792 
199200 0.00126517 0.122524 0.000218576 0 0 0.124005 0.122752 
199400 0.00126262 0.122486 0.00021786 0 0 0.123964 0.122712 
199600 0.00126008 0.122448 0.000217144 0 0 0.123922 0.122673 
199800 0.00125753 0.12241 0.000216428 0 0 0.123881 0.122633 
200000 0.00125499 0.122371 0.000215711 0 0 0.123839 0.122593 
