1000 3.97662 0.00970077 3629.36 0 0 3632.73 3629.36 
1200 3.86305 0.0126707 2327.63 0 0 2331.45 2327.63 
1400 3.75529 0.0157638 1593.95 0 0 1597.77 1593.95 
1600 3.64578 0.0188347 1898.56 0 0 1902.11 1898.56 
1800 3.53522 0.0218578 1430.91 0 0 1434.62 1430.91 
2000 3.42591 0.0248548 1104.31 0 0 1107.72 1104.31 
2200 3.31944 0.0278052 1973.81 0 0 1977.12 1973.81 
2400 3.21642 0.0306926 1747.86 0 0 1751.17 1747.88 
2600 3.11802 0.0335187 1426.22 0 0 1429.2 1426.27 
2800 3.02318 0.0362822 1180.44 0 0 1183.59 1180.45 
3000 2.9313 0.0389764 989.44 0 0 992.36 989.452 
3200 2.84233 0.0415988 835.978 0 0 838.876 835.99 
3400 2.7562 0.0441504 713.511 0 0 716.379 713.62 
3600 2.67316 0.0466384 614.384 0 0 617.132 614.408 
3800 2.59368 0.049032 533.512 0 0 536.025 533.535 
4000 2.51679 0.0513856 466.231 0 0 468.725 466.255 
4200 2.44342 0.0536599 409.338 0 0 411.824 409.369 
4400 2.37262 0.0558708 361.387 0 0 363.822 361.449 
4600 2.30473 0.0580132 320.717 0 0 323.065 320.75 
4800 2.23996 0.060085 286.109 0 0 288.39 286.148 
5000 2.17756 0.062093 256.363 0 0 258.609 256.432 
5200 2.11797 0.0640317 230.48 0 0 232.67 230.545 
5400 2.06063 0.0659137 207.929 0 0 210.052 207.984 
5600 2.00566 0.0677169 188.313 0 0 190.388 188.361 
5800 1.95307 0.0694764 179.021 0 0 181.054 179.101 
6000 1.90225 0.0711775 163.325 0 0 165.313 163.402 
6200 1.8537 0.0728114 152.972 0 0 154.909 153.044 
6400 1.80686 0.0744012 140.179 0 0 142.053 140.259 
6600 1.76169 0.0759292 130.725 0 0 132.564 130.805 
6800 1.7183 0.077418 120.422 0 0 122.206 120.502 
7000 1.67662 0.078853 111.258 0 0 113.016 111.341 
7200 1.63652 0.0802434 102.946 0 0 104.652 103.007 
7400 1.59752 0.0815878 95.5217 0 0 97.2045 95.607 
7600 1.55997 0.0829 88.7504 0 0 90.4039 88.8383 
7800 1.52395 0.0841489 82.6739 0 0 84.2853 82.7613 
8000 1.48869 0.0853822 77.0921 0 0 78.6696 77.1796 
8200 1.45497 0.0865634 72.0078 0 0 73.5497 72.0972 
8400 1.42213 0.0877233 67.3069 0 0 68.8062 67.3965 
8600 1.39041 0.0888382 63.0359 0 0 64.5185 63.1245 
8800 1.35951 0.0899266 59.1368 0 0 60.5779 59.2259 
9000 1.32967 0.090983 55.5402 0 0 56.9572 55.634 
9200 1.30081 0.092005 52.2257 0 0 53.6347 52.3211 
9400 1.27268 0.0930007 49.1836 0 0 50.5632 49.2793 
9600 1.24547 0.0939812 46.3667 0 0 47.7069 46.4626 
9800 1.21871 0.0949178 43.7631 0 0 45.0904 43.8591 
10000 1.19299 0.095856 41.3737 0 0 42.6489 41.4697 
10200 1.16845 0.0967569 39.1741 0 0 40.4399 39.2661 
10400 1.14313 0.0976593 36.9942 0 0 38.232 37.0904 
10600 1.11996 0.0985012 35.1092 0 0 36.3298 35.2098 
10800 1.09716 0.0993328 33.3303 0 0 34.5262 33.4292 
11000 1.07476 0.100137 31.6416 0 0 32.8139 31.7389 
11200 1.05249 0.100961 30.0341 0 0 31.1874 30.1352 
11400 1.0314 0.101747 28.5687 0 0 29.7015 28.6709 
11600 1.01126 0.102504 27.2278 0 0 28.342 27.3303 
11800 0.99105 0.103262 25.9286 0 0 27.0237 26.0315 
12000 0.971529 0.103997 24.7204 0 0 25.7963 24.8242 
12200 0.952768 0.104708 23.6018 0 0 24.6594 23.7067 
12400 0.933956 0.105422 22.5137 0 0 23.5533 22.6196 
12600 0.916716 0.106062 21.5491 0 0 22.5707 21.6533 
12800 0.899131 0.106739 20.5932 0 0 21.5986 20.7007 
13000 0.882089 0.107405 19.7014 0 0 20.6907 19.8095 
13200 0.865708 0.108048 18.8704 0 0 19.8446 18.9788 
13400 0.849883 0.108668 18.0874 0 0 19.0475 18.1973 
13600 0.834355 0.109281 17.3408 0 0 18.2858 17.4527 
13800 0.819556 0.109878 16.6517 0 0 17.5806 16.7625 
14000 0.804909 0.110466 15.9891 0 0 16.904 16.1006 
14200 0.790444 0.111045 15.3519 0 0 16.2547 15.4654 
14400 0.776872 0.111608 14.7644 0 0 15.6537 14.8759 
14600 0.763349 0.112164 14.1999 0 0 15.0759 14.3113 
14800 0.750064 0.112709 13.658 0 0 14.5213 13.7705 
15000 0.737187 0.113236 13.1438 0 0 13.9954 13.2586 
15200 0.72479 0.113759 12.6629 0 0 13.5014 12.7748 
15400 0.712583 0.114266 12.1943 0 0 13.0218 12.3074 
15600 0.700768 0.114753 11.7486 0 0 12.5634 11.8642 
15800 0.689555 0.115236 11.3384 0 0 12.143 11.454 
16000 0.678394 0.115716 10.9394 0 0 11.7331 11.055 
16200 0.667266 0.116192 10.5542 0 0 11.3361 10.6703 
16400 0.656358 0.116655 10.1858 0 0 10.9575 10.3023 
16600 0.645745 0.117108 9.83257 0 0 10.5951 9.9498 
16800 0.635729 0.117542 9.50785 0 0 10.263 9.62636 
17000 0.625807 0.117976 9.19263 0 0 9.93708 9.30979 
17200 0.616147 0.118421 46.0997 0 0 46.849 46.208 
17400 0.606425 0.11883 44.7542 0 0 45.4834 44.8626 
17600 0.596973 0.11924 43.4549 0 0 44.1704 43.5636 
17800 0.588024 0.11965 42.2413 0 0 42.9551 42.3506 
18000 0.579226 0.120041 41.0609 0 0 41.7731 41.1805 
18200 0.570528 0.12042 39.9026 0 0 40.6133 40.039 
18400 0.56198 0.1208 38.8055 0 0 39.4855 38.9301 
18600 0.553525 0.121179 37.7269 0 0 38.3763 37.838 
18800 0.545663 0.121548 36.7185 0 0 37.3826 36.8461 
19000 0.537853 0.121913 35.7271 0 0 36.3978 35.863 
19200 0.530196 0.122263 34.7867 0 0 35.4393 34.9066 
19400 0.522555 0.122611 33.8603 0 0 34.5016 33.9706 
19600 0.514937 0.122954 32.955 0 0 33.5949 33.0654 
19800 0.507699 0.123292 32.0938 0 0 32.727 32.2085 
20000 0.500771 0.123624 31.2686 0 0 31.8908 31.391 
20200 0.49397 0.123941 30.4783 0 0 31.0987 30.6024 
20400 0.487112 0.124265 29.6932 0 0 30.306 29.8189 
20600 0.480583 0.124576 28.9448 0 0 29.5502 29.0701 
20800 0.474231 0.124881 28.2161 0 0 28.8143 28.34 
21000 0.468001 0.12518 27.5193 0 0 28.1111 27.6427 
21200 0.461837 0.125478 26.8395 0 0 27.4256 26.963 
21400 0.455862 0.125761 26.1877 0 0 26.7683 26.3112 
21600 0.450013 0.126034 25.5546 0 0 26.1297 25.6782 
21800 0.444252 0.126314 24.9359 0 0 25.5056 25.0603 
22000 0.43858 0.126602 24.3317 0 0 24.896 24.4575 
22200 0.433024 0.126877 23.7443 0 0 24.3033 23.871 
22400 0.427641 0.127136 23.182 0 0 23.7361 23.3091 
22600 0.422298 0.127391 22.6295 0 0 23.1785 22.7569 
22800 0.417073 0.127637 22.1062 0 0 22.6499 22.2338 
23000 0.411868 0.127882 21.5847 0 0 22.1231 21.7124 
23200 0.407046 0.128127 21.097 0 0 21.6306 21.2248 
23400 0.402225 0.128372 20.6094 0 0 21.138 20.7373 
23600 0.397508 0.128607 20.148 0 0 20.6727 20.276 
23800 0.392816 0.12884 19.6931 0 0 20.2143 19.8212 
24000 0.388201 0.12907 19.2538 0 0 19.7715 19.3826 
24200 0.383662 0.129297 18.8301 0 0 19.3444 18.9603 
24400 0.379161 0.129523 18.4109 0 0 18.9216 18.5423 
24600 0.374874 0.129736 18.0171 0 0 18.5232 18.1486 
24800 0.370587 0.12995 17.6234 0 0 18.1248 17.7549 
25000 0.366383 0.130155 17.2435 0 0 17.7403 17.3751 
25200 0.362206 0.130358 16.8682 0 0 17.3604 16.9999 
25400 0.358121 0.130559 16.5044 0 0 16.9925 16.6361 
25600 0.354206 0.130757 16.1618 0 0 16.6468 16.2937 
25800 0.350291 0.130955 15.8193 0 0 16.3011 15.9512 
26000 0.346455 0.131143 15.4917 0 0 15.9694 15.6237 
26200 0.342632 0.131329 15.1668 0 0 15.6401 15.2989 
26400 0.338886 0.131512 14.8513 0 0 15.3208 14.9835 
26600 0.335284 0.131689 14.5536 0 0 15.02 14.6858 
26800 0.331681 0.131866 14.2558 0 0 14.7191 14.3881 
27000 0.328158 0.132039 13.9698 0 0 14.4301 14.1022 
27200 0.324662 0.132211 13.6878 0 0 14.1451 13.8203 
27400 0.321196 0.132382 13.4092 0 0 13.8636 13.5418 
27600 0.317902 0.132546 13.1505 0 0 13.6019 13.2831 
27800 0.314607 0.132711 12.8918 0 0 13.3402 13.0244 
28000 0.311352 0.132868 12.6394 0 0 13.0844 12.7721 
28200 0.308145 0.133016 12.3946 0 0 12.8357 12.5274 
28400 0.304939 0.133164 12.1499 0 0 12.5869 12.2827 
28600 0.301858 0.133318 11.9201 0 0 12.3542 12.053 
28800 0.298819 0.133474 11.6954 0 0 12.1267 11.8283 
29000 0.29578 0.13363 11.4706 0 0 11.8993 11.6036 
29200 0.292872 0.133764 11.2601 0 0 11.6861 11.3932 
29400 0.289971 0.133897 11.0504 0 0 11.4737 11.1836 
29600 0.287076 0.13403 10.8416 0 0 11.2623 10.9749 
29800 0.284237 0.134166 10.642 0 0 11.0606 10.7753 
30000 0.281398 0.134301 10.4423 0 0 10.8589 10.5757 
30200 0.278603 0.134427 10.2496 0 0 10.6623 10.3832 
30400 0.275925 0.134554 10.0672 0 0 10.4784 10.2018 
30600 0.273247 0.13468 9.88472 0 0 10.2944 10.0204 
30800 0.270604 0.134805 9.70602 0 0 10.1138 9.84251 
31000 0.268042 0.134923 9.53606 0 0 9.94134 9.67258 
31200 0.265479 0.135042 9.3661 0 0 9.76884 9.50266 
31400 0.262958 0.135156 9.20052 0 0 9.60046 9.33681 
31600 0.260533 0.135262 9.04515 0 0 9.4417 9.18048 
31800 0.258107 0.135367 8.88977 0 0 9.28294 9.02415 
32000 0.255692 0.135474 8.73583 0 0 9.12598 8.86964 
32200 0.25332 0.135587 8.58757 0 0 8.97627 8.72241 
32400 0.250948 0.1357 8.43932 0 0 8.82655 8.57517 
32600 0.248588 0.135811 8.29232 0 0 8.67799 8.42909 
32800 0.246347 0.135908 8.15654 0 0 8.53988 8.29334 
33000 0.244105 0.136005 8.02076 0 0 8.40177 8.15759 
33200 0.241863 0.136101 7.88498 0 0 8.26366 8.02183 
33400 0.239703 0.136195 7.75716 0 0 8.13355 7.89405 
33600 0.237551 0.136288 7.63022 0 0 8.00433 7.76716 
33800 0.235399 0.136382 7.50329 0 0 7.87511 7.64026 
34000 0.233297 0.136472 7.38135 0 0 7.75152 7.51834 
34200 0.231222 0.13656 7.2621 0 0 7.63094 7.3991 
34400 0.229147 0.136649 7.14285 0 0 7.51037 7.27986 
34600 0.227113 0.136736 7.02739 0 0 7.39297 7.1641 
34800 0.225153 0.13682 6.91896 0 0 7.28148 7.05482 
35000 0.223194 0.136905 6.81053 0 0 7.16998 6.94554 
35200 0.221234 0.136989 6.7021 0 0 7.05848 6.83625 
35400 0.219323 0.13706 6.59808 0 0 6.95312 6.73306 
35600 0.217413 0.137131 6.49429 0 0 6.84808 6.6302 
35800 0.215504 0.137201 6.3905 0 0 6.74303 6.52733 
36000 0.213659 0.137274 6.29205 0 0 6.64289 6.42929 
36200 0.211868 0.137348 6.19797 0 0 6.54676 6.3352 
36400 0.210076 0.137423 6.10389 0 0 6.45063 6.24111 
36600 0.208285 0.137498 6.00981 0 0 6.3545 6.14702 
36800 0.206545 0.137563 5.92014 0 0 6.26362 6.05738 
37000 0.204805 0.137629 5.83047 0 0 6.17275 5.96774 
37200 0.203065 0.137695 5.74081 0 0 6.08187 5.8781 
37400 0.201366 0.137759 5.65456 0 0 5.99407 5.79187 
37600 0.199716 0.13782 5.57249 0 0 5.91003 5.70983 
37800 0.198066 0.13788 5.49043 0 0 5.82599 5.62778 
38000 0.196416 0.137941 5.40836 0 0 5.74195 5.54573 
38200 0.19483 0.13799 5.33074 0 0 5.66303 5.46812 
38400 0.19326 0.138036 5.25424 0 0 5.5854 5.39163 
38600 0.19169 0.138081 5.17773 0 0 5.50776 5.31513 
38800 0.190123 0.138128 5.10144 0 0 5.43034 5.23888 
39000 0.188593 0.138184 5.0291 0 0 5.35689 5.16736 
39200 0.187063 0.138241 4.95677 0 0 5.28344 5.09583 
39400 0.185533 0.138297 4.88443 0 0 5.20999 5.0243 
39600 0.184027 0.13835 4.81387 0 0 5.13777 4.95391 
39800 0.182576 0.138392 4.74743 0 0 5.06844 4.88617 
40000 0.181125 0.138434 4.68099 0 0 4.99911 4.81844 
40200 0.179707 0.138473 4.61671 0 0 4.93455 4.75416 
40400 0.178299 0.138512 4.55348 0 0 4.87041 4.69092 
40600 0.176917 0.138552 4.9778 0 0 5.29292 5.11524 
40800 0.175537 0.138592 4.91022 0 0 5.22355 5.04765 
41000 0.174157 0.138633 4.84264 0 0 5.15417 4.98007 
41200 0.1728 0.138672 4.77695 0 0 5.08703 4.91437 
41400 0.171473 0.138711 4.71356 0 0 5.02262 4.85099 
41600 0.170146 0.138749 4.65017 0 0 4.95822 4.7876 
41800 0.16882 0.138788 4.58678 0 0 4.89381 4.72422 
42000 0.167521 0.138824 4.52525 0 0 4.83126 4.66302 
42200 0.166258 0.138859 4.46599 0 0 4.77099 4.60448 
42400 0.164994 0.138894 4.40674 0 0 4.71072 4.54594 
42600 0.163731 0.138929 4.34748 0 0 4.65045 4.4874 
42800 0.162486 0.13896 4.28987 0 0 4.59158 4.43 
43000 0.161275 0.138984 4.23529 0 0 4.53532 4.3747 
43200 0.160064 0.139008 4.18072 0 0 4.47905 4.3194 
43400 0.158853 0.139032 4.12614 0 0 4.42278 4.26411 
43600 0.157655 0.139056 4.07244 0 0 4.36754 4.20982 
43800 0.156512 0.139078 4.0222 0 0 4.31636 4.15958 
44000 0.155368 0.139101 3.97197 0 0 4.26518 4.10934 
44200 0.154225 0.139123 3.92174 0 0 4.21401 4.0591 
44400 0.153081 0.139145 3.8715 0 0 4.16283 4.00885 
44600 0.151971 0.139164 3.82343 0 0 4.11383 3.96079 
44800 0.150865 0.139182 3.77559 0 0 4.06506 3.91297 
45000 0.14976 0.139201 3.72776 0 0 4.0163 3.86514 
45200 0.148654 0.139219 3.67992 0 0 3.96753 3.81732 
45400 0.147585 0.139237 3.63446 0 0 3.92116 3.77184 
45600 0.146541 0.139254 3.59058 0 0 3.87638 3.72793 
45800 0.145497 0.139272 3.5467 0 0 3.8316 3.68401 
46000 0.144452 0.139289 3.50282 0 0 3.78682 3.64009 
46200 0.143414 0.139307 3.45935 0 0 3.74245 3.59666 
46400 0.142409 0.139324 3.41822 0 0 3.70043 3.55597 
46600 0.141403 0.139341 3.37708 0 0 3.65841 3.51528 
46800 0.140398 0.139358 3.33595 0 0 3.61638 3.4746 
47000 0.139393 0.139376 3.29481 0 0 3.57436 3.43391 
47200 0.138422 0.139385 3.25565 0 0 3.53416 3.39495 
47400 0.13747 0.139391 3.21755 0 0 3.49493 3.35693 
47600 0.136518 0.139396 3.17945 0 0 3.45571 3.3189 
47800 0.135567 0.139402 3.14134 0 0 3.41648 3.28087 
48000 0.134617 0.139408 3.10338 0 0 3.37741 3.24298 
48200 0.133711 0.13942 3.06812 0 0 3.34125 3.20764 
48400 0.132806 0.139432 3.03286 0 0 3.30508 3.1723 
48600 0.1319 0.139444 2.9976 0 0 3.26892 3.13695 
48800 0.130994 0.139456 2.96233 0 0 3.23276 3.10161 
49000 0.130103 0.139465 2.92793 0 0 3.19749 3.06719 
49200 0.129239 0.139469 2.89511 0 0 3.16387 3.03448 
49400 0.128375 0.139474 2.86229 0 0 3.13025 3.00177 
49600 0.12751 0.139478 2.82948 0 0 3.09664 2.96907 
49800 0.126646 0.139482 2.79666 0 0 3.06302 2.93636 
50000 0.125773 0.139473 2.7644 0 0 3.0296 2.90387 
50200 0.124949 0.13947 2.73382 0 0 2.99821 2.87333 
50400 0.124125 0.139468 2.70323 0 0 2.96683 2.84279 
50600 0.1233 0.139466 2.67265 0 0 2.93545 2.81225 
50800 0.122476 0.139464 2.64207 0 0 2.90406 2.78171 
51000 0.121681 0.139463 2.61314 0 0 2.87434 2.75278 
51200 0.120898 0.139464 2.58492 0 0 2.84534 2.72455 
51400 0.120115 0.139464 2.5567 0 0 2.81633 2.69631 
51600 0.119332 0.139465 2.52848 0 0 2.78733 2.66808 
51800 0.118549 0.139466 2.50026 0 0 2.75833 2.63984 
52000 0.117787 0.139464 2.47326 0 0 2.73052 2.61278 
52200 0.117034 0.139461 2.44679 0 0 2.70322 2.58622 
52400 0.116281 0.139458 2.42031 0 0 2.67593 2.55967 
52600 0.115529 0.139456 2.39384 0 0 2.64863 2.53311 
52800 0.114776 0.139453 2.36737 0 0 2.62134 2.50656 
53000 0.114051 0.139448 2.34225 0 0 2.5955 2.48144 
53200 0.113342 0.139442 2.31786 0 0 2.57045 2.4571 
53400 0.112633 0.139436 2.29348 0 0 2.54539 2.43275 
53600 0.111923 0.13943 2.26909 0 0 2.52034 2.40841 
53800 0.111214 0.139424 2.24471 0 0 2.49528 2.38407 
54000 0.110517 0.139415 2.22099 0 0 2.47089 2.36039 
54200 0.109836 0.139404 2.1981 0 0 2.44731 2.33752 
54400 0.109155 0.139392 2.1752 0 0 2.42373 2.31466 
54600 0.108474 0.139381 2.1523 0 0 2.40015 2.2918 
54800 0.107792 0.139369 2.1294 0 0 2.37656 2.26893 
55000 0.107118 0.139358 2.10683 0 0 2.35331 2.24638 
55200 0.10647 0.139349 2.08555 0 0 2.33136 2.22508 
55400 0.105822 0.139339 2.06427 0 0 2.30941 2.20378 
55600 0.105175 0.13933 2.043 0 0 2.28746 2.18248 
55800 0.104527 0.139321 2.02172 0 0 2.26551 2.16118 
56000 0.103879 0.139312 2.00044 0 0 2.24356 2.13988 
56200 0.103264 0.139295 1.9806 0 0 2.2231 2.12001 
56400 0.102654 0.139278 1.961 0 0 2.20289 2.1004 
56600 0.102045 0.13926 1.94141 0 0 2.18268 2.08078 
56800 0.101436 0.139243 1.92182 0 0 2.16247 2.06116 
57000 0.100826 0.139225 1.90223 0 0 2.14226 2.04154 
57200 0.100225 0.139208 1.88313 0 0 2.12253 2.0224 
57400 0.0996411 0.13919 1.86493 0 0 2.1037 2.00413 
57600 0.0990568 0.139172 1.84674 0 0 2.08486 1.98586 
57800 0.0984726 0.139154 1.82854 0 0 2.06602 1.96759 
58000 0.0978883 0.139136 1.81035 0 0 2.04719 1.94932 
58200 0.097304 0.139118 1.79215 0 0 2.02835 1.93105 
58400 0.0967452 0.139104 1.77486 0 0 2.01048 1.91376 
58600 0.096195 0.139091 1.75788 0 0 1.99294 1.89681 
58800 0.0956448 0.139078 1.74089 0 0 1.97539 1.87985 
59000 0.0950946 0.139065 1.72391 0 0 1.95785 1.8629 
59200 0.0945444 0.139053 1.70692 0 0 1.94031 1.84594 
59400 0.0939946 0.139039 1.68998 0 0 1.92281 1.82902 
59600 0.0934531 0.139012 1.67382 0 0 1.90614 1.81284 
59800 0.0929115 0.138985 1.65767 0 0 1.88948 1.79666 
60000 0.09237 0.138958 1.64152 0 0 1.87281 1.78048 
60200 0.0918493 0.138934 1.62611 0 0 1.85692 1.76503 
60400 0.0913287 0.13891 1.61069 0 0 1.84103 1.74959 
60600 0.0908122 0.138887 1.59546 0 0 1.82531 1.73433 
60800 0.0903078 0.138866 1.5808 0 0 1.81006 1.71964 
61000 0.0898035 0.138845 1.56614 0 0 1.79482 1.70496 
61200 0.0892991 0.138824 1.55148 0 0 1.77957 1.69027 
61400 0.0887948 0.138803 1.53682 0 0 1.76433 1.67558 
61600 0.0882904 0.138782 1.52216 0 0 1.74909 1.6609 
61800 0.0877969 0.138759 1.50787 0 0 1.73426 1.64659 
62000 0.0873236 0.138731 1.4943 0 0 1.72022 1.63298 
62200 0.0868503 0.138704 1.48072 0 0 1.70617 1.61938 
62400 0.0863769 0.138676 1.46714 0 0 1.69213 1.60577 
62600 0.0859036 0.138649 1.45356 0 0 1.67809 1.59216 
62800 0.0854303 0.138622 1.43999 0 0 1.66404 1.57856 
63000 0.0849629 0.138596 1.42669 0 0 1.65028 1.56524 
63200 0.0845093 0.138575 1.41406 0 0 1.63715 1.5526 
63400 0.0840558 0.138554 1.40143 0 0 1.62402 1.53995 
63600 0.0836022 0.138533 1.38879 0 0 1.61089 1.52731 
63800 0.0831487 0.138512 1.37616 0 0 1.59776 1.51466 
64000 0.0826951 0.138491 1.36352 0 0 1.58464 1.50202 
64200 0.0822453 0.138469 1.35102 0 0 1.57164 1.4895 
64400 0.0818164 0.138441 1.33925 0 0 1.55942 1.47771 
64600 0.0813875 0.138414 1.32749 0 0 1.54719 1.46592 
64800 0.0809586 0.138386 1.31572 0 0 1.53497 1.45412 
65000 0.0805297 0.138359 1.30395 0 0 1.52275 1.44233 
65200 0.0801007 0.138332 1.29218 0 0 1.51052 1.43054 
65400 0.0796718 0.138304 1.28041 0 0 1.4983 1.41874 
65600 0.0792584 0.138271 1.26944 0 0 1.48686 1.40772 
65800 0.0788466 0.138237 1.25854 0 0 1.47552 1.39679 
66000 0.0784349 0.138203 1.24765 0 0 1.46417 1.38585 
66200 0.0780232 0.138168 1.23676 0 0 1.45282 1.37491 
66400 0.0776114 0.138134 1.22587 0 0 1.44148 1.36398 
66600 0.0771997 0.1381 1.21498 0 0 1.43013 1.35304 
66800 0.0768011 0.138069 1.20449 0 0 1.41923 1.34253 
67000 0.0764156 0.138042 1.19441 0 0 1.40878 1.33243 
67200 0.0760301 0.138014 1.18432 0 0 1.39832 1.32233 
67400 0.0756445 0.137986 1.17424 0 0 1.38786 1.31223 
67600 0.075259 0.137959 1.16415 0 0 1.37741 1.30213 
67800 0.0748735 0.137931 1.15406 0 0 1.36695 1.29203 
68000 0.074488 0.137903 1.14398 0 0 1.3565 1.28193 
68200 0.0741184 0.13787 1.13458 0 0 1.34668 1.27249 
68400 0.0737497 0.137836 1.12523 0 0 1.3369 1.26309 
68600 0.0733809 0.137803 1.11587 0 0 1.32711 1.25369 
68800 0.0730122 0.137769 1.10651 0 0 1.31733 1.24429 
69000 0.0726435 0.137735 1.09715 0 0 1.30755 1.23489 
69200 0.0722747 0.137702 1.0878 0 0 1.29776 1.22549 
69400 0.0719109 0.137668 1.07862 0 0 1.28818 1.21627 
69600 0.0715586 0.137634 1.06987 0 0 1.27905 1.20749 
69800 0.0712063 0.1376 1.06111 0 0 1.26992 1.1987 
70000 0.070854 0.137566 1.05236 0 0 1.26079 1.18992 
70200 0.0705017 0.137532 1.04361 0 0 1.25166 1.18114 
70400 0.0701494 0.137498 1.03485 0 0 1.24253 1.17235 
70600 0.0697971 0.137464 1.0261 0 0 1.2334 1.16357 
70800 0.0694553 0.13743 1.01772 0 0 1.22462 1.15513 
71000 0.0691219 0.137395 1.00963 0 0 1.21614 1.14698 
71200 0.0687886 0.13736 1.00155 0 0 1.20765 1.13882 
71400 0.0684553 0.137325 0.993473 0 0 1.19916 1.13067 
71600 0.068122 0.13729 0.985393 0 0 1.19067 1.12252 
71800 0.0677886 0.137254 0.977312 0 0 1.18219 1.11436 
72000 0.0674553 0.137219 0.969231 0 0 1.1737 1.10621 
72200 0.0671333 0.137185 0.961523 0 0 1.16563 1.09846 
72400 0.0668175 0.13715 0.954016 0 0 1.15778 1.09092 
72600 0.0665016 0.137115 0.946509 0 0 1.14993 1.08338 
72800 0.0661857 0.13708 0.939002 0 0 1.14209 1.07585 
73000 0.0658698 0.137045 0.931495 0 0 1.13424 1.06831 
73200 0.0655539 0.13701 0.923988 0 0 1.12639 1.06077 
73400 0.065238 0.136975 0.91648 0 0 1.11854 1.05323 
73600 0.0649323 0.136938 0.909295 0 0 1.11104 1.04604 
73800 0.0646333 0.1369 0.902324 0 0 1.10376 1.03908 
74000 0.0643343 0.136862 0.895352 0 0 1.09648 1.03212 
74200 0.0640353 0.136823 0.888381 0 0 1.0892 1.02516 
74400 0.0637363 0.136785 0.88141 0 0 1.08192 1.0182 
74600 0.0634373 0.136746 0.874439 0 0 1.07464 1.01124 
74800 0.0631382 0.136708 0.867467 0 0 1.06736 1.00428 
75000 0.0628436 0.136671 0.8607 0 0 1.06028 0.99749 
75200 0.0625553 0.136637 0.854238 0 0 1.05349 0.990957 
75400 0.0622671 0.136602 0.847777 0 0 1.0467 0.984424 
75600 0.0619789 0.136568 0.841315 0 0 1.03991 0.97789 
75800 0.0616907 0.136533 0.834853 0 0 1.03312 0.971357 
76000 0.0614025 0.136499 0.828392 0 0 1.02633 0.964824 
76200 0.0611143 0.136464 0.82193 0 0 1.01954 0.95829 
76400 0.0608282 0.136429 0.815518 0 0 1.0128 0.951812 
76600 0.060561 0.136392 0.809552 0 0 1.00652 0.945829 
76800 0.0602939 0.136354 0.803586 0 0 1.00023 0.939845 
77000 0.0600268 0.136316 0.797621 0 0 0.99395 0.933862 
77200 0.0597597 0.136279 0.791655 0 0 0.987665 0.927878 
77400 0.0594926 0.136241 0.785689 0 0 0.981381 0.921894 
77600 0.0592255 0.136203 0.779724 0 0 0.975096 0.915911 
77800 0.0589584 0.136166 0.773758 0 0 0.968811 0.909927 
78000 0.0586967 0.136127 0.768034 0 0 0.962791 0.904151 
78200 0.0584385 0.136088 0.762471 0 0 0.956946 0.898513 
78400 0.0581803 0.136048 0.756907 0 0 0.951102 0.892876 
78600 0.0579221 0.136009 0.751344 0 0 0.945257 0.887238 
78800 0.0576639 0.13597 0.745781 0 0 0.939413 0.8816 
79000 0.0574057 0.13593 0.740218 0 0 0.933568 0.875962 
79200 0.0571475 0.135891 0.734655 0 0 0.927724 0.870324 
79400 0.0568893 0.135851 0.729091 0 0 0.921879 0.864686 
79600 0.0566391 0.13581 0.723782 0 0 0.916276 0.859444 
79800 0.056389 0.135769 0.718473 0 0 0.910672 0.854202 
80000 0.0561388 0.135727 0.713163 0 0 0.905069 0.84896 
80200 0.0558935 0.135689 0.708053 0 0 0.899686 0.843817 
80400 0.0556482 0.135652 0.702944 0 0 0.894303 0.838673 
80600 0.0554029 0.135614 0.697834 0 0 0.88892 0.83353 
80800 0.0551576 0.135576 0.692724 0 0 0.883537 0.828387 
81000 0.0549166 0.135537 0.687703 0 0 0.878243 0.823323 
81200 0.0546884 0.135495 0.682946 0 0 0.873219 0.818499 
81400 0.0544602 0.135454 0.678189 0 0 0.868195 0.813674 
81600 0.054232 0.135413 0.673432 0 0 0.863172 0.808849 
81800 0.0540038 0.135371 0.668675 0 0 0.858148 0.804025 
82000 0.0537756 0.13533 0.663918 0 0 0.853124 0.7992 
82200 0.0535474 0.135288 0.659161 0 0 0.8481 0.794375 
82400 0.0533192 0.135247 0.654404 0 0 0.843076 0.789551 
82600 0.0530934 0.135206 0.649741 0 0 0.838137 0.784831 
82800 0.0528731 0.135166 0.6453 0 0 0.833396 0.780358 
83000 0.0526529 0.135126 0.640858 0 0 0.828655 0.775885 
83200 0.0524327 0.135086 0.636416 0 0 0.823914 0.771412 
83400 0.0522124 0.135046 0.631975 0 0 0.819174 0.766939 
83600 0.0519922 0.135006 0.627533 0 0 0.814433 0.762465 
83800 0.0517719 0.134966 0.623092 0 0 0.809692 0.757992 
84000 0.0515517 0.134926 0.61865 0 0 0.804951 0.753519 
84200 0.051334 0.134886 0.614289 0 0 0.800311 0.749126 
84400 0.0511242 0.134845 0.610168 0 0 0.795972 0.744975 
84600 0.0509143 0.134805 0.606048 0 0 0.791634 0.740824 
84800 0.0507044 0.134764 0.601928 0 0 0.787295 0.736673 
85000 0.0504946 0.134724 0.597808 0 0 0.782957 0.732522 
85200 0.0502847 0.134683 0.593687 0 0 0.778618 0.728371 
85400 0.0500748 0.134643 0.589567 0 0 0.774279 0.72422 
85600 0.0498649 0.134602 0.585447 0 0 0.769941 0.720069 
85800 0.0496551 0.134562 0.581326 0 0 0.765602 0.715918 
86000 0.0494564 0.134519 0.577498 0 0 0.761523 0.712058 
86200 0.0492578 0.134476 0.57367 0 0 0.757445 0.708198 
86400 0.0490591 0.134433 0.569842 0 0 0.753366 0.704338 
86600 0.0488604 0.134391 0.566014 0 0 0.749287 0.700478 
86800 0.0486618 0.134348 0.562186 0 0 0.745208 0.696618 
87000 0.0484631 0.134305 0.558358 0 0 0.741129 0.692758 
87200 0.0482645 0.134262 0.55453 0 0 0.73705 0.688898 
87400 0.0480658 0.134219 0.550702 0 0 0.732971 0.685038 
87600 0.0478733 0.134177 0.547064 0 0 0.729086 0.681346 
87800 0.0476841 0.134136 0.543528 0 0 0.725305 0.677745 
88000 0.0474949 0.134095 0.539993 0 0 0.721523 0.674143 
88200 0.0473057 0.134054 0.536458 0 0 0.717742 0.670542 
88400 0.0471165 0.134013 0.532922 0 0 0.713961 0.66694 
88600 0.0469273 0.133972 0.529387 0 0 0.71018 0.663339 
88800 0.046738 0.133931 0.525851 0 0 0.706399 0.659738 
89000 0.0465488 0.133889 0.522316 0 0 0.702617 0.656136 
89200 0.0463609 0.133848 0.518805 0 0 0.698868 0.652562 
89400 0.046184 0.133806 0.515513 0 0 0.695405 0.649239 
89600 0.0460072 0.133764 0.512222 0 0 0.691941 0.645915 
89800 0.0458304 0.133721 0.50893 0 0 0.688478 0.642591 
90000 0.0456535 0.133679 0.505639 0 0 0.685014 0.639268 
90200 0.0454767 0.133637 0.502347 0 0 0.681551 0.635944 
90400 0.0452999 0.133595 0.499055 0 0 0.678087 0.63262 
90600 0.045123 0.133552 0.495764 0 0 0.674624 0.629297 
90800 0.0449462 0.13351 0.492472 0 0 0.67116 0.625973 
91000 0.044772 0.133468 0.489278 0 0 0.667761 0.622736 
91200 0.0446027 0.133428 0.486266 0 0 0.664482 0.619659 
91400 0.0444334 0.133387 0.483253 0 0 0.661203 0.616583 
91600 0.0442641 0.133346 0.48024 0 0 0.657924 0.613506 
91800 0.0440948 0.133305 0.477228 0 0 0.654645 0.61043 
92000 0.0439255 0.133265 0.474215 0 0 0.651366 0.607353 
92200 0.0437562 0.133224 0.471202 0 0 0.648087 0.604277 
92400 0.0435869 0.133183 0.46819 0 0 0.644808 0.6012 
92600 0.0434176 0.133142 0.465177 0 0 0.641529 0.598124 
92800 0.0432516 0.1331 0.462242 0 0 0.638373 0.595139 
93000 0.0430897 0.133055 0.459401 0 0 0.635368 0.592267 
93200 0.0429278 0.13301 0.456561 0 0 0.632363 0.589395 
93400 0.0427658 0.132966 0.45372 0 0 0.629358 0.586523 
93600 0.0426039 0.132921 0.45088 0 0 0.626352 0.58365 
93800 0.042442 0.132876 0.448039 0 0 0.623347 0.580778 
94000 0.04228 0.132832 0.445199 0 0 0.620342 0.577906 
94200 0.0421181 0.132787 0.442358 0 0 0.617337 0.575034 
94400 0.0419561 0.132742 0.439518 0 0 0.614332 0.572162 
94600 0.0417973 0.132698 0.436761 0 0 0.6114 0.569374 
94800 0.041643 0.132654 0.43413 0 0 0.608578 0.566714 
95000 0.0414887 0.132611 0.431499 0 0 0.605757 0.564054 
95200 0.0413344 0.132567 0.428869 0 0 0.602935 0.561394 
95400 0.0411801 0.132523 0.426238 0 0 0.600113 0.558734 
95600 0.0410258 0.13248 0.423607 0 0 0.597291 0.556074 
95800 0.0408715 0.132436 0.420976 0 0 0.59447 0.553414 
96000 0.0407173 0.132392 0.418345 0 0 0.591648 0.550754 
96200 0.040563 0.132348 0.415714 0 0 0.588826 0.548094 
96400 0.0404102 0.132305 0.413117 0 0 0.586033 0.545462 
96600 0.0402659 0.132265 0.410708 0 0 0.583404 0.542988 
96800 0.0401217 0.132224 0.408298 0 0 0.580774 0.540514 
97000 0.0399774 0.132184 0.405889 0 0 0.578145 0.53804 
97200 0.0398332 0.132143 0.40348 0 0 0.575515 0.535567 
97400 0.0396889 0.132103 0.40107 0 0 0.572886 0.533093 
97600 0.0395446 0.132062 0.398661 0 0 0.570257 0.530619 
97800 0.0394004 0.132022 0.396252 0 0 0.567627 0.528146 
98000 0.0392561 0.131981 0.393843 0 0 0.564998 0.525672 
98200 0.0391119 0.131941 0.391433 0 0 0.562368 0.523198 
98400 0.0389725 0.131897 0.389131 0 0 0.55989 0.520858 
98600 0.0388348 0.131853 0.386864 0 0 0.557462 0.518562 
98800 0.038697 0.131809 0.384598 0 0 0.555035 0.516267 
99000 0.0385593 0.131764 0.382331 0 0 0.552607 0.513971 
99200 0.0384216 0.13172 0.380065 0 0 0.550179 0.511675 
99400 0.0382838 0.131675 0.377798 0 0 0.547752 0.509379 
99600 0.0381461 0.131631 0.375531 0 0 0.545324 0.507084 
99800 0.0380084 0.131587 0.373265 0 0 0.542897 0.504788 
100000 0.0378706 0.131542 0.370998 0 0 0.540469 0.502492 
100200 0.0377572 0.13152 0.369236 0 0 0.538362 0.500699 
100400 0.0376223 0.131475 0.367075 0 0 0.536047 0.498506 
100600 0.0374874 0.13143 0.364915 0 0 0.533732 0.496313 
100800 0.0373525 0.131385 0.362754 0 0 0.531418 0.49412 
101000 0.0372176 0.13134 0.360594 0 0 0.529103 0.491927 
101200 0.0370827 0.131295 0.358433 0 0 0.526789 0.489734 
101400 0.0369478 0.13125 0.356273 0 0 0.524474 0.487541 
101600 0.0368129 0.131205 0.354112 0 0 0.522159 0.485348 
101800 0.0366779 0.13116 0.351952 0 0 0.519845 0.483155 
102000 0.036543 0.131115 0.349791 0 0 0.51753 0.480961 
102200 0.0364137 0.13107 0.347746 0 0 0.515311 0.478876 
102400 0.0362898 0.131024 0.345816 0 0 0.513188 0.476898 
102600 0.0361659 0.130979 0.343887 0 0 0.511065 0.474919 
102800 0.036042 0.130934 0.341957 0 0 0.508942 0.472941 
103000 0.0359181 0.130889 0.340027 0 0 0.506819 0.470963 
103200 0.0357942 0.130844 0.338097 0 0 0.504695 0.468985 
103400 0.0356703 0.130798 0.336168 0 0 0.502572 0.467006 
103600 0.0355464 0.130753 0.334238 0 0 0.500449 0.465028 
103800 0.0354226 0.130708 0.332308 0 0 0.498326 0.46305 
104000 0.0352987 0.130663 0.330379 0 0 0.496203 0.461072 
104200 0.0351797 0.13062 0.328544 0 0 0.494194 0.45919 
104400 0.0350655 0.130578 0.326805 0 0 0.4923 0.457404 
104600 0.0349514 0.130537 0.325066 0 0 0.490406 0.455619 
104800 0.0348372 0.130496 0.323328 0 0 0.488512 0.453833 
105000 0.0347231 0.130455 0.321589 0 0 0.486618 0.452048 
105200 0.0346089 0.130413 0.31985 0 0 0.484724 0.450262 
105400 0.0344948 0.130372 0.318111 0 0 0.48283 0.448477 
105600 0.0343806 0.130331 0.316372 0 0 0.480936 0.446691 
105800 0.0342665 0.13029 0.314633 0 0 0.479042 0.444905 
106000 0.0341524 0.130248 0.312894 0 0 0.477147 0.44312 
106200 0.0340382 0.130207 0.311155 0 0 0.475253 0.441334 
106400 0.0339223 0.130161 0.309432 0 0 0.473368 0.439563 
106600 0.0338063 0.130116 0.307709 0 0 0.471483 0.437791 
106800 0.0336904 0.13007 0.305986 0 0 0.469598 0.43602 
107000 0.0335744 0.130024 0.304263 0 0 0.467713 0.434248 
107200 0.0334585 0.129978 0.30254 0 0 0.465828 0.432476 
107400 0.0333425 0.129932 0.300816 0 0 0.463943 0.430705 
107600 0.0332266 0.129887 0.299093 0 0 0.462058 0.428933 
107800 0.0331106 0.129841 0.29737 0 0 0.460173 0.427162 
108000 0.0329947 0.129795 0.295647 0 0 0.458288 0.42539 
108200 0.0328787 0.129749 0.293924 0 0 0.456403 0.423619 
108400 0.0327767 0.129707 0.292441 0 0 0.454783 0.422101 
108600 0.0326746 0.129665 0.290958 0 0 0.453164 0.420584 
108800 0.0325725 0.129623 0.289475 0 0 0.451544 0.419067 
109000 0.0324704 0.129581 0.287992 0 0 0.449925 0.41755 
109200 0.0323683 0.129538 0.286509 0 0 0.448305 0.416032 
109400 0.0322662 0.129496 0.285025 0 0 0.446686 0.414515 
109600 0.0321642 0.129454 0.283542 0 0 0.445066 0.412998 
109800 0.0320621 0.129412 0.282059 0 0 0.443447 0.41148 
110000 0.03196 0.12937 0.280576 0 0 0.441827 0.409963 
110200 0.0318579 0.129328 0.279093 0 0 0.440208 0.408446 
110400 0.0317558 0.129285 0.27761 0 0 0.438588 0.406929 
110600 0.0316526 0.129244 0.276145 0 0 0.436989 0.405418 
110800 0.0315493 0.129202 0.274679 0 0 0.43539 0.403907 
111000 0.031446 0.12916 0.273214 0 0 0.433791 0.402397 
111200 0.0313427 0.129119 0.271748 0 0 0.432192 0.400886 
111400 0.0312395 0.129077 0.270283 0 0 0.430593 0.399375 
111600 0.0311362 0.129035 0.268817 0 0 0.428994 0.397864 
111800 0.0310329 0.128993 0.267352 0 0 0.427395 0.396354 
112000 0.0309297 0.128952 0.265886 0 0 0.425796 0.394843 
112200 0.0308264 0.12891 0.264421 0 0 0.424197 0.393332 
112400 0.0307231 0.128868 0.262955 0 0 0.422598 0.391822 
112600 0.0306238 0.128826 0.261561 0 0 0.421065 0.390384 
112800 0.0305284 0.128782 0.260238 0 0 0.419597 0.389018 
113000 0.030433 0.128739 0.258915 0 0 0.41813 0.387653 
113200 0.0303376 0.128696 0.257593 0 0 0.416662 0.386287 
113400 0.0302422 0.128653 0.25627 0 0 0.415194 0.384922 
113600 0.0301469 0.128609 0.254947 0 0 0.413727 0.383556 
113800 0.0300515 0.128566 0.253624 0 0 0.412259 0.382191 
114000 0.0299561 0.128523 0.252301 0 0 0.410791 0.380825 
114200 0.0298607 0.12848 0.250979 0 0 0.409324 0.37946 
114400 0.0297653 0.128436 0.249656 0 0 0.407856 0.378095 
114600 0.0296699 0.128393 0.248333 0 0 0.406388 0.376729 
114800 0.0295781 0.128349 0.247073 0 0 0.404991 0.375427 
115000 0.0294898 0.128305 0.245877 0 0 0.403665 0.374189 
115200 0.0294015 0.12826 0.244681 0 0 0.402338 0.372951 
115400 0.0293132 0.128216 0.243485 0 0 0.401012 0.371713 
115600 0.0292249 0.128172 0.242289 0 0 0.399686 0.370475 
115800 0.0291366 0.128127 0.241093 0 0 0.398359 0.369237 
116000 0.0290483 0.128083 0.239897 0 0 0.397033 0.367999 
116200 0.02896 0.128038 0.238701 0 0 0.395707 0.366761 
116400 0.0288717 0.127994 0.237505 0 0 0.39438 0.365523 
116600 0.0287834 0.127949 0.236308 0 0 0.393054 0.364285 
116800 0.0286951 0.127905 0.235112 0 0 0.391728 0.363047 
117000 0.0286069 0.12786 0.233916 0 0 0.390401 0.361809 
117200 0.0285176 0.127816 0.232738 0 0 0.389088 0.360585 
117400 0.0284284 0.127772 0.23156 0 0 0.387775 0.35936 
117600 0.0283392 0.127728 0.230382 0 0 0.386462 0.358135 
117800 0.02825 0.127684 0.229203 0 0 0.385149 0.35691 
118000 0.0281608 0.127639 0.228025 0 0 0.383836 0.355685 
118200 0.0280716 0.127595 0.226847 0 0 0.382523 0.35446 
118400 0.0279824 0.127551 0.225669 0 0 0.38121 0.353235 
118600 0.0278932 0.127507 0.22449 0 0 0.379897 0.35201 
118800 0.027804 0.127463 0.223312 0 0 0.378584 0.350785 
119000 0.0277148 0.127419 0.222134 0 0 0.377271 0.34956 
119200 0.0276256 0.127375 0.220956 0 0 0.375958 0.348336 
119400 0.0275463 0.127335 0.219934 0 0 0.374815 0.347271 
119600 0.0274669 0.127294 0.218912 0 0 0.373672 0.346206 
119800 0.0273876 0.127254 0.21789 0 0 0.372528 0.345142 
120000 0.0273083 0.127214 0.216867 0 0 0.371385 0.344077 
120200 0.027229 0.127174 0.215845 0 0 0.370242 0.343013 
120400 0.0271497 0.127134 0.214823 0 0 0.369098 0.341948 
120600 0.0270703 0.127094 0.213801 0 0 0.367955 0.340883 
120800 0.026991 0.127054 0.212779 0 0 0.366812 0.339819 
121000 0.0269117 0.127014 0.211757 0 0 0.365668 0.338754 
121200 0.0268324 0.126974 0.210735 0 0 0.364525 0.33769 
121400 0.0267531 0.126934 0.209713 0 0 0.363382 0.336625 
121600 0.0266737 0.126894 0.208691 0 0 0.362239 0.33556 
121800 0.0265971 0.126851 0.207724 0 0 0.361153 0.334552 
122000 0.0265204 0.126808 0.206757 0 0 0.360068 0.333544 
122200 0.0264438 0.126765 0.205791 0 0 0.358983 0.332536 
122400 0.0263672 0.126722 0.204824 0 0 0.357898 0.331528 
122600 0.0262905 0.126679 0.203857 0 0 0.356813 0.33052 
122800 0.0262139 0.126636 0.20289 0 0 0.355728 0.329512 
123000 0.0261372 0.126593 0.201924 0 0 0.354643 0.328504 
123200 0.0260606 0.12655 0.200957 0 0 0.353558 0.327496 
123400 0.0259839 0.126507 0.19999 0 0 0.352473 0.326488 
123600 0.0259073 0.126464 0.199024 0 0 0.351388 0.32548 
123800 0.0258306 0.126421 0.198057 0 0 0.350303 0.324472 
124000 0.025754 0.126378 0.19709 0 0 0.349218 0.323464 
124200 0.02568 0.126334 0.196178 0 0 0.34819 0.322509 
124400 0.025606 0.126291 0.195266 0 0 0.347162 0.321554 
124600 0.0255319 0.126247 0.194353 0 0 0.346135 0.320599 
124800 0.0254579 0.126204 0.193441 0 0 0.345107 0.319644 
125000 0.0253839 0.12616 0.192529 0 0 0.344079 0.318688 
125200 0.0253099 0.126117 0.191617 0 0 0.343052 0.317733 
125400 0.0252358 0.126073 0.190705 0 0 0.342024 0.316778 
125600 0.0251618 0.12603 0.189793 0 0 0.340996 0.315823 
125800 0.0250878 0.125987 0.18888 0 0 0.339969 0.314868 
126000 0.0250137 0.125943 0.187968 0 0 0.338941 0.313913 
126200 0.0249397 0.1259 0.187056 0 0 0.337913 0.312957 
126400 0.0248657 0.125856 0.186144 0 0 0.336886 0.312002 
126600 0.024794 0.125815 0.185281 0 0 0.335908 0.311098 
126800 0.0247223 0.125773 0.184419 0 0 0.334931 0.310194 
127000 0.0246507 0.125731 0.183556 0 0 0.333953 0.309289 
127200 0.024579 0.12569 0.182693 0 0 0.332975 0.308385 
127400 0.0245073 0.125648 0.18183 0 0 0.331998 0.30748 
127600 0.0244356 0.125606 0.180968 0 0 0.33102 0.306576 
127800 0.0243639 0.125565 0.180105 0 0 0.330043 0.305672 
128000 0.0242923 0.125523 0.179242 0 0 0.329065 0.304767 
128200 0.0242206 0.125482 0.17838 0 0 0.328088 0.303863 
128400 0.0241489 0.12544 0.177517 0 0 0.32711 0.302959 
128600 0.0240772 0.125398 0.176654 0 0 0.326133 0.302054 
128800 0.0240055 0.125357 0.175792 0 0 0.325155 0.30115 
129000 0.0239415 0.125316 0.175041 0 0 0.324299 0.300358 
129200 0.0238775 0.125275 0.17429 0 0 0.323443 0.299566 
129400 0.0238135 0.125234 0.17354 0 0 0.322587 0.298775 
129600 0.0237495 0.125193 0.172789 0 0 0.321731 0.297983 
129800 0.0236855 0.125152 0.172038 0 0 0.320875 0.297191 
130000 0.0236215 0.125111 0.171288 0 0 0.320019 0.2964 
130200 0.0235574 0.12507 0.170537 0 0 0.319163 0.295608 
130400 0.0234934 0.125029 0.169786 0 0 0.318307 0.294816 
130600 0.0234294 0.124988 0.169036 0 0 0.317451 0.294024 
130800 0.0233654 0.124947 0.168285 0 0 0.316595 0.293233 
131000 0.0233014 0.124906 0.167534 0 0 0.315739 0.292441 
131200 0.0232374 0.124865 0.166784 0 0 0.314883 0.291649 
131400 0.0231733 0.124824 0.166033 0 0 0.314027 0.290857 
131600 0.023109 0.124782 0.165297 0 0 0.313183 0.290076 
131800 0.0230447 0.12474 0.16456 0 0 0.312338 0.289294 
132000 0.0229804 0.124698 0.163824 0 0 0.311494 0.288512 
132200 0.0229161 0.124656 0.163087 0 0 0.310649 0.28773 
132400 0.0228518 0.124615 0.162351 0 0 0.309805 0.286949 
132600 0.0227875 0.124573 0.161615 0 0 0.30896 0.286167 
132800 0.0227231 0.124531 0.160878 0 0 0.308116 0.285385 
133000 0.0226588 0.124489 0.160142 0 0 0.307271 0.284603 
133200 0.0225945 0.124447 0.159405 0 0 0.306427 0.283822 
133400 0.0225302 0.124406 0.158669 0 0 0.305582 0.28304 
133600 0.0224659 0.124364 0.157933 0 0 0.304738 0.282258 
133800 0.0224016 0.124322 0.157196 0 0 0.303893 0.281476 
134000 0.0223406 0.12428 0.156505 0 0 0.3031 0.280743 
134200 0.0222831 0.124238 0.155859 0 0 0.302357 0.280058 
134400 0.0222255 0.124196 0.155213 0 0 0.301613 0.279373 
134600 0.0221679 0.124154 0.154567 0 0 0.30087 0.278688 
134800 0.0221104 0.124112 0.153921 0 0 0.300127 0.278003 
135000 0.0220528 0.12407 0.153275 0 0 0.299384 0.277318 
135200 0.0219952 0.124028 0.152628 0 0 0.298641 0.276633 
135400 0.0219376 0.123986 0.151982 0 0 0.297898 0.275948 
135600 0.0218801 0.123944 0.151336 0 0 0.297155 0.275263 
135800 0.0218225 0.123902 0.15069 0 0 0.296412 0.274578 
136000 0.0217649 0.12386 0.150044 0 0 0.295669 0.273893 
136200 0.0217074 0.123817 0.149398 0 0 0.294926 0.273208 
136400 0.0216498 0.123775 0.148752 0 0 0.294183 0.272523 
136600 0.0215922 0.123733 0.148106 0 0 0.29344 0.271838 
136800 0.0215343 0.123692 0.147473 0 0 0.292709 0.271165 
137000 0.0214763 0.123651 0.14684 0 0 0.291977 0.270491 
137200 0.0214183 0.12361 0.146207 0 0 0.291246 0.269817 
137400 0.0213604 0.123569 0.145574 0 0 0.290514 0.269143 
137600 0.0213024 0.123528 0.144941 0 0 0.289782 0.26847 
137800 0.0212444 0.123487 0.144308 0 0 0.289051 0.267796 
138000 0.0211865 0.123446 0.143675 0 0 0.288319 0.267122 
138200 0.0211285 0.123405 0.143042 0 0 0.287588 0.266448 
138400 0.0210706 0.123364 0.142409 0 0 0.286856 0.265774 
138600 0.0210126 0.123322 0.141776 0 0 0.286124 0.265101 
138800 0.0209546 0.123281 0.141143 0 0 0.285393 0.264427 
139000 0.0208967 0.12324 0.14051 0 0 0.284661 0.263753 
139200 0.0208387 0.123199 0.139877 0 0 0.28393 0.263079 
139400 0.0207848 0.123158 0.139301 0 0 0.283258 0.262463 
139600 0.0207309 0.123117 0.138725 0 0 0.282587 0.261847 
139800 0.020677 0.123076 0.138149 0 0 0.281915 0.26123 
140000 0.0206231 0.123036 0.137573 0 0 0.281244 0.260614 
140200 0.0205692 0.122995 0.136997 0 0 0.280573 0.259998 
140400 0.0205153 0.122954 0.136421 0 0 0.279901 0.259381 
140600 0.0204614 0.122913 0.135845 0 0 0.27923 0.258765 
140800 0.0204075 0.122872 0.135269 0 0 0.278558 0.258149 
141000 0.0203535 0.122831 0.134693 0 0 0.277887 0.257532 
141200 0.0202996 0.12279 0.134117 0 0 0.277215 0.256916 
141400 0.0202457 0.122749 0.133541 0 0 0.276544 0.2563 
141600 0.0201918 0.122708 0.132965 0 0 0.275872 0.255684 
141800 0.0201379 0.122668 0.132389 0 0 0.275201 0.255067 
142000 0.0200859 0.122627 0.131839 0 0 0.274559 0.254477 
142200 0.0200357 0.122586 0.131315 0 0 0.273946 0.253912 
142400 0.0199856 0.122546 0.130792 0 0 0.273333 0.253347 
142600 0.0199354 0.122505 0.130268 0 0 0.272721 0.252782 
142800 0.0198853 0.122464 0.129744 0 0 0.272108 0.252217 
143000 0.0198351 0.122424 0.12922 0 0 0.271495 0.251652 
143200 0.019785 0.122383 0.128696 0 0 0.270882 0.251087 
143400 0.0197348 0.122342 0.128172 0 0 0.270269 0.250522 
143600 0.0196847 0.122302 0.127648 0 0 0.269657 0.249957 
143800 0.0196346 0.122261 0.127125 0 0 0.269044 0.249392 
144000 0.0195844 0.12222 0.126601 0 0 0.268431 0.248827 
144200 0.0195343 0.12218 0.126077 0 0 0.267818 0.248263 
144400 0.0194841 0.122139 0.125553 0 0 0.267206 0.247698 
144600 0.019434 0.122099 0.125029 0 0 0.266593 0.247133 
144800 0.0193845 0.122059 0.124519 0 0 0.265994 0.246583 
145000 0.0193359 0.12202 0.124024 0 0 0.265409 0.246048 
145200 0.0192872 0.121981 0.123528 0 0 0.264823 0.245514 
145400 0.0192385 0.121942 0.123032 0 0 0.264238 0.24498 
145600 0.0191898 0.121903 0.122536 0 0 0.263653 0.244445 
145800 0.0191411 0.121864 0.122041 0 0 0.263068 0.243911 
146000 0.0190925 0.121825 0.121545 0 0 0.262483 0.243376 
146200 0.0190438 0.121786 0.121049 0 0 0.261898 0.242842 
146400 0.0189951 0.121747 0.120553 0 0 0.261313 0.242307 
146600 0.0189464 0.121708 0.120057 0 0 0.260727 0.241773 
146800 0.0188977 0.121669 0.119562 0 0 0.260142 0.241238 
147000 0.018849 0.12163 0.119066 0 0 0.259557 0.240704 
147200 0.0188004 0.121592 0.11857 0 0 0.258972 0.240169 
147400 0.0187517 0.121553 0.118074 0 0 0.258387 0.239635 
147600 0.018705 0.121513 0.117603 0 0 0.257829 0.239124 
147800 0.0186602 0.121474 0.117157 0 0 0.257298 0.238638 
148000 0.0186154 0.121434 0.116711 0 0 0.256767 0.238152 
148200 0.0185707 0.121395 0.116265 0 0 0.256236 0.237665 
148400 0.0185259 0.121355 0.115819 0 0 0.255705 0.237179 
148600 0.0184811 0.121316 0.115373 0 0 0.255175 0.236693 
148800 0.0184364 0.121276 0.114927 0 0 0.254644 0.236206 
149000 0.0183916 0.121236 0.114481 0 0 0.254113 0.23572 
149200 0.0183469 0.121197 0.114035 0 0 0.253582 0.235234 
149400 0.0183021 0.121157 0.113589 0 0 0.253051 0.234747 
149600 0.0182573 0.121118 0.113143 0 0 0.25252 0.234261 
149800 0.0182126 0.121078 0.112697 0 0 0.25199 0.233774 
150000 0.0181678 0.121039 0.112251 0 0 0.251459 0.233288 
150200 0.0181195 0.120995 0.111779 0 0 0.250886 0.232772 
150400 0.0180713 0.120952 0.111307 0 0 0.250313 0.232256 
150600 0.018029 0.120914 0.110895 0 0 0.24982 0.231806 
150800 0.0179867 0.120876 0.110483 0 0 0.249328 0.231355 
151000 0.0179444 0.120837 0.110072 0 0 0.248835 0.230905 
151200 0.0179021 0.120799 0.10966 0 0 0.248343 0.230454 
151400 0.0178598 0.120761 0.109248 0 0 0.24785 0.230003 
151600 0.0178175 0.120722 0.108836 0 0 0.247357 0.229553 
151800 0.0177752 0.120684 0.108424 0 0 0.246865 0.229102 
152000 0.0177329 0.120646 0.108013 0 0 0.246372 0.228652 
152200 0.0176906 0.120607 0.107601 0 0 0.245879 0.228201 
152400 0.0176483 0.120569 0.107189 0 0 0.245387 0.22775 
152600 0.017606 0.120531 0.106777 0 0 0.244894 0.2273 
152800 0.0175637 0.120492 0.106365 0 0 0.244401 0.226849 
153000 0.0175214 0.120454 0.105954 0 0 0.243909 0.226398 
153200 0.0174791 0.120416 0.105542 0 0 0.243416 0.225948 
153400 0.0174368 0.120378 0.10513 0 0 0.242924 0.225497 
153600 0.0173959 0.120338 0.104741 0 0 0.242456 0.22507 
153800 0.017355 0.120299 0.104352 0 0 0.241989 0.224643 
154000 0.0173141 0.12026 0.103963 0 0 0.241522 0.224216 
154200 0.0172732 0.120221 0.103574 0 0 0.241055 0.223789 
154400 0.0172323 0.120182 0.103185 0 0 0.240588 0.223361 
154600 0.0171914 0.120143 0.102796 0 0 0.240121 0.222934 
154800 0.0171505 0.120104 0.102407 0 0 0.239654 0.222507 
155000 0.0171096 0.120065 0.102018 0 0 0.239187 0.22208 
155200 0.0170687 0.120025 0.101629 0 0 0.23872 0.221653 
155400 0.0170278 0.119986 0.10124 0 0 0.238253 0.221226 
155600 0.0169869 0.119947 0.100851 0 0 0.237786 0.220798 
155800 0.016946 0.119908 0.100462 0 0 0.237319 0.220371 
156000 0.016905 0.119869 0.100073 0 0 0.236852 0.219944 
156200 0.0168641 0.11983 0.0996842 0 0 0.236385 0.219517 
156400 0.0168232 0.119791 0.0992952 0 0 0.235918 0.21909 
156600 0.0167836 0.119752 0.0989283 0 0 0.235471 0.218683 
156800 0.0167439 0.119713 0.0985615 0 0 0.235025 0.218276 
157000 0.0167042 0.119673 0.0981946 0 0 0.234578 0.21787 
157200 0.0166646 0.119634 0.0978277 0 0 0.234132 0.217463 
157400 0.0166249 0.119595 0.0974609 0 0 0.233686 0.217056 
157600 0.0165852 0.119556 0.097094 0 0 0.233239 0.21665 
157800 0.0165456 0.119517 0.0967271 0 0 0.232793 0.216243 
158000 0.0165059 0.119478 0.0963603 0 0 0.232346 0.215836 
158200 0.0164662 0.119439 0.0959934 0 0 0.2319 0.21543 
158400 0.0164266 0.1194 0.0956265 0 0 0.231454 0.215023 
158600 0.0163869 0.119361 0.0952597 0 0 0.231007 0.214616 
158800 0.0163472 0.119321 0.0948928 0 0 0.230561 0.21421 
159000 0.0163075 0.119282 0.094526 0 0 0.230114 0.213803 
159200 0.0162679 0.119243 0.0941591 0 0 0.229668 0.213396 
159400 0.0162282 0.119204 0.0937922 0 0 0.229222 0.21299 
159600 0.0161912 0.119166 0.0934567 0 0 0.22881 0.212617 
159800 0.0161542 0.119128 0.0931211 0 0 0.228399 0.212243 
160000 0.0161172 0.119089 0.0927855 0 0 0.227988 0.21187 
160200 0.0160802 0.119051 0.09245 0 0 0.227576 0.211497 
160400 0.0160432 0.119013 0.0921144 0 0 0.227165 0.211124 
160600 0.0160062 0.118975 0.0917788 0 0 0.226753 0.210751 
160800 0.0159691 0.118936 0.0914433 0 0 0.226342 0.210378 
161000 0.0159321 0.118898 0.0911077 0 0 0.225931 0.210005 
161200 0.0158951 0.11886 0.0907721 0 0 0.225519 0.209632 
161400 0.0158581 0.118822 0.0904366 0 0 0.225108 0.209259 
161600 0.0158211 0.118783 0.090101 0 0 0.224696 0.208886 
161800 0.0157841 0.118745 0.0897654 0 0 0.224285 0.208513 
162000 0.0157471 0.118707 0.0894298 0 0 0.223874 0.208139 
162200 0.0157101 0.118669 0.0890943 0 0 0.223462 0.207766 
162400 0.0156731 0.118631 0.0887587 0 0 0.223051 0.207393 
162600 0.0156372 0.118593 0.0884372 0 0 0.222656 0.207034 
162800 0.0156026 0.118556 0.0881297 0 0 0.222277 0.20669 
163000 0.0155679 0.11852 0.0878222 0 0 0.221898 0.206346 
163200 0.0155332 0.118483 0.0875147 0 0 0.22152 0.206001 
163400 0.0154985 0.118446 0.0872071 0 0 0.221141 0.205657 
163600 0.0154639 0.11841 0.0868996 0 0 0.220762 0.205312 
163800 0.0154292 0.118373 0.0865921 0 0 0.220383 0.204968 
164000 0.0153945 0.118336 0.0862846 0 0 0.220005 0.204624 
164200 0.0153599 0.1183 0.0859771 0 0 0.219626 0.204279 
164400 0.0153252 0.118263 0.0856696 0 0 0.219247 0.203935 
164600 0.0152905 0.118226 0.0853621 0 0 0.218869 0.20359 
164800 0.0152559 0.11819 0.0850546 0 0 0.21849 0.203246 
165000 0.0152212 0.118153 0.0847471 0 0 0.218111 0.202902 
165200 0.0151865 0.118116 0.0844396 0 0 0.217732 0.202557 
165400 0.0151518 0.11808 0.0841321 0 0 0.217354 0.202213 
165600 0.0151172 0.118043 0.0838246 0 0 0.216975 0.201868 
165800 0.0150836 0.118007 0.0835303 0 0 0.216611 0.201538 
166000 0.0150511 0.117971 0.0832491 0 0 0.216262 0.201221 
166200 0.0150186 0.117935 0.082968 0 0 0.215912 0.200904 
166400 0.0149862 0.117899 0.0826869 0 0 0.215563 0.200587 
166600 0.0149537 0.117863 0.0824058 0 0 0.215214 0.20027 
166800 0.0149212 0.117827 0.0821247 0 0 0.214864 0.199954 
167000 0.0148887 0.117791 0.0818436 0 0 0.214515 0.199637 
167200 0.0148562 0.117755 0.0815625 0 0 0.214165 0.19932 
167400 0.0148237 0.117719 0.0812814 0 0 0.213816 0.199003 
167600 0.0147913 0.117683 0.0810003 0 0 0.213467 0.198686 
167800 0.0147588 0.117648 0.0807192 0 0 0.213117 0.198369 
168000 0.0147263 0.117612 0.080438 0 0 0.212768 0.198052 
168200 0.0146938 0.117576 0.0801569 0 0 0.212419 0.197736 
168400 0.0146613 0.11754 0.0798758 0 0 0.212069 0.197419 
168600 0.0146289 0.117504 0.0795947 0 0 0.21172 0.197102 
168800 0.0145964 0.117468 0.0793136 0 0 0.211371 0.196785 
169000 0.0145639 0.117432 0.0790325 0 0 0.211021 0.196468 
169200 0.0145326 0.117394 0.0787678 0 0 0.210688 0.196166 
169400 0.0145013 0.117357 0.0785031 0 0 0.210355 0.195863 
169600 0.01447 0.117319 0.0782384 0 0 0.210021 0.195561 
169800 0.0144388 0.117281 0.0779737 0 0 0.209688 0.195259 
170000 0.0144075 0.117243 0.077709 0 0 0.209355 0.194956 
170200 0.0143762 0.117206 0.0774443 0 0 0.209022 0.194654 
170400 0.0143449 0.117168 0.0771796 0 0 0.208688 0.194351 
170600 0.0143136 0.11713 0.0769149 0 0 0.208355 0.194049 
170800 0.0142824 0.117093 0.0766502 0 0 0.208022 0.193746 
171000 0.0142511 0.117055 0.0763855 0 0 0.207688 0.193444 
171200 0.0142198 0.117017 0.0761208 0 0 0.207355 0.193142 
171400 0.0141885 0.116979 0.0758561 0 0 0.207022 0.192839 
171600 0.0141572 0.116942 0.0755914 0 0 0.206688 0.192537 
171800 0.0141259 0.116904 0.0753267 0 0 0.206355 0.192234 
172000 0.0140947 0.116866 0.075062 0 0 0.206022 0.191932 
172200 0.0140634 0.116828 0.0747973 0 0 0.205688 0.191629 
172400 0.0140325 0.116792 0.0745394 0 0 0.205363 0.191334 
172600 0.0140021 0.116756 0.0742881 0 0 0.205046 0.191047 
172800 0.0139717 0.11672 0.0740369 0 0 0.204729 0.19076 
173000 0.0139413 0.116684 0.0737856 0 0 0.204412 0.190472 
173200 0.0139109 0.116648 0.0735344 0 0 0.204095 0.190185 
173400 0.0138805 0.116612 0.0732832 0 0 0.203778 0.189897 
173600 0.01385 0.116577 0.0730319 0 0 0.203461 0.18961 
173800 0.0138196 0.116541 0.0727807 0 0 0.203144 0.189323 
174000 0.0137892 0.116505 0.0725295 0 0 0.202827 0.189035 
174200 0.0137588 0.116469 0.0722782 0 0 0.20251 0.188748 
174400 0.0137284 0.116433 0.072027 0 0 0.202192 0.18846 
174600 0.013698 0.116397 0.0717757 0 0 0.201875 0.188173 
174800 0.0136676 0.116361 0.0715245 0 0 0.201558 0.187885 
175000 0.0136371 0.116325 0.0712733 0 0 0.201241 0.187598 
175200 0.0136067 0.11629 0.071022 0 0 0.200924 0.187311 
175400 0.0135763 0.116254 0.0707708 0 0 0.200607 0.187023 
175600 0.0135459 0.116218 0.0705196 0 0 0.20029 0.186736 
175800 0.0135183 0.116182 0.0702965 0 0 0.200003 0.186479 
176000 0.0134907 0.116145 0.0700735 0 0 0.199717 0.186222 
176200 0.0134631 0.116109 0.0698505 0 0 0.19943 0.185964 
176400 0.0134355 0.116073 0.0696275 0 0 0.199144 0.185707 
176600 0.0134079 0.116037 0.0694044 0 0 0.198857 0.18545 
176800 0.0133803 0.116 0.0691814 0 0 0.198571 0.185193 
177000 0.0133527 0.115964 0.0689584 0 0 0.198284 0.184936 
177200 0.0133251 0.115928 0.0687354 0 0 0.197998 0.184679 
177400 0.0132975 0.115892 0.0685124 0 0 0.197711 0.184422 
177600 0.0132699 0.115855 0.0682893 0 0 0.197425 0.184165 
177800 0.0132423 0.115819 0.0680663 0 0 0.197138 0.183908 
178000 0.0132147 0.115783 0.0678433 0 0 0.196852 0.18365 
178200 0.0131871 0.115747 0.0676203 0 0 0.196565 0.183393 
178400 0.0131595 0.11571 0.0673972 0 0 0.196279 0.183136 
178600 0.0131319 0.115674 0.0671742 0 0 0.195992 0.182879 
178800 0.0131043 0.115638 0.0669512 0 0 0.195706 0.182622 
179000 0.0130767 0.115602 0.0667282 0 0 0.195419 0.182365 
179200 0.0130496 0.115567 0.066512 0 0 0.195141 0.182112 
179400 0.013023 0.115532 0.0663026 0 0 0.19487 0.181865 
179600 0.0129965 0.115498 0.0660933 0 0 0.194599 0.181617 
179800 0.0129699 0.115464 0.0658839 0 0 0.194329 0.18137 
180000 0.0129434 0.11543 0.0656745 0 0 0.194058 0.181122 
180200 0.0129168 0.115395 0.0654652 0 0 0.193787 0.180874 
180400 0.0128903 0.115361 0.0652558 0 0 0.193517 0.180627 
180600 0.0128637 0.115327 0.0650464 0 0 0.193246 0.180379 
180800 0.0128372 0.115293 0.064837 0 0 0.192975 0.180132 
181000 0.0128106 0.115259 0.0646277 0 0 0.192705 0.179884 
181200 0.0127841 0.115224 0.0644183 0 0 0.192434 0.179636 
181400 0.0127575 0.11519 0.0642089 0 0 0.192163 0.179389 
181600 0.012731 0.115156 0.0639996 0 0 0.191893 0.179141 
181800 0.0127044 0.115122 0.0637902 0 0 0.191622 0.178894 
182000 0.0126779 0.115088 0.0635808 0 0 0.191352 0.178646 
182200 0.0126513 0.115053 0.0633715 0 0 0.191081 0.178398 
182400 0.0126248 0.115019 0.0631621 0 0 0.19081 0.178151 
182600 0.0125982 0.114985 0.0629527 0 0 0.19054 0.177903 
182800 0.0125724 0.114949 0.0627536 0 0 0.190279 0.17767 
183000 0.0125465 0.114913 0.0625545 0 0 0.190018 0.177437 
183200 0.0125207 0.114876 0.0623554 0 0 0.189757 0.177204 
183400 0.0124948 0.11484 0.0621563 0 0 0.189495 0.176971 
183600 0.012469 0.114804 0.0619571 0 0 0.189234 0.176738 
183800 0.0124431 0.114768 0.061758 0 0 0.188973 0.176505 
184000 0.0124173 0.114731 0.0615589 0 0 0.188712 0.176272 
184200 0.0123914 0.114695 0.0613598 0 0 0.188451 0.176039 
184400 0.0123656 0.114659 0.0611607 0 0 0.18819 0.175806 
184600 0.0123397 0.114623 0.0609616 0 0 0.187929 0.175573 
184800 0.0123139 0.114586 0.0607624 0 0 0.187668 0.17534 
185000 0.0122881 0.11455 0.0605633 0 0 0.187407 0.175107 
185200 0.0122622 0.114514 0.0603642 0 0 0.187146 0.174874 
185400 0.0122364 0.114478 0.0601651 0 0 0.186885 0.174641 
185600 0.0122105 0.114441 0.059966 0 0 0.186624 0.174407 
185800 0.0121847 0.114405 0.0597668 0 0 0.186363 0.174174 
186000 0.0121588 0.114369 0.0595677 0 0 0.186102 0.173941 
186200 0.0121342 0.114334 0.0593796 0 0 0.185854 0.173719 
186400 0.0121107 0.1143 0.0592025 0 0 0.185619 0.173507 
186600 0.0120872 0.114266 0.0590253 0 0 0.185383 0.173296 
186800 0.0120637 0.114232 0.0588482 0 0 0.185148 0.173084 
187000 0.0120402 0.114198 0.0586711 0 0 0.184912 0.172873 
187200 0.0120167 0.114164 0.0584939 0 0 0.184677 0.172661 
187400 0.0119932 0.11413 0.0583168 0 0 0.184442 0.172449 
187600 0.0119697 0.114096 0.0581397 0 0 0.184206 0.172238 
187800 0.0119462 0.114062 0.0579625 0 0 0.183971 0.172026 
188000 0.0119227 0.114029 0.0577854 0 0 0.183735 0.171815 
188200 0.0118992 0.113995 0.0576083 0 0 0.1835 0.171603 
188400 0.0118757 0.113961 0.0574311 0 0 0.183265 0.171391 
188600 0.0118522 0.113927 0.057254 0 0 0.183029 0.17118 
188800 0.0118287 0.113893 0.0570769 0 0 0.182794 0.170968 
189000 0.0118052 0.113859 0.0568997 0 0 0.182558 0.170757 
189200 0.0117817 0.113825 0.0567226 0 0 0.182323 0.170545 
189400 0.0117582 0.113791 0.0565455 0 0 0.182088 0.170333 
189600 0.0117347 0.113757 0.0563684 0 0 0.181852 0.170122 
189800 0.0117112 0.113723 0.0561912 0 0 0.181617 0.16991 
190000 0.0116886 0.113691 0.0560237 0 0 0.181393 0.169708 
190200 0.0116659 0.113658 0.0558561 0 0 0.181169 0.169507 
190400 0.0116432 0.113625 0.0556886 0 0 0.180945 0.169305 
190600 0.0116206 0.113592 0.055521 0 0 0.180721 0.169103 
190800 0.0115979 0.11356 0.0553535 0 0 0.180497 0.168902 
191000 0.0115752 0.113527 0.0551859 0 0 0.180274 0.1687 
191200 0.0115525 0.113494 0.0550184 0 0 0.18005 0.168498 
191400 0.0115299 0.113461 0.0548508 0 0 0.179826 0.168296 
191600 0.0115072 0.113429 0.0546833 0 0 0.179602 0.168095 
191800 0.0114845 0.113396 0.0545157 0 0 0.179378 0.167893 
192000 0.0114618 0.113363 0.0543482 0 0 0.179154 0.167691 
192200 0.0114392 0.113331 0.0541806 0 0 0.17893 0.16749 
192400 0.0114165 0.113298 0.0540131 0 0 0.178706 0.167288 
192600 0.0113938 0.113265 0.0538455 0 0 0.178483 0.167086 
192800 0.0113711 0.113232 0.053678 0 0 0.178259 0.166885 
193000 0.0113485 0.1132 0.0535104 0 0 0.178035 0.166683 
193200 0.0113258 0.113167 0.0533429 0 0 0.177811 0.166481 
193400 0.0113031 0.113134 0.0531753 0 0 0.177587 0.166279 
193600 0.0112811 0.113101 0.0530145 0 0 0.177371 0.166086 
193800 0.0112598 0.113068 0.0528606 0 0 0.177164 0.165901 
194000 0.0112385 0.113035 0.0527066 0 0 0.176956 0.165715 
194200 0.0112172 0.113002 0.0525527 0 0 0.176749 0.16553 
194400 0.0111959 0.112969 0.0523987 0 0 0.176541 0.165345 
194600 0.0111746 0.112936 0.0522448 0 0 0.176334 0.16516 
194800 0.0111533 0.112903 0.0520908 0 0 0.176126 0.164974 
195000 0.011132 0.11287 0.0519369 0 0 0.175918 0.164789 
195200 0.0111107 0.112837 0.0517829 0 0 0.175711 0.164604 
195400 0.0110894 0.112804 0.051629 0 0 0.175503 0.164418 
195600 0.0110681 0.112771 0.051475 0 0 0.175296 0.164233 
195800 0.0110468 0.112738 0.0513211 0 0 0.175088 0.164048 
196000 0.0110255 0.112705 0.0511671 0 0 0.174881 0.163863 
196200 0.0110042 0.112672 0.0510132 0 0 0.174673 0.163677 
196400 0.0109829 0.112639 0.0508592 0 0 0.174466 0.163492 
196600 0.0109616 0.112606 0.0507053 0 0 0.174258 0.163307 
196800 0.0109403 0.112573 0.0505513 0 0 0.17405 0.163122 
197000 0.010919 0.11254 0.0503974 0 0 0.173843 0.162936 
197200 0.0108977 0.112507 0.0502434 0 0 0.173635 0.162751 
197400 0.0108767 0.112473 0.0500934 0 0 0.173432 0.162568 
197600 0.0108561 0.112439 0.0499472 0 0 0.173233 0.162388 
197800 0.0108354 0.112405 0.049801 0 0 0.173034 0.162208 
198000 0.0108148 0.112371 0.0496548 0 0 0.172835 0.162028 
198200 0.0107942 0.112336 0.0495086 0 0 0.172636 0.161848 
198400 0.0107735 0.112302 0.0493624 0 0 0.172437 0.161668 
198600 0.0107529 0.112268 0.0492162 0 0 0.172238 0.161488 
198800 0.0107323 0.112234 0.04907 0 0 0.172039 0.161308 
199000 0.0107116 0.1122 0.0489238 0 0 0.17184 0.161128 
199200 0.010691 0.112165 0.0487776 0 0 0.171641 0.160947 
199400 0.0106704 0.112131 0.0486314 0 0 0.171443 0.160767 
199600 0.0106497 0.112097 0.0484852 0 0 0.171244 0.160587 
199800 0.0106291 0.112063 0.048339 0 0 0.171045 0.160407 
200000 0.0106085 0.112029 0.0481928 0 0 0.170846 0.160227 
