1000 5.24393 0.00658024 1548.13 0 0 1553.66 1548.13 
1200 5.13965 0.00869178 8302.81 0 0 8308.34 8302.81 
1400 5.0308 0.0108525 5699.21 0 0 5704.74 5699.21 
1600 4.91723 0.0129617 4111.87 0 0 4116.8 4111.87 
1800 4.79832 0.015005 3075.87 0 0 3081.39 3075.87 
2000 4.67662 0.0170009 2369.62 0 0 2374.23 2369.62 
2200 4.55611 0.0189406 1850.6 0 0 1854.46 1850.6 
2400 4.43631 0.020844 1476.45 0 0 1481.06 1476.45 
2600 4.31763 0.0227108 1199.57 0 0 1203.66 1199.57 
2800 4.19974 0.0245527 989.347 0 0 993.952 989.347 
3000 4.08445 0.0263762 827.02 0 0 831.164 827.02 
3200 3.97022 0.0281861 695.88 0 0 699.918 695.957 
3400 3.85926 0.0299719 591.834 0 0 595.702 591.834 
3600 3.74926 0.0317479 507.771 0 0 511.547 507.794 
3800 3.64316 0.0334942 439.523 0 0 443.117 439.526 
4000 3.53832 0.0352266 383.026 0 0 386.618 383.026 
4200 3.43647 0.0369362 335.534 0 0 339.016 335.608 
4400 3.337 0.0386231 295.627 0 0 299.035 295.719 
4600 3.23966 0.0402902 261.888 0 0 265.203 261.888 
4800 3.14553 0.0419298 233.229 0 0 236.452 233.321 
5000 3.0539 0.0435429 208.689 0 0 211.82 208.689 
5200 2.96463 0.0451323 187.381 0 0 190.42 187.473 
5400 2.87819 0.0466921 168.884 0 0 171.815 168.96 
5600 2.79446 0.0482301 152.811 0 0 155.661 152.811 
5800 2.71354 0.0497392 138.787 0 0 141.55 138.787 
6000 2.63486 0.0512237 126.355 0 0 129.026 126.447 
6200 2.55953 0.0526786 115.427 0 0 118.006 115.427 
6400 2.48602 0.0541184 105.553 0 0 108.132 105.641 
6600 2.41579 0.0555272 96.9099 0 0 99.3965 97.002 
6800 2.34762 0.0569161 89.1647 0 0 91.5738 89.2207 
7000 2.28238 0.0582761 82.2724 0 0 84.618 82.3369 
7200 2.21889 0.0596189 76.0303 0 0 78.3038 76.0859 
7400 2.15818 0.0609324 70.4722 0 0 72.6895 70.5325 
7600 2.09891 0.0622324 65.4044 0 0 67.5658 65.4673 
7800 2.04231 0.063501 60.8517 0 0 62.9623 60.9161 
8000 1.98743 0.0647617 56.6849 0 0 58.7387 56.7494 
8200 1.93437 0.0659905 52.9113 0 0 54.9123 52.9758 
8400 1.88361 0.0672054 49.4265 0 0 51.3792 49.491 
8600 1.83434 0.0684034 46.2727 0 0 48.1733 46.3391 
8800 1.78693 0.0695779 43.377 0 0 45.2375 43.4471 
9000 1.74207 0.0707263 40.7256 0 0 42.5378 40.7952 
9200 1.69823 0.0718497 38.282 0 0 40.0524 38.3557 
9400 1.65676 0.0729612 36.0367 0 0 37.7662 36.1104 
9600 1.6166 0.0740474 33.9583 0 0 35.6477 34.032 
9800 1.57822 0.0751073 243.17 0 0 244.828 243.175 
10000 1.54168 0.0761448 231.437 0 0 233.094 231.529 
10200 1.50669 0.0771394 220.661 0 0 222.227 220.754 
10400 1.47103 0.0781906 209.873 0 0 211.347 209.873 
10600 1.43946 0.0791379 200.4 0 0 201.874 200.4 
10800 1.40788 0.0800939 191.278 0 0 192.752 191.366 
11000 1.37714 0.0810416 182.49 0 0 183.963 182.582 
11200 1.34644 0.0819968 174.114 0 0 175.508 174.206 
11400 1.31764 0.0829088 166.388 0 0 167.769 166.48 
11600 1.2901 0.0837835 159.198 0 0 160.579 159.29 
11800 1.26314 0.084672 152.209 0 0 153.54 152.301 
12000 1.23708 0.0855347 145.665 0 0 146.954 145.757 
12200 1.2119 0.086369 139.541 0 0 140.806 139.609 
12400 1.18737 0.0872213 133.561 0 0 134.758 133.572 
12600 1.16453 0.0880023 128.183 0 0 129.38 128.267 
12800 1.14153 0.0888194 122.81 0 0 124.076 122.902 
13000 1.11915 0.0896073 117.794 0 0 119.032 117.886 
13200 1.09775 0.0903707 113.111 0 0 114.309 113.203 
13400 1.0772 0.0911195 108.68 0 0 109.867 108.772 
13600 1.05666 0.0918563 104.429 0 0 105.545 104.522 
13800 1.03792 0.0925699 100.487 0 0 101.592 100.579 
14000 1.01916 0.0932657 96.6664 0 0 97.7716 96.7585 
14200 1.00036 0.0939442 92.968 0 0 94.0692 93.0601 
14400 0.983254 0.0946021 89.5736 0 0 90.6485 89.6657 
14600 0.96615 0.0953092 86.2977 0 0 87.3561 86.3898 
14800 0.949303 0.0959945 83.1434 0 0 84.1885 83.2355 
15000 0.93293 0.0966084 80.1417 0 0 81.1732 80.2338 
15200 0.917198 0.0972722 77.3458 0 0 78.3659 77.4471 
15400 0.90205 0.0978702 74.6316 0 0 75.6336 74.7302 
15600 0.887254 0.0984227 72.0468 0 0 73.0243 72.1392 
15800 0.873192 0.0990148 69.6541 0 0 70.6247 69.7518 
16000 0.859289 0.099609 67.319 0 0 68.2813 67.4203 
16200 0.845564 0.100203 65.0553 0 0 66.0056 65.1566 
16400 0.832091 0.100747 62.8925 0 0 63.8259 62.9938 
16600 0.819008 0.101272 60.8167 0 0 61.7343 60.918 
16800 0.806728 0.101774 58.9022 0 0 59.8087 59.0035 
17000 0.794594 0.102313 57.0494 0 0 57.9447 57.1507 
17200 0.782538 0.102871 55.2298 0 0 56.1139 55.3311 
17400 0.770761 0.103373 53.4995 0 0 54.3725 53.6008 
17600 0.759293 0.103866 51.8333 0 0 52.6953 51.9346 
17800 0.748399 0.104339 50.2861 0 0 51.1376 50.3874 
18000 0.737663 0.104813 48.7863 0 0 49.6272 48.8876 
18200 0.727033 0.105286 47.318 0 0 48.1485 47.4193 
18400 0.716581 0.10576 45.9079 0 0 46.7323 46.0137 
18600 0.706238 0.106226 44.5226 0 0 45.3412 44.6331 
18800 0.69658 0.106624 43.2681 0 0 44.0768 43.3786 
19000 0.686972 0.107035 42.0298 0 0 42.8285 42.1403 
19200 0.677514 0.107483 40.84 0 0 41.6288 40.9505 
19400 0.668135 0.107911 39.6741 0 0 40.4529 39.7826 
19600 0.658875 0.10831 38.5441 0 0 39.3129 38.6476 
19800 0.649938 0.108718 37.4702 0 0 38.2281 37.5748 
20000 0.641263 0.109133 36.4423 0 0 37.1883 36.5528 
20200 0.632783 0.109544 35.4654 0 0 36.2057 35.5759 
20400 0.624329 0.109922 34.4972 0 0 35.228 34.6077 
20600 0.616132 0.110294 33.5747 0 0 34.2992 33.6852 
20800 0.608074 0.110662 32.6767 0 0 33.3967 32.7872 
21000 0.600231 0.111025 31.8251 0 0 32.5377 31.9357 
21200 0.592504 0.111384 30.9985 0 0 31.7021 31.109 
21400 0.584992 0.111738 30.2048 0 0 30.9021 30.3153 
21600 0.577625 0.112089 29.4329 0 0 30.1258 29.5434 
21800 0.570323 0.11244 28.683 0 0 29.3693 28.7935 
22000 0.563087 0.112791 27.955 0 0 28.6326 28.0655 
22200 0.555969 0.113139 27.2475 0 0 27.9164 27.358 
22400 0.54903 0.113481 26.5707 0 0 27.231 26.6812 
22600 0.542172 0.113812 25.9061 0 0 26.559 26.0166 
22800 0.535558 0.114105 25.2782 0 0 25.9268 25.3887 
23000 0.528957 0.114399 24.6526 0 0 25.2969 24.7631 
23200 0.522613 0.114727 24.0714 0 0 24.7074 24.1819 
23400 0.516268 0.115054 23.4901 0 0 24.118 23.6007 
23600 0.51013 0.115344 22.9415 0 0 23.5645 23.0552 
23800 0.504044 0.115624 22.4009 0 0 23.0199 22.5186 
24000 0.498101 0.115902 21.8798 0 0 22.4949 21.9995 
24200 0.492301 0.116176 21.3782 0 0 21.9893 21.4979 
24400 0.48653 0.116449 20.8821 0 0 21.4888 21.0019 
24600 0.480928 0.116718 20.4178 0 0 21.0168 20.5375 
24800 0.475325 0.116987 19.9535 0 0 20.5448 20.0732 
25000 0.469838 0.117255 19.5065 0 0 20.093 19.6262 
25200 0.464389 0.117524 19.0652 0 0 19.6479 19.1849 
25400 0.459055 0.117789 18.6378 0 0 19.2154 18.7575 
25600 0.453934 0.118046 18.2362 0 0 18.8065 18.356 
25800 0.448814 0.118304 17.8347 0 0 18.3976 17.9544 
26000 0.443787 0.118562 17.452 0 0 18.0106 17.5686 
26200 0.438777 0.11882 17.0725 0 0 17.6275 17.1854 
26400 0.43386 0.119062 16.7044 0 0 17.2545 16.8162 
26600 0.429113 0.119275 16.3573 0 0 16.9003 16.4726 
26800 0.424367 0.119487 16.0101 0 0 16.5461 16.129 
27000 0.419726 0.119726 15.6763 0 0 16.2078 15.796 
27200 0.415122 0.119974 15.3469 0 0 15.8748 15.4666 
27400 0.410553 0.120216 15.0218 0 0 15.5463 15.1416 
27600 0.406187 0.12042 14.7217 0 0 15.2427 14.8414 
27800 0.401821 0.120625 14.4215 0 0 14.9391 14.5412 
28000 0.397516 0.12083 14.1275 0 0 14.6432 14.2472 
28200 0.393286 0.121034 13.841 0 0 14.3567 13.9607 
28400 0.389057 0.121239 13.5544 0 0 14.0702 13.6742 
28600 0.38499 0.121438 13.2879 0 0 13.7987 13.4101 
28800 0.380977 0.121635 13.0281 0 0 13.5323 13.1536 
29000 0.376964 0.121833 12.7683 0 0 13.2659 12.897 
29200 0.373111 0.122027 12.525 0 0 13.0223 12.654 
29400 0.369265 0.122221 12.2827 0 0 12.78 12.4116 
29600 0.365427 0.122413 12.0417 0 0 12.5382 12.1702 
29800 0.361656 0.122588 11.8137 0 0 12.3014 11.9378 
30000 0.357884 0.122764 11.5856 0 0 12.0645 11.7054 
30200 0.354147 0.122903 11.3668 0 0 11.8449 11.4873 
30400 0.350619 0.12309 11.1545 0 0 11.6295 11.2781 
30600 0.347092 0.123277 10.9422 0 0 11.4141 11.069 
30800 0.3436 0.123454 10.7356 0 0 11.2044 10.8636 
31000 0.340192 0.123608 10.5422 0 0 11.0079 10.6671 
31200 0.336785 0.123761 10.3488 0 0 10.8114 10.4707 
31400 0.333428 0.123922 10.1599 0 0 10.6186 10.2797 
31600 0.33019 0.124101 9.9817 0 0 10.4345 10.1014 
31800 0.326952 0.124279 9.80344 0 0 10.2503 9.92317 
32000 0.323737 0.124451 9.6268 0 0 10.0684 9.7467 
32200 0.320618 0.1246 9.45657 0 0 9.89613 9.57736 
32400 0.317499 0.124748 9.28634 0 0 9.72383 9.40803 
32600 0.314392 0.124896 9.11759 0 0 9.55303 9.24017 
32800 0.311399 0.12504 8.96218 0 0 9.3959 9.08562 
33000 0.308406 0.125184 8.80677 0 0 9.23876 8.93107 
33200 0.305413 0.125328 8.65136 0 0 9.08162 8.77652 
33400 0.302563 0.125444 8.5055 0 0 8.93329 8.63075 
33600 0.299729 0.125558 8.36069 0 0 8.78594 8.48594 
33800 0.296895 0.125671 8.21589 0 0 8.63858 8.34114 
34000 0.294126 0.125801 8.07741 0 0 8.4974 8.20284 
34200 0.291391 0.125941 7.94234 0 0 8.35953 8.06805 
34400 0.288656 0.12608 7.80726 0 0 8.22167 7.93325 
34600 0.285978 0.126209 7.67605 0 0 8.08778 7.80222 
34800 0.283404 0.126317 7.55199 0 0 7.96129 7.67816 
35000 0.280831 0.126426 7.42793 0 0 7.83479 7.5541 
35200 0.278258 0.126534 7.30387 0 0 7.70829 7.43004 
35400 0.275736 0.126642 7.18599 0 0 7.58823 7.31242 
35600 0.273217 0.126751 7.06843 0 0 7.46851 7.19513 
35800 0.270698 0.126859 6.95087 0 0 7.34878 7.07784 
36000 0.26828 0.126979 6.83947 0 0 7.23512 6.96656 
36200 0.265945 0.127109 6.73311 0 0 7.12642 6.8602 
36400 0.26361 0.127239 6.62674 0 0 7.01772 6.75384 
36600 0.261276 0.127368 6.52038 0 0 6.90902 6.64747 
36800 0.258993 0.127446 6.41972 0 0 6.80603 6.54681 
37000 0.25671 0.127524 6.31907 0 0 6.70304 6.44616 
37200 0.254427 0.127602 6.21841 0 0 6.60005 6.3455 
37400 0.252195 0.12769 6.12126 0 0 6.50082 6.24847 
37600 0.250025 0.127791 6.02841 0 0 6.40621 6.15587 
37800 0.247855 0.127892 5.93556 0 0 6.31159 6.06327 
38000 0.245685 0.127993 5.84271 0 0 6.21697 5.97067 
38200 0.24362 0.128092 5.75576 0 0 6.1281 5.88397 
38400 0.241582 0.12819 5.6703 0 0 6.04067 5.79875 
38600 0.239544 0.128288 5.58483 0 0 5.95324 5.71353 
38800 0.237509 0.128385 5.4996 0 0 5.86605 5.62854 
39000 0.235544 0.128459 5.4188 0 0 5.78328 5.54774 
39200 0.233579 0.128533 5.33801 0 0 5.70052 5.46694 
39400 0.231615 0.128606 5.25721 0 0 5.61775 5.38614 
39600 0.229675 0.128682 5.1783 0 0 5.53688 5.30724 
39800 0.227793 0.128762 5.10383 0 0 5.4604 5.23276 
40000 0.225911 0.128842 5.02935 0 0 5.38392 5.15828 
40200 0.224069 0.1289 4.9574 0 0 5.31024 5.08633 
40400 0.222255 0.128962 4.88681 0 0 5.23787 5.01574 
40600 0.220483 0.129032 4.81826 0 0 5.16746 4.9472 
40800 0.218711 0.129102 4.74972 0 0 5.09705 4.87865 
41000 0.216939 0.129172 4.68117 0 0 5.02663 4.8101 
41200 0.215198 0.129241 4.61456 0 0 4.95838 4.7436 
41400 0.213494 0.129311 4.55032 0 0 4.89276 4.67959 
41600 0.21179 0.12938 4.48609 0 0 4.82714 4.61559 
41800 0.210087 0.129449 4.42185 0 0 4.76152 4.55158 
42000 0.208432 0.129517 4.35994 0 0 4.69804 4.48969 
42200 0.206837 0.129584 4.30086 0 0 4.63717 4.43039 
42400 0.205242 0.129652 4.24178 0 0 4.57629 4.37109 
42600 0.203647 0.129719 4.18271 0 0 4.51542 4.31179 
42800 0.202067 0.129778 4.12489 0 0 4.45605 4.2539 
43000 0.200514 0.129823 4.06941 0 0 4.39946 4.19865 
43200 0.19896 0.129867 4.01393 0 0 4.34287 4.14339 
43400 0.197407 0.129912 3.95845 0 0 4.28628 4.08813 
43600 0.195877 0.12996 3.904 0 0 4.2306 4.03386 
43800 0.194442 0.130024 3.85367 0 0 4.17856 3.98353 
44000 0.193007 0.130088 3.80334 0 0 4.12651 3.9332 
44200 0.191572 0.130153 3.75301 0 0 4.07447 3.88286 
44400 0.190137 0.130217 3.70268 0 0 4.02242 3.83253 
44600 0.188741 0.130262 3.65466 0 0 3.97308 3.78471 
44800 0.187348 0.130305 3.6069 0 0 3.92403 3.73716 
45000 0.185956 0.130348 3.55914 0 0 3.87498 3.68961 
45200 0.184564 0.13039 3.51138 0 0 3.82594 3.64207 
45400 0.183213 0.130432 3.46607 0 0 3.77937 3.59685 
45600 0.181888 0.130474 3.4224 0 0 3.73446 3.55318 
45800 0.180564 0.130515 3.37873 0 0 3.68955 3.50951 
46000 0.179239 0.130557 3.33507 0 0 3.64464 3.46584 
46200 0.177926 0.130598 3.29184 0 0 3.60018 3.42262 
46400 0.176678 0.130639 3.25111 0 0 3.55822 3.38189 
46600 0.175429 0.13068 3.21039 0 0 3.51627 3.34116 
46800 0.174181 0.130721 3.16966 0 0 3.47431 3.30044 
47000 0.172932 0.130762 3.12893 0 0 3.43236 3.25971 
47200 0.171715 0.130789 3.09021 0 0 3.39243 3.22099 
47400 0.170513 0.130809 3.05257 0 0 3.35359 3.18335 
47600 0.169312 0.130829 3.01493 0 0 3.31475 3.14571 
47800 0.168111 0.130849 2.9773 0 0 3.27591 3.10807 
48000 0.166913 0.13087 2.93979 0 0 3.23721 3.07057 
48200 0.165776 0.130909 2.90492 0 0 3.20136 3.03569 
48400 0.16464 0.130948 2.87004 0 0 3.1655 3.00081 
48600 0.163503 0.130988 2.83516 0 0 3.12964 2.96593 
48800 0.162367 0.131027 2.80028 0 0 3.09378 2.93106 
49000 0.161252 0.131059 2.76633 0 0 3.05879 2.8971 
49200 0.160178 0.131078 2.73409 0 0 3.0254 2.86487 
49400 0.159103 0.131097 2.70186 0 0 2.99202 2.83264 
49600 0.158029 0.131117 2.66963 0 0 2.95863 2.8004 
49800 0.156954 0.131136 2.63739 0 0 2.92525 2.76817 
50000 0.155918 0.131144 2.60539 0 0 2.89273 2.73617 
50200 0.15489 0.131166 2.5754 0 0 2.86167 2.70618 
50400 0.153862 0.131187 2.54542 0 0 2.83062 2.6762 
50600 0.152834 0.131209 2.51543 0 0 2.79956 2.64621 
50800 0.151806 0.13123 2.48545 0 0 2.76851 2.61623 
51000 0.150827 0.131249 2.45711 0 0 2.7392 2.58789 
51200 0.149869 0.131268 2.42949 0 0 2.71065 2.56026 
51400 0.148911 0.131286 2.40186 0 0 2.6821 2.53263 
51600 0.147954 0.131305 2.37423 0 0 2.65355 2.505 
51800 0.146996 0.131323 2.3466 0 0 2.62501 2.47738 
52000 0.146057 0.131341 2.32018 0 0 2.59767 2.45109 
52200 0.145127 0.13136 2.29429 0 0 2.57087 2.42537 
52400 0.144197 0.131378 2.26839 0 0 2.54406 2.39966 
52600 0.143267 0.131396 2.2425 0 0 2.51725 2.37395 
52800 0.142337 0.131414 2.2166 0 0 2.49044 2.34823 
53000 0.141436 0.131421 2.19211 0 0 2.46506 2.32381 
53200 0.140551 0.131421 2.16838 0 0 2.44044 2.30007 
53400 0.139665 0.131421 2.14464 0 0 2.41582 2.27634 
53600 0.138779 0.131421 2.12091 0 0 2.3912 2.25261 
53800 0.137894 0.131421 2.09718 0 0 2.36659 2.22888 
54000 0.137036 0.131429 2.0741 0 0 2.34263 2.2058 
54200 0.136211 0.131446 2.05182 0 0 2.31947 2.18352 
54400 0.135387 0.131464 2.02954 0 0 2.29632 2.16124 
54600 0.134562 0.131481 2.00727 0 0 2.27316 2.13896 
54800 0.133738 0.131499 1.98499 0 0 2.25 2.11668 
55000 0.132917 0.131513 1.96303 0 0 2.22721 2.09473 
55200 0.132107 0.131513 1.94238 0 0 2.20587 2.07407 
55400 0.131298 0.131513 1.92172 0 0 2.18452 2.05342 
55600 0.130489 0.131513 1.90106 0 0 2.16317 2.03276 
55800 0.12968 0.131513 1.88041 0 0 2.14183 2.0121 
56000 0.128871 0.131513 1.85975 0 0 2.12048 1.99145 
56200 0.128124 0.131513 1.84057 0 0 2.10049 1.97226 
56400 0.127387 0.131513 1.82165 0 0 2.08073 1.95334 
56600 0.12665 0.131513 1.80272 0 0 2.06097 1.93442 
56800 0.125913 0.131513 1.7838 0 0 2.04121 1.9155 
57000 0.125177 0.131513 1.76488 0 0 2.02145 1.89658 
57200 0.124444 0.131513 1.74642 0 0 2.00222 1.87812 
57400 0.123721 0.131513 1.72883 0 0 1.98396 1.86052 
57600 0.122997 0.131513 1.71123 0 0 1.96571 1.84293 
57800 0.122274 0.131513 1.69363 0 0 1.94746 1.82533 
58000 0.12155 0.131513 1.67604 0 0 1.9292 1.80773 
58200 0.120826 0.131513 1.65844 0 0 1.91095 1.79014 
58400 0.120136 0.131513 1.6418 0 0 1.89366 1.7735 
58600 0.119458 0.131513 1.62548 0 0 1.87669 1.75718 
58800 0.118779 0.131513 1.60916 0 0 1.85973 1.74086 
59000 0.118101 0.131513 1.59284 0 0 1.84276 1.72454 
59200 0.117422 0.131513 1.57653 0 0 1.8258 1.70822 
59400 0.116744 0.131513 1.56025 0 0 1.80887 1.69195 
59600 0.11608 0.131513 1.54485 0 0 1.79256 1.67655 
59800 0.115416 0.131513 1.52945 0 0 1.77626 1.66115 
60000 0.114751 0.131513 1.51405 0 0 1.75995 1.64575 
60200 0.114115 0.131513 1.49932 0 0 1.74454 1.63102 
60400 0.113479 0.131513 1.48458 0 0 1.72914 1.61628 
60600 0.112845 0.131509 1.47002 0 0 1.71392 1.60172 
60800 0.112221 0.131493 1.45597 0 0 1.69924 1.58767 
61000 0.111597 0.131478 1.44192 0 0 1.68457 1.57362 
61200 0.110972 0.131462 1.42787 0 0 1.6699 1.55957 
61400 0.110348 0.131446 1.41383 0 0 1.65523 1.54552 
61600 0.109724 0.131431 1.39978 0 0 1.64055 1.53147 
61800 0.109115 0.131421 1.38612 0 0 1.62627 1.51776 
62000 0.108537 0.131421 1.37318 0 0 1.61273 1.50467 
62200 0.107958 0.131421 1.36024 0 0 1.59918 1.49158 
62400 0.10738 0.131421 1.3473 0 0 1.58563 1.47849 
62600 0.106801 0.131421 1.33436 0 0 1.57208 1.4654 
62800 0.106223 0.131421 1.32142 0 0 1.55853 1.4523 
63000 0.105652 0.131416 1.30873 0 0 1.54528 1.43955 
63200 0.105098 0.131401 1.2966 0 0 1.5327 1.42757 
63400 0.104544 0.131386 1.28447 0 0 1.52012 1.41559 
63600 0.10399 0.131371 1.27234 0 0 1.50754 1.40361 
63800 0.103436 0.131356 1.26021 0 0 1.49496 1.39163 
64000 0.102881 0.131341 1.24808 0 0 1.48238 1.37965 
64200 0.102331 0.131326 1.23609 0 0 1.46992 1.36778 
64400 0.1018 0.131312 1.22489 0 0 1.45813 1.35659 
64600 0.10127 0.131297 1.21369 0 0 1.44635 1.34539 
64800 0.100739 0.131282 1.20249 0 0 1.43456 1.33419 
65000 0.100209 0.131267 1.19129 0 0 1.42277 1.32299 
65200 0.0996786 0.131253 1.18009 0 0 1.41098 1.31179 
65400 0.0991481 0.131238 1.16889 0 0 1.39919 1.30059 
65600 0.0986417 0.131236 1.15858 0 0 1.3883 1.29015 
65800 0.0981381 0.131236 1.14836 0 0 1.37751 1.27979 
66000 0.0976344 0.131236 1.13815 0 0 1.36672 1.26942 
66200 0.0971308 0.131236 1.12793 0 0 1.35592 1.25906 
66400 0.0966272 0.131236 1.11771 0 0 1.34513 1.2487 
66600 0.0961235 0.131236 1.10749 0 0 1.33434 1.23834 
66800 0.0956326 0.131222 1.09761 0 0 1.32395 1.22838 
67000 0.0951546 0.131194 1.08804 0 0 1.31397 1.21882 
67200 0.0946765 0.131166 1.07848 0 0 1.30398 1.20926 
67400 0.0941985 0.131138 1.06892 0 0 1.294 1.1997 
67600 0.0937204 0.13111 1.05936 0 0 1.28402 1.19014 
67800 0.0932424 0.131082 1.0498 0 0 1.27404 1.18058 
68000 0.0927643 0.131054 1.04024 0 0 1.26405 1.17102 
68200 0.0923063 0.131039 1.03134 0 0 1.25474 1.16212 
68400 0.0918492 0.131025 1.02248 0 0 1.24546 1.15325 
68600 0.0913922 0.131011 1.01361 0 0 1.23618 1.14439 
68800 0.0909352 0.130998 1.00475 0 0 1.2269 1.13553 
69000 0.0904782 0.130984 0.995888 0 0 1.21762 1.12666 
69200 0.0900212 0.13097 0.987024 0 0 1.20834 1.1178 
69400 0.0895711 0.130956 0.978364 0 0 1.19923 1.10914 
69600 0.0891372 0.130942 0.970178 0 0 1.1905 1.10095 
69800 0.0887034 0.130929 0.961991 0 0 1.18177 1.09277 
70000 0.0882695 0.130915 0.953805 0 0 1.17303 1.08458 
70200 0.0878356 0.130902 0.945619 0 0 1.1643 1.07639 
70400 0.0874017 0.130888 0.937432 0 0 1.15557 1.06821 
70600 0.0869679 0.130874 0.929246 0 0 1.14684 1.06002 
70800 0.0865458 0.130853 0.921341 0 0 1.1385 1.05208 
71000 0.0861334 0.130827 0.913667 0 0 1.1305 1.04434 
71200 0.0857209 0.1308 0.905992 0 0 1.12249 1.0366 
71400 0.0853085 0.130773 0.898317 0 0 1.11448 1.02886 
71600 0.0848961 0.130747 0.890643 0 0 1.10647 1.02111 
71800 0.0844836 0.13072 0.882968 0 0 1.09846 1.01337 
72000 0.0840712 0.130693 0.875293 0 0 1.09045 1.00563 
72200 0.083673 0.130675 0.868039 0 0 1.08281 0.998423 
72400 0.0832824 0.130662 0.861011 0 0 1.07536 0.991499 
72600 0.0828918 0.130649 0.853983 0 0 1.06792 0.984575 
72800 0.0825012 0.130636 0.846955 0 0 1.06047 0.977652 
73000 0.0821106 0.130623 0.839927 0 0 1.05303 0.970728 
73200 0.08172 0.13061 0.832899 0 0 1.04558 0.963805 
73400 0.0813294 0.130597 0.825871 0 0 1.03813 0.956881 
73600 0.0809514 0.130576 0.819169 0 0 1.03101 0.950167 
73800 0.0805817 0.130551 0.812684 0 0 1.0241 0.943593 
74000 0.0802121 0.130525 0.806199 0 0 1.0172 0.937018 
74200 0.0798424 0.1305 0.799713 0 0 1.01029 0.930443 
74400 0.0794728 0.130474 0.793228 0 0 1.00338 0.923869 
74600 0.0791031 0.130449 0.786743 0 0 0.996476 0.917294 
74800 0.0787334 0.130423 0.780258 0 0 0.989569 0.91072 
75000 0.0783698 0.130397 0.77395 0 0 0.982851 0.904348 
75200 0.0780153 0.130372 0.767907 0 0 0.976417 0.898279 
75400 0.0776608 0.130347 0.761864 0 0 0.969983 0.892211 
75600 0.0773063 0.130322 0.755821 0 0 0.963549 0.886143 
75800 0.0769518 0.130297 0.749778 0 0 0.957115 0.880075 
76000 0.0765973 0.130271 0.743735 0 0 0.95068 0.874006 
76200 0.0762428 0.130246 0.737692 0 0 0.944246 0.867938 
76400 0.0758903 0.130221 0.731698 0 0 0.937864 0.861919 
76600 0.0755563 0.130196 0.726148 0 0 0.931945 0.856344 
76800 0.0752223 0.130172 0.720598 0 0 0.926027 0.85077 
77000 0.0748883 0.130147 0.715047 0 0 0.920108 0.845195 
77200 0.0745543 0.130123 0.709497 0 0 0.914189 0.83962 
77400 0.0742203 0.130098 0.703947 0 0 0.90827 0.834045 
77600 0.0738863 0.130074 0.698397 0 0 0.902352 0.82847 
77800 0.0735523 0.130049 0.692846 0 0 0.896433 0.822895 
78000 0.0732268 0.130025 0.687521 0 0 0.890757 0.817546 
78200 0.0729069 0.13 0.682347 0 0 0.885244 0.812348 
78400 0.072587 0.129976 0.677173 0 0 0.87973 0.807149 
78600 0.0722671 0.129952 0.671999 0 0 0.874216 0.80195 
78800 0.0719471 0.129928 0.666824 0 0 0.868703 0.796752 
79000 0.0716272 0.129903 0.66165 0 0 0.863189 0.791553 
79200 0.0713073 0.129879 0.656476 0 0 0.857676 0.786355 
79400 0.0709874 0.129855 0.651301 0 0 0.852162 0.781156 
79600 0.0706804 0.129824 0.64642 0 0 0.846943 0.776244 
79800 0.0703734 0.129794 0.641539 0 0 0.841725 0.771333 
80000 0.0700665 0.129763 0.636658 0 0 0.836506 0.766421 
80200 0.0697659 0.129744 0.631927 0 0 0.831445 0.761671 
80400 0.0694654 0.129724 0.627196 0 0 0.826385 0.756921 
80600 0.0691649 0.129705 0.622466 0 0 0.821324 0.75217 
80800 0.0688644 0.129685 0.617735 0 0 0.816264 0.74742 
81000 0.0685671 0.129662 0.613089 0 0 0.81129 0.742751 
81200 0.0682798 0.129627 0.608698 0 0 0.806575 0.738326 
81400 0.0679926 0.129593 0.604308 0 0 0.80186 0.733901 
81600 0.0677053 0.129558 0.599918 0 0 0.797145 0.729475 
81800 0.067418 0.129523 0.595527 0 0 0.792431 0.72505 
82000 0.0671307 0.129488 0.591137 0 0 0.787716 0.720625 
82200 0.0668434 0.129454 0.586746 0 0 0.783001 0.7162 
82400 0.0665561 0.129419 0.582356 0 0 0.778286 0.711775 
82600 0.0662726 0.129388 0.57805 0 0 0.773664 0.707438 
82800 0.065998 0.129365 0.573943 0 0 0.76926 0.703308 
83000 0.0657235 0.129342 0.569836 0 0 0.764855 0.699178 
83200 0.0654489 0.129319 0.565729 0 0 0.760451 0.695048 
83400 0.0651743 0.129296 0.561622 0 0 0.756046 0.690918 
83600 0.0648998 0.129273 0.557514 0 0 0.751642 0.686788 
83800 0.0646252 0.12925 0.553407 0 0 0.747237 0.682658 
84000 0.0643506 0.129228 0.5493 0 0 0.742832 0.678528 
84200 0.0640799 0.129202 0.545277 0 0 0.738516 0.674479 
84400 0.063821 0.129168 0.541503 0 0 0.734464 0.670672 
84600 0.063562 0.129135 0.53773 0 0 0.730411 0.666865 
84800 0.063303 0.129101 0.533957 0 0 0.726359 0.663059 
85000 0.063044 0.129068 0.530184 0 0 0.722307 0.659252 
85200 0.062785 0.129035 0.526411 0 0 0.718255 0.655445 
85400 0.062526 0.129001 0.522638 0 0 0.714203 0.651639 
85600 0.0622671 0.128968 0.518865 0 0 0.71015 0.647832 
85800 0.0620081 0.128934 0.515092 0 0 0.706098 0.644026 
86000 0.0617599 0.128901 0.511584 0 0 0.702293 0.640474 
86200 0.0615117 0.128868 0.508077 0 0 0.698488 0.636923 
86400 0.0612636 0.128835 0.504569 0 0 0.694683 0.633371 
86600 0.0610154 0.128802 0.501062 0 0 0.690877 0.62982 
86800 0.0607673 0.128769 0.497555 0 0 0.687072 0.626268 
87000 0.0605191 0.128736 0.494047 0 0 0.683267 0.622717 
87200 0.0602709 0.128702 0.49054 0 0 0.679462 0.619165 
87400 0.0600228 0.128669 0.487033 0 0 0.675657 0.615614 
87600 0.0597833 0.128637 0.483698 0 0 0.67205 0.612249 
87800 0.0595485 0.128604 0.480455 0 0 0.668549 0.608986 
88000 0.0593137 0.128572 0.477213 0 0 0.665048 0.605722 
88200 0.0590788 0.12854 0.473971 0 0 0.661547 0.602458 
88400 0.058844 0.128508 0.470729 0 0 0.658047 0.599194 
88600 0.0586092 0.128475 0.467487 0 0 0.654546 0.595931 
88800 0.0583744 0.128443 0.464244 0 0 0.651045 0.592667 
89000 0.0581396 0.128411 0.461002 0 0 0.647545 0.589403 
89200 0.057906 0.128378 0.457785 0 0 0.64407 0.586164 
89400 0.0576839 0.128347 0.454796 0 0 0.640828 0.583143 
89600 0.0574619 0.128315 0.451807 0 0 0.637586 0.580122 
89800 0.0572398 0.128284 0.448818 0 0 0.634345 0.577101 
90000 0.0570177 0.128252 0.445829 0 0 0.631103 0.574081 
90200 0.0567956 0.12822 0.44284 0 0 0.627861 0.57106 
90400 0.0565735 0.128189 0.43985 0 0 0.624619 0.568039 
90600 0.0563514 0.128157 0.436861 0 0 0.621377 0.565019 
90800 0.0561294 0.128126 0.433872 0 0 0.618136 0.561998 
91000 0.0559108 0.128094 0.430958 0 0 0.614971 0.559053 
91200 0.0556986 0.128063 0.428185 0 0 0.611949 0.556249 
91400 0.0554865 0.128032 0.425412 0 0 0.608928 0.553444 
91600 0.0552744 0.128001 0.422639 0 0 0.605906 0.55064 
91800 0.0550622 0.12797 0.419866 0 0 0.602885 0.547836 
92000 0.0548501 0.127939 0.417092 0 0 0.599863 0.545031 
92200 0.054638 0.127908 0.414319 0 0 0.596842 0.542227 
92400 0.0544259 0.127877 0.411546 0 0 0.59382 0.539423 
92600 0.0542137 0.127846 0.408773 0 0 0.590798 0.536619 
92800 0.0540064 0.127811 0.406093 0 0 0.587877 0.533904 
93000 0.0538049 0.12777 0.403529 0 0 0.585079 0.531299 
93200 0.0536034 0.127729 0.400965 0 0 0.58228 0.528694 
93400 0.0534019 0.127688 0.3984 0 0 0.579482 0.526089 
93600 0.0532004 0.127648 0.395836 0 0 0.576683 0.523483 
93800 0.0529989 0.127607 0.393271 0 0 0.573885 0.520878 
94000 0.0527974 0.127566 0.390707 0 0 0.571086 0.518273 
94200 0.0525959 0.127526 0.388142 0 0 0.568288 0.515668 
94400 0.0523944 0.127485 0.385578 0 0 0.565489 0.513063 
94600 0.0521971 0.127449 0.383087 0 0 0.562771 0.510536 
94800 0.0520059 0.127419 0.380708 0 0 0.560172 0.508127 
95000 0.0518148 0.127389 0.378328 0 0 0.557574 0.505717 
95200 0.0516236 0.127359 0.375949 0 0 0.554975 0.503308 
95400 0.0514324 0.127329 0.373569 0 0 0.552376 0.500898 
95600 0.0512413 0.127299 0.37119 0 0 0.549778 0.498489 
95800 0.0510501 0.127269 0.36881 0 0 0.547179 0.49608 
96000 0.050859 0.127239 0.366431 0 0 0.544581 0.49367 
96200 0.0506678 0.12721 0.364051 0 0 0.541982 0.491261 
96400 0.050478 0.127178 0.361699 0 0 0.53941 0.488878 
96600 0.0502957 0.127139 0.359505 0 0 0.53699 0.486644 
96800 0.0501135 0.1271 0.35731 0 0 0.53457 0.48441 
97000 0.0499313 0.127061 0.355115 0 0 0.53215 0.482176 
97200 0.0497491 0.127022 0.352921 0 0 0.52973 0.479942 
97400 0.0495668 0.126982 0.350726 0 0 0.52731 0.477709 
97600 0.0493846 0.126943 0.348531 0 0 0.52489 0.475475 
97800 0.0492024 0.126904 0.346337 0 0 0.52247 0.473241 
98000 0.0490201 0.126865 0.344142 0 0 0.520051 0.471007 
98200 0.0488379 0.126826 0.341948 0 0 0.517631 0.468773 
98400 0.0486621 0.126792 0.339868 0 0 0.515336 0.46666 
98600 0.0484884 0.126761 0.337826 0 0 0.513084 0.464586 
98800 0.0483148 0.126729 0.335784 0 0 0.510831 0.462513 
99000 0.0481411 0.126697 0.333742 0 0 0.508579 0.460439 
99200 0.0479674 0.126666 0.3317 0 0 0.506327 0.458366 
99400 0.0477937 0.126634 0.329658 0 0 0.504074 0.456292 
99600 0.0476201 0.126603 0.327616 0 0 0.501822 0.454219 
99800 0.0474464 0.126571 0.325574 0 0 0.499569 0.452145 
100000 0.0472727 0.12654 0.323532 0 0 0.497317 0.450072 
100200 0.0471254 0.12654 0.321875 0 0 0.495475 0.448322 
100400 0.0469567 0.126501 0.319936 0 0 0.493333 0.446354 
100600 0.046788 0.126462 0.317997 0 0 0.49119 0.444386 
100800 0.0466194 0.126423 0.316058 0 0 0.489048 0.442418 
101000 0.0464507 0.126384 0.314119 0 0 0.486905 0.44045 
101200 0.046282 0.126346 0.31218 0 0 0.484763 0.438483 
101400 0.0461133 0.126307 0.310242 0 0 0.482621 0.436514 
101600 0.0459446 0.126268 0.308303 0 0 0.480478 0.434547 
101800 0.045776 0.126229 0.306364 0 0 0.478336 0.432579 
102000 0.0456073 0.126191 0.304425 0 0 0.476193 0.430611 
102200 0.0454451 0.126153 0.302585 0 0 0.47416 0.428738 
102400 0.0452895 0.126116 0.300845 0 0 0.472235 0.426961 
102600 0.0451338 0.126079 0.299104 0 0 0.47031 0.425183 
102800 0.0449782 0.126042 0.297363 0 0 0.468385 0.423406 
103000 0.0448225 0.126005 0.295623 0 0 0.46646 0.421628 
103200 0.0446669 0.125969 0.293882 0 0 0.464536 0.419851 
103400 0.0445113 0.125932 0.292142 0 0 0.462611 0.418073 
103600 0.0443556 0.125895 0.290401 0 0 0.460686 0.416296 
103800 0.0442 0.125858 0.28866 0 0 0.458761 0.414518 
104000 0.0440443 0.125821 0.28692 0 0 0.456836 0.412741 
104200 0.0438946 0.125785 0.285273 0 0 0.455006 0.411058 
104400 0.0437507 0.12575 0.283721 0 0 0.453269 0.409471 
104600 0.0436069 0.125715 0.282168 0 0 0.451532 0.407883 
104800 0.0434631 0.12568 0.280616 0 0 0.449796 0.406296 
105000 0.0433192 0.125645 0.279063 0 0 0.448059 0.404708 
105200 0.0431754 0.12561 0.277511 0 0 0.446322 0.403121 
105400 0.0430315 0.125575 0.275958 0 0 0.444586 0.401533 
105600 0.0428877 0.12554 0.274406 0 0 0.442849 0.399946 
105800 0.0427438 0.125505 0.272853 0 0 0.441112 0.398358 
106000 0.0426 0.12547 0.271301 0 0 0.439376 0.39677 
106200 0.0424562 0.125434 0.269749 0 0 0.437639 0.395183 
106400 0.0423106 0.125398 0.268201 0 0 0.435908 0.393599 
106600 0.0421651 0.125361 0.266654 0 0 0.434176 0.392015 
106800 0.0420196 0.125324 0.265107 0 0 0.432445 0.390431 
107000 0.0418741 0.125287 0.26356 0 0 0.430713 0.388847 
107200 0.0417286 0.12525 0.262012 0 0 0.428982 0.387263 
107400 0.0415831 0.125213 0.260465 0 0 0.427251 0.385679 
107600 0.0414376 0.125177 0.258918 0 0 0.425519 0.384095 
107800 0.041292 0.12514 0.257371 0 0 0.423788 0.38251 
108000 0.0411465 0.125103 0.255824 0 0 0.422056 0.380926 
108200 0.041001 0.125066 0.254276 0 0 0.420325 0.379342 
108400 0.0408721 0.125033 0.252954 0 0 0.418835 0.377986 
108600 0.0407432 0.124999 0.251631 0 0 0.417344 0.37663 
108800 0.0406142 0.124966 0.250308 0 0 0.415854 0.375273 
109000 0.0404853 0.124932 0.248985 0 0 0.414364 0.373917 
109200 0.0403564 0.124899 0.247662 0 0 0.412874 0.372561 
109400 0.0402274 0.124865 0.246339 0 0 0.411383 0.371204 
109600 0.0400985 0.124832 0.245017 0 0 0.409893 0.369848 
109800 0.0399696 0.124798 0.243694 0 0 0.408403 0.368492 
110000 0.0398406 0.124765 0.242371 0 0 0.406913 0.367136 
110200 0.0397117 0.124731 0.241048 0 0 0.405422 0.365779 
110400 0.0395828 0.124698 0.239725 0 0 0.403932 0.364423 
110600 0.0394529 0.124663 0.238418 0 0 0.402458 0.363072 
110800 0.0393231 0.124627 0.237112 0 0 0.400985 0.361721 
111000 0.0391933 0.124592 0.235805 0 0 0.399511 0.360371 
111200 0.0390635 0.124557 0.234498 0 0 0.398038 0.35902 
111400 0.0389337 0.124522 0.233191 0 0 0.396564 0.357669 
111600 0.0388039 0.124487 0.231884 0 0 0.395091 0.356318 
111800 0.0386741 0.124452 0.230577 0 0 0.393617 0.354968 
112000 0.0385443 0.124417 0.22927 0 0 0.392144 0.353617 
112200 0.0384145 0.124382 0.227963 0 0 0.39067 0.352266 
112400 0.0382846 0.124347 0.226656 0 0 0.389197 0.350915 
112600 0.0381595 0.124308 0.225413 0 0 0.387794 0.349633 
112800 0.0380389 0.124266 0.224232 0 0 0.386463 0.348419 
113000 0.0379183 0.124225 0.223052 0 0 0.385132 0.347205 
113200 0.0377978 0.124183 0.221871 0 0 0.383801 0.345991 
113400 0.0376772 0.124141 0.220691 0 0 0.382469 0.344777 
113600 0.0375566 0.124099 0.21951 0 0 0.381138 0.343563 
113800 0.0374361 0.124057 0.21833 0 0 0.379807 0.342349 
114000 0.0373155 0.124015 0.217149 0 0 0.378476 0.341135 
114200 0.037195 0.123973 0.215969 0 0 0.377145 0.339921 
114400 0.0370744 0.123932 0.214788 0 0 0.375813 0.338707 
114600 0.0369538 0.12389 0.213608 0 0 0.374482 0.337493 
114800 0.0368379 0.123853 0.212485 0 0 0.373212 0.336338 
115000 0.0367266 0.123821 0.21142 0 0 0.372003 0.335241 
115200 0.0366153 0.123789 0.210355 0 0 0.370794 0.334143 
115400 0.036504 0.123757 0.20929 0 0 0.369584 0.333046 
115600 0.0363926 0.123725 0.208225 0 0 0.368375 0.331949 
115800 0.0362813 0.123693 0.207159 0 0 0.367166 0.330852 
116000 0.03617 0.123661 0.206094 0 0 0.365957 0.329755 
116200 0.0360587 0.123629 0.205029 0 0 0.364747 0.328658 
116400 0.0359474 0.123597 0.203964 0 0 0.363538 0.327561 
116600 0.0358361 0.123564 0.202899 0 0 0.362329 0.326463 
116800 0.0357247 0.123532 0.201834 0 0 0.361119 0.325366 
117000 0.0356134 0.1235 0.200769 0 0 0.35991 0.324269 
117200 0.0355012 0.123459 0.199731 0 0 0.358713 0.323189 
117400 0.0353891 0.123417 0.198692 0 0 0.357516 0.322109 
117600 0.0352769 0.123375 0.197654 0 0 0.356318 0.321029 
117800 0.0351647 0.123333 0.196616 0 0 0.355121 0.319949 
118000 0.0350525 0.123291 0.195578 0 0 0.353924 0.318869 
118200 0.0349403 0.123249 0.19454 0 0 0.352727 0.317789 
118400 0.0348281 0.123207 0.193502 0 0 0.35153 0.316709 
118600 0.0347159 0.123166 0.192463 0 0 0.350332 0.315629 
118800 0.0346037 0.123124 0.191425 0 0 0.349135 0.314549 
119000 0.0344915 0.123082 0.190387 0 0 0.347938 0.313469 
119200 0.0343794 0.12304 0.189349 0 0 0.346741 0.312389 
119400 0.0342796 0.123009 0.188443 0 0 0.345704 0.311445 
119600 0.0341798 0.122979 0.187538 0 0 0.344668 0.310501 
119800 0.03408 0.122948 0.186632 0 0 0.343632 0.309557 
120000 0.0339803 0.122917 0.185726 0 0 0.342596 0.308613 
120200 0.0338805 0.122886 0.184821 0 0 0.34156 0.307669 
120400 0.0337807 0.122856 0.183915 0 0 0.340524 0.306725 
120600 0.033681 0.122825 0.18301 0 0 0.339488 0.305781 
120800 0.0335812 0.122794 0.182104 0 0 0.338452 0.304837 
121000 0.0334814 0.122764 0.181198 0 0 0.337416 0.303893 
121200 0.0333816 0.122733 0.180293 0 0 0.33638 0.302949 
121400 0.0332819 0.122702 0.179387 0 0 0.335344 0.302005 
121600 0.0331821 0.122672 0.178482 0 0 0.334308 0.301061 
121800 0.0330854 0.122633 0.17763 0 0 0.333318 0.300178 
122000 0.0329887 0.122595 0.176778 0 0 0.332328 0.299296 
122200 0.032892 0.122556 0.175926 0 0 0.331338 0.298413 
122400 0.0327953 0.122518 0.175074 0 0 0.330347 0.297531 
122600 0.0326986 0.12248 0.174222 0 0 0.329357 0.296648 
122800 0.0326019 0.122441 0.17337 0 0 0.328367 0.295766 
123000 0.0325052 0.122403 0.172518 0 0 0.327377 0.294883 
123200 0.0324085 0.122365 0.171666 0 0 0.326387 0.294 
123400 0.0323118 0.122326 0.170815 0 0 0.325397 0.293118 
123600 0.0322151 0.122288 0.169963 0 0 0.324407 0.292235 
123800 0.0321184 0.122249 0.169111 0 0 0.323417 0.291353 
124000 0.0320217 0.122211 0.168259 0 0 0.322427 0.29047 
124200 0.0319281 0.122173 0.167453 0 0 0.321499 0.289626 
124400 0.0318344 0.122134 0.166647 0 0 0.32057 0.288782 
124600 0.0317408 0.122096 0.165841 0 0 0.319641 0.287937 
124800 0.0316472 0.122058 0.165036 0 0 0.318713 0.287093 
125000 0.0315535 0.122019 0.16423 0 0 0.317784 0.286249 
125200 0.0314599 0.121981 0.163424 0 0 0.316855 0.285405 
125400 0.0313663 0.121942 0.162618 0 0 0.315927 0.284561 
125600 0.0312726 0.121904 0.161812 0 0 0.314998 0.283716 
125800 0.031179 0.121866 0.161006 0 0 0.31407 0.282872 
126000 0.0310854 0.121827 0.160201 0 0 0.313141 0.282028 
126200 0.0309918 0.121789 0.159395 0 0 0.312212 0.281184 
126400 0.0308981 0.121751 0.158589 0 0 0.311284 0.280339 
126600 0.0308083 0.121712 0.157829 0 0 0.310393 0.279549 
126800 0.0307185 0.121674 0.157069 0 0 0.309503 0.278759 
127000 0.0306287 0.121635 0.15631 0 0 0.308613 0.277968 
127200 0.030539 0.121597 0.15555 0 0 0.307723 0.277178 
127400 0.0304492 0.121559 0.15479 0 0 0.306832 0.276387 
127600 0.0303594 0.12152 0.15403 0 0 0.305942 0.275597 
127800 0.0302696 0.121482 0.15327 0 0 0.305052 0.274806 
128000 0.0301798 0.121444 0.152511 0 0 0.304162 0.274016 
128200 0.03009 0.121405 0.151751 0 0 0.303271 0.273225 
128400 0.0300002 0.121367 0.150991 0 0 0.302381 0.272435 
128600 0.0299104 0.121328 0.150231 0 0 0.301491 0.271644 
128800 0.0298206 0.12129 0.149471 0 0 0.3006 0.270854 
129000 0.0297398 0.121255 0.148813 0 0 0.299828 0.270159 
129200 0.0296591 0.121219 0.148154 0 0 0.299056 0.269465 
129400 0.0295783 0.121184 0.147495 0 0 0.298284 0.268771 
129600 0.0294976 0.121148 0.146836 0 0 0.297512 0.268077 
129800 0.0294168 0.121113 0.146177 0 0 0.29674 0.267382 
130000 0.029336 0.121078 0.145518 0 0 0.295967 0.266688 
130200 0.0292553 0.121042 0.14486 0 0 0.295195 0.265994 
130400 0.0291745 0.121007 0.144201 0 0 0.294423 0.2653 
130600 0.0290938 0.120971 0.143542 0 0 0.293651 0.264605 
130800 0.029013 0.120936 0.142883 0 0 0.292879 0.263911 
131000 0.0289322 0.1209 0.142224 0 0 0.292107 0.263217 
131200 0.0288515 0.120865 0.141565 0 0 0.291334 0.262522 
131400 0.0287707 0.12083 0.140907 0 0 0.290562 0.261828 
131600 0.0286897 0.120793 0.140266 0 0 0.289796 0.261143 
131800 0.0286086 0.120756 0.139625 0 0 0.28903 0.260458 
132000 0.0285276 0.120719 0.138984 0 0 0.288263 0.259773 
132200 0.0284465 0.120682 0.138343 0 0 0.287497 0.259087 
132400 0.0283655 0.120645 0.137702 0 0 0.286731 0.258402 
132600 0.0282844 0.120609 0.137061 0 0 0.285965 0.257717 
132800 0.0282034 0.120572 0.13642 0 0 0.285198 0.257032 
133000 0.0281224 0.120535 0.135779 0 0 0.284432 0.256347 
133200 0.0280413 0.120498 0.135138 0 0 0.283666 0.255662 
133400 0.0279603 0.120461 0.134497 0 0 0.2829 0.254976 
133600 0.0278792 0.120424 0.133856 0 0 0.282133 0.254291 
133800 0.0277982 0.120388 0.133215 0 0 0.281367 0.253606 
134000 0.0277215 0.120352 0.132611 0 0 0.28065 0.252963 
134200 0.0276492 0.120318 0.132045 0 0 0.279981 0.252363 
134400 0.0275769 0.120284 0.131479 0 0 0.279313 0.251763 
134600 0.0275046 0.12025 0.130912 0 0 0.278644 0.251162 
134800 0.0274323 0.120216 0.130346 0 0 0.277976 0.250562 
135000 0.0273599 0.120182 0.12978 0 0 0.277307 0.249962 
135200 0.0272876 0.120147 0.129214 0 0 0.276639 0.249361 
135400 0.0272153 0.120113 0.128648 0 0 0.27597 0.248761 
135600 0.027143 0.120079 0.128081 0 0 0.275302 0.248161 
135800 0.0270707 0.120045 0.127515 0 0 0.274633 0.24756 
136000 0.0269984 0.120011 0.126949 0 0 0.273964 0.24696 
136200 0.0269261 0.119977 0.126383 0 0 0.273296 0.24636 
136400 0.0268538 0.119943 0.125816 0 0 0.272627 0.245759 
136600 0.0267814 0.119909 0.12525 0 0 0.271959 0.245159 
136800 0.0267085 0.119873 0.124698 0 0 0.2713 0.244571 
137000 0.0266355 0.119838 0.124145 0 0 0.270641 0.243983 
137200 0.0265625 0.119802 0.123593 0 0 0.269982 0.243395 
137400 0.0264896 0.119767 0.12304 0 0 0.269323 0.242807 
137600 0.0264166 0.119732 0.122487 0 0 0.268665 0.242219 
137800 0.0263436 0.119696 0.121935 0 0 0.268006 0.241631 
138000 0.0262707 0.119661 0.121382 0 0 0.267347 0.241043 
138200 0.0261977 0.119625 0.12083 0 0 0.266688 0.240455 
138400 0.0261247 0.11959 0.120277 0 0 0.266029 0.239867 
138600 0.0260518 0.119554 0.119724 0 0 0.26537 0.239279 
138800 0.0259788 0.119519 0.119172 0 0 0.264712 0.238691 
139000 0.0259058 0.119484 0.118619 0 0 0.264053 0.238103 
139200 0.0258329 0.119448 0.118067 0 0 0.263394 0.237515 
139400 0.0257653 0.119414 0.117569 0 0 0.262787 0.236976 
139600 0.0256978 0.11938 0.117071 0 0 0.26218 0.236437 
139800 0.0256302 0.119346 0.116573 0 0 0.261572 0.235898 
140000 0.0255627 0.119312 0.116075 0 0 0.260965 0.235359 
140200 0.0254952 0.119278 0.115577 0 0 0.260358 0.23482 
140400 0.0254276 0.119244 0.115079 0 0 0.259751 0.234281 
140600 0.0253601 0.119209 0.114581 0 0 0.259144 0.233742 
140800 0.0252926 0.119175 0.114083 0 0 0.258537 0.233204 
141000 0.025225 0.119141 0.113585 0 0 0.25793 0.232665 
141200 0.0251575 0.119107 0.113087 0 0 0.257322 0.232126 
141400 0.02509 0.119073 0.112589 0 0 0.256715 0.231587 
141600 0.0250224 0.119039 0.112091 0 0 0.256108 0.231048 
141800 0.0249549 0.119005 0.111593 0 0 0.255501 0.230509 
142000 0.0248895 0.118968 0.111117 0 0 0.254921 0.229996 
142200 0.0248264 0.118929 0.110663 0 0 0.254368 0.229509 
142400 0.0247632 0.118889 0.110209 0 0 0.253816 0.229022 
142600 0.0247001 0.11885 0.109755 0 0 0.253263 0.228536 
142800 0.0246369 0.11881 0.109301 0 0 0.252711 0.228049 
143000 0.0245738 0.118771 0.108847 0 0 0.252158 0.227562 
143200 0.0245106 0.118731 0.108393 0 0 0.251606 0.227075 
143400 0.0244475 0.118692 0.10794 0 0 0.251053 0.226588 
143600 0.0243843 0.118652 0.107486 0 0 0.2505 0.226102 
143800 0.0243212 0.118613 0.107032 0 0 0.249948 0.225615 
144000 0.024258 0.118573 0.106578 0 0 0.249395 0.225128 
144200 0.0241949 0.118534 0.106124 0 0 0.248843 0.224641 
144400 0.0241317 0.118494 0.10567 0 0 0.24829 0.224154 
144600 0.0240686 0.118455 0.105216 0 0 0.247738 0.223668 
144800 0.0240064 0.118419 0.104775 0 0 0.247198 0.223191 
145000 0.0239452 0.118386 0.104348 0 0 0.246672 0.222724 
145200 0.023884 0.118353 0.10392 0 0 0.246146 0.222257 
145400 0.0238229 0.11832 0.103493 0 0 0.245619 0.22179 
145600 0.0237617 0.118287 0.103065 0 0 0.245093 0.221323 
145800 0.0237005 0.118254 0.102637 0 0 0.244567 0.220855 
146000 0.0236393 0.118221 0.10221 0 0 0.244041 0.220388 
146200 0.0235782 0.118188 0.101782 0 0 0.243514 0.219921 
146400 0.023517 0.118156 0.101355 0 0 0.242988 0.219454 
146600 0.0234558 0.118123 0.100927 0 0 0.242462 0.218987 
146800 0.0233946 0.11809 0.100499 0 0 0.241936 0.21852 
147000 0.0233334 0.118057 0.100072 0 0 0.241409 0.218053 
147200 0.0232723 0.118024 0.0996443 0 0 0.240883 0.217586 
147400 0.0232111 0.117991 0.0992167 0 0 0.240357 0.217119 
147600 0.0231525 0.117956 0.0988077 0 0 0.239854 0.216676 
147800 0.0230965 0.117919 0.0984172 0 0 0.239375 0.216256 
148000 0.0230405 0.117883 0.0980267 0 0 0.238896 0.215836 
148200 0.0229845 0.117846 0.0976362 0 0 0.238417 0.215416 
148400 0.0229285 0.117809 0.0972458 0 0 0.237939 0.214996 
148600 0.0228725 0.117772 0.0968553 0 0 0.23746 0.214576 
148800 0.0228165 0.117735 0.0964648 0 0 0.236981 0.214156 
149000 0.0227605 0.117698 0.0960743 0 0 0.236502 0.213736 
149200 0.0227046 0.117662 0.0956838 0 0 0.236023 0.213316 
149400 0.0226486 0.117625 0.0952933 0 0 0.235544 0.212896 
149600 0.0225926 0.117588 0.0949028 0 0 0.235065 0.212476 
149800 0.0225366 0.117551 0.0945123 0 0 0.234586 0.212056 
150000 0.0224806 0.117514 0.0941219 0 0 0.234107 0.211636 
150200 0.0224207 0.117468 0.0937074 0 0 0.233601 0.211176 
150400 0.0223608 0.117422 0.093293 0 0 0.233094 0.210715 
150600 0.0223074 0.117391 0.0929381 0 0 0.232652 0.210328 
150800 0.022254 0.117361 0.0925833 0 0 0.23221 0.209941 
151000 0.0222006 0.11733 0.0922284 0 0 0.231768 0.209555 
151200 0.0221472 0.117299 0.0918735 0 0 0.231326 0.209168 
151400 0.0220938 0.117269 0.0915186 0 0 0.230884 0.208781 
151600 0.0220404 0.117238 0.0911637 0 0 0.230442 0.208394 
151800 0.0219869 0.117207 0.0908089 0 0 0.23 0.208007 
152000 0.0219335 0.117176 0.090454 0 0 0.229558 0.207621 
152200 0.0218801 0.117146 0.0900991 0 0 0.229116 0.207234 
152400 0.0218267 0.117115 0.0897442 0 0 0.228674 0.206847 
152600 0.0217733 0.117084 0.0893894 0 0 0.228232 0.20646 
152800 0.0217199 0.117054 0.0890345 0 0 0.22779 0.206073 
153000 0.0216664 0.117023 0.0886796 0 0 0.227348 0.205687 
153200 0.021613 0.116992 0.0883247 0 0 0.226906 0.2053 
153400 0.0215596 0.116962 0.0879699 0 0 0.226463 0.204913 
153600 0.0215087 0.116925 0.0876353 0 0 0.22604 0.204539 
153800 0.0214577 0.116888 0.0873006 0 0 0.225616 0.204164 
154000 0.0214067 0.116851 0.086966 0 0 0.225193 0.203789 
154200 0.0213558 0.116814 0.0866314 0 0 0.224769 0.203415 
154400 0.0213048 0.116777 0.0862968 0 0 0.224345 0.20304 
154600 0.0212539 0.116741 0.0859622 0 0 0.223922 0.202666 
154800 0.0212029 0.116704 0.0856276 0 0 0.223498 0.202291 
155000 0.0211519 0.116667 0.085293 0 0 0.223074 0.201917 
155200 0.021101 0.11663 0.0849583 0 0 0.222651 0.201542 
155400 0.02105 0.116593 0.0846237 0 0 0.222227 0.201168 
155600 0.0209991 0.116556 0.0842891 0 0 0.221803 0.200793 
155800 0.0209481 0.11652 0.0839545 0 0 0.22138 0.200419 
156000 0.0208971 0.116483 0.0836199 0 0 0.220956 0.200044 
156200 0.0208462 0.116446 0.0832853 0 0 0.220532 0.19967 
156400 0.0207952 0.116409 0.0829506 0 0 0.220109 0.199295 
156600 0.0207455 0.116372 0.0826351 0 0 0.21971 0.198945 
156800 0.0206958 0.116335 0.0823195 0 0 0.219311 0.198595 
157000 0.020646 0.116299 0.0820039 0 0 0.218912 0.198245 
157200 0.0205963 0.116262 0.0816883 0 0 0.218513 0.197895 
157400 0.0205466 0.116225 0.0813727 0 0 0.218113 0.197545 
157600 0.0204968 0.116188 0.0810572 0 0 0.217714 0.197195 
157800 0.0204471 0.116151 0.0807416 0 0 0.217315 0.196845 
158000 0.0203974 0.116114 0.080426 0 0 0.216916 0.196496 
158200 0.0203476 0.116077 0.0801104 0 0 0.216517 0.196146 
158400 0.0202979 0.116041 0.0797948 0 0 0.216118 0.195796 
158600 0.0202482 0.116004 0.0794793 0 0 0.215719 0.195446 
158800 0.0201984 0.115967 0.0791637 0 0 0.21532 0.195096 
159000 0.0201487 0.11593 0.0788481 0 0 0.214921 0.194746 
159200 0.020099 0.115893 0.0785325 0 0 0.214522 0.194396 
159400 0.0200492 0.115856 0.0782169 0 0 0.214123 0.194046 
159600 0.0200035 0.115821 0.0779288 0 0 0.213754 0.193725 
159800 0.0199577 0.115785 0.0776406 0 0 0.213386 0.193404 
160000 0.019912 0.11575 0.0773524 0 0 0.213017 0.193083 
160200 0.0198662 0.115714 0.0770642 0 0 0.212649 0.192762 
160400 0.0198205 0.115678 0.0767761 0 0 0.212281 0.192442 
160600 0.0197747 0.115643 0.0764879 0 0 0.211912 0.192121 
160800 0.019729 0.115607 0.0761997 0 0 0.211544 0.1918 
161000 0.0196832 0.115571 0.0759116 0 0 0.211176 0.191479 
161200 0.0196375 0.115536 0.0756234 0 0 0.210807 0.191158 
161400 0.0195917 0.1155 0.0753352 0 0 0.210439 0.190837 
161600 0.019546 0.115464 0.075047 0 0 0.21007 0.190516 
161800 0.0195002 0.115429 0.0747589 0 0 0.209702 0.190196 
162000 0.0194545 0.115393 0.0744707 0 0 0.209334 0.189875 
162200 0.0194087 0.115357 0.0741825 0 0 0.208965 0.189554 
162400 0.019363 0.115322 0.0738944 0 0 0.208597 0.189233 
162600 0.0193182 0.115287 0.073619 0 0 0.208243 0.188923 
162800 0.0192745 0.115252 0.0733566 0 0 0.207903 0.188624 
163000 0.0192307 0.115218 0.0730941 0 0 0.207564 0.188324 
163200 0.019187 0.115183 0.0728316 0 0 0.207224 0.188025 
163400 0.0191433 0.115148 0.0725691 0 0 0.206884 0.187726 
163600 0.0190995 0.115114 0.0723067 0 0 0.206545 0.187426 
163800 0.0190558 0.115079 0.0720442 0 0 0.206205 0.187127 
164000 0.019012 0.115045 0.0717817 0 0 0.205866 0.186828 
164200 0.0189683 0.11501 0.0715193 0 0 0.205526 0.186528 
164400 0.0189245 0.114976 0.0712568 0 0 0.205186 0.186229 
164600 0.0188808 0.114941 0.0709943 0 0 0.204847 0.18593 
164800 0.018837 0.114907 0.0707318 0 0 0.204507 0.185631 
165000 0.0187933 0.114872 0.0704694 0 0 0.204168 0.185331 
165200 0.0187495 0.114838 0.0702069 0 0 0.203828 0.185032 
165400 0.0187058 0.114803 0.0699444 0 0 0.203488 0.184733 
165600 0.0186621 0.114769 0.0696819 0 0 0.203149 0.184433 
165800 0.0186201 0.114735 0.0694307 0 0 0.202823 0.184147 
166000 0.0185799 0.114701 0.0691907 0 0 0.20251 0.183873 
166200 0.0185397 0.114668 0.0689507 0 0 0.202198 0.1836 
166400 0.0184995 0.114634 0.0687107 0 0 0.201885 0.183326 
166600 0.0184593 0.114601 0.0684707 0 0 0.201572 0.183053 
166800 0.0184192 0.114567 0.0682307 0 0 0.20126 0.182779 
167000 0.018379 0.114534 0.0679907 0 0 0.200947 0.182506 
167200 0.0183388 0.1145 0.0677507 0 0 0.200635 0.182232 
167400 0.0182986 0.114467 0.0675107 0 0 0.200322 0.181959 
167600 0.0182584 0.114433 0.0672706 0 0 0.20001 0.181685 
167800 0.0182182 0.1144 0.0670306 0 0 0.199697 0.181412 
168000 0.018178 0.114366 0.0667906 0 0 0.199385 0.181138 
168200 0.0181378 0.114333 0.0665506 0 0 0.199072 0.180865 
168400 0.0180977 0.114299 0.0663106 0 0 0.198759 0.180591 
168600 0.0180575 0.114266 0.0660706 0 0 0.198447 0.180318 
168800 0.0180173 0.114232 0.0658306 0 0 0.198134 0.180044 
169000 0.0179771 0.114199 0.0655906 0 0 0.197822 0.179771 
169200 0.017938 0.114165 0.065364 0 0 0.19752 0.179514 
169400 0.0178989 0.114132 0.0651374 0 0 0.197219 0.179257 
169600 0.0178599 0.114098 0.0649108 0 0 0.196917 0.179001 
169800 0.0178208 0.114065 0.0646842 0 0 0.196616 0.178744 
170000 0.0177817 0.114031 0.0644575 0 0 0.196315 0.178487 
170200 0.0177427 0.113998 0.0642309 0 0 0.196013 0.17823 
170400 0.0177036 0.113964 0.0640043 0 0 0.195712 0.177974 
170600 0.0176645 0.113931 0.0637777 0 0 0.19541 0.177717 
170800 0.0176255 0.113897 0.0635511 0 0 0.195109 0.17746 
171000 0.0175864 0.113864 0.0633245 0 0 0.194808 0.177203 
171200 0.0175473 0.11383 0.0630979 0 0 0.194506 0.176947 
171400 0.0175082 0.113797 0.0628713 0 0 0.194205 0.17669 
171600 0.0174692 0.113763 0.0626446 0 0 0.193903 0.176433 
171800 0.0174301 0.11373 0.062418 0 0 0.193602 0.176176 
172000 0.017391 0.113696 0.0621914 0 0 0.193301 0.17592 
172200 0.017352 0.113663 0.0619648 0 0 0.192999 0.175663 
172400 0.0173134 0.113629 0.0617452 0 0 0.192706 0.175412 
172600 0.0172755 0.113596 0.0615325 0 0 0.192422 0.175166 
172800 0.0172375 0.113562 0.0613199 0 0 0.192137 0.174921 
173000 0.0171996 0.113529 0.0611072 0 0 0.191852 0.174675 
173200 0.0171616 0.113495 0.0608946 0 0 0.191568 0.174429 
173400 0.0171237 0.113462 0.0606819 0 0 0.191283 0.174184 
173600 0.0170857 0.113428 0.0604692 0 0 0.190998 0.173938 
173800 0.0170478 0.113395 0.0602566 0 0 0.190714 0.173693 
174000 0.0170098 0.113362 0.0600439 0 0 0.190429 0.173447 
174200 0.0169719 0.113328 0.0598313 0 0 0.190144 0.173201 
174400 0.0169339 0.113295 0.0596186 0 0 0.18986 0.172956 
174600 0.0168959 0.113261 0.0594059 0 0 0.189575 0.17271 
174800 0.016858 0.113228 0.0591933 0 0 0.18929 0.172465 
175000 0.01682 0.113194 0.0589806 0 0 0.189006 0.172219 
175200 0.0167821 0.113161 0.058768 0 0 0.188721 0.171973 
175400 0.0167441 0.113127 0.0585553 0 0 0.188436 0.171728 
175600 0.0167062 0.113094 0.0583427 0 0 0.188152 0.171482 
175800 0.016672 0.113062 0.0581532 0 0 0.187894 0.171256 
176000 0.0166378 0.11303 0.0579638 0 0 0.187636 0.17103 
176200 0.0166035 0.112999 0.0577743 0 0 0.187378 0.170803 
176400 0.0165693 0.112967 0.0575848 0 0 0.18712 0.170577 
176600 0.0165351 0.112936 0.0573954 0 0 0.186862 0.170351 
176800 0.0165009 0.112904 0.0572059 0 0 0.186604 0.170125 
177000 0.0164667 0.112873 0.0570165 0 0 0.186347 0.169898 
177200 0.0164325 0.112841 0.056827 0 0 0.186089 0.169672 
177400 0.0163983 0.112809 0.0566376 0 0 0.185831 0.169446 
177600 0.0163641 0.112778 0.0564481 0 0 0.185573 0.169219 
177800 0.0163299 0.112746 0.0562587 0 0 0.185315 0.168993 
178000 0.0162957 0.112715 0.0560692 0 0 0.185057 0.168767 
178200 0.0162615 0.112683 0.0558798 0 0 0.184799 0.16854 
178400 0.0162273 0.112652 0.0556903 0 0 0.184541 0.168314 
178600 0.0161931 0.11262 0.0555009 0 0 0.184284 0.168088 
178800 0.0161589 0.112588 0.0553114 0 0 0.184026 0.167862 
179000 0.0161247 0.112557 0.0551219 0 0 0.183768 0.167635 
179200 0.016091 0.112525 0.0549378 0 0 0.183518 0.167417 
179400 0.0160578 0.112494 0.0547588 0 0 0.183276 0.167206 
179600 0.0160247 0.112462 0.0545799 0 0 0.183034 0.166996 
179800 0.0159915 0.11243 0.054401 0 0 0.182792 0.166785 
180000 0.0159584 0.112399 0.054222 0 0 0.18255 0.166575 
180200 0.0159252 0.112367 0.0540431 0 0 0.182307 0.166364 
180400 0.015892 0.112336 0.0538642 0 0 0.182065 0.166154 
180600 0.0158589 0.112304 0.0536852 0 0 0.181823 0.165943 
180800 0.0158257 0.112273 0.0535063 0 0 0.181581 0.165733 
181000 0.0157926 0.112241 0.0533274 0 0 0.181339 0.165522 
181200 0.0157594 0.112209 0.0531485 0 0 0.181097 0.165312 
181400 0.0157263 0.112178 0.0529695 0 0 0.180855 0.165101 
181600 0.0156931 0.112146 0.0527906 0 0 0.180613 0.164891 
181800 0.01566 0.112115 0.0526117 0 0 0.180371 0.16468 
182000 0.0156268 0.112083 0.0524327 0 0 0.180129 0.16447 
182200 0.0155937 0.112052 0.0522538 0 0 0.179887 0.164259 
182400 0.0155605 0.11202 0.0520749 0 0 0.179645 0.164049 
182600 0.0155273 0.111988 0.051896 0 0 0.179403 0.163838 
182800 0.0154952 0.111957 0.0517281 0 0 0.179171 0.163638 
183000 0.0154631 0.111925 0.0515602 0 0 0.178939 0.163438 
183200 0.015431 0.111894 0.0513923 0 0 0.178708 0.163238 
183400 0.0153989 0.111862 0.0512244 0 0 0.178476 0.163038 
183600 0.0153668 0.111831 0.0510566 0 0 0.178245 0.162838 
183800 0.0153347 0.111799 0.0508887 0 0 0.178013 0.162638 
184000 0.0153026 0.111767 0.0507208 0 0 0.177782 0.162438 
184200 0.0152705 0.111736 0.0505529 0 0 0.17755 0.162239 
184400 0.0152384 0.111704 0.0503851 0 0 0.177319 0.162039 
184600 0.0152063 0.111673 0.0502172 0 0 0.177087 0.161839 
184800 0.0151742 0.111641 0.0500493 0 0 0.176855 0.161639 
185000 0.0151421 0.11161 0.0498814 0 0 0.176624 0.161439 
185200 0.01511 0.111578 0.0497135 0 0 0.176392 0.161239 
185400 0.0150779 0.111546 0.0495457 0 0 0.176161 0.161039 
185600 0.0150458 0.111515 0.0493778 0 0 0.175929 0.160839 
185800 0.0150137 0.111483 0.0492099 0 0 0.175698 0.160639 
186000 0.0149816 0.111452 0.049042 0 0 0.175466 0.160439 
186200 0.0149511 0.111418 0.0488829 0 0 0.175243 0.160249 
186400 0.0149223 0.111384 0.0487326 0 0 0.175029 0.16007 
186600 0.0148934 0.111349 0.0485823 0 0 0.174815 0.159891 
186800 0.0148645 0.111314 0.0484319 0 0 0.174601 0.159711 
187000 0.0148356 0.111279 0.0482816 0 0 0.174387 0.159532 
187200 0.0148068 0.111244 0.0481312 0 0 0.174173 0.159353 
187400 0.0147779 0.111209 0.0479809 0 0 0.173959 0.159174 
187600 0.014749 0.111175 0.0478306 0 0 0.173745 0.158995 
187800 0.0147201 0.11114 0.0476802 0 0 0.173531 0.158815 
188000 0.0146913 0.111105 0.0475299 0 0 0.173317 0.158636 
188200 0.0146624 0.11107 0.0473795 0 0 0.173103 0.158457 
188400 0.0146335 0.111035 0.0472292 0 0 0.172889 0.158278 
188600 0.0146046 0.111 0.0470789 0 0 0.172675 0.158099 
188800 0.0145758 0.110965 0.0469285 0 0 0.17246 0.157919 
189000 0.0145469 0.110931 0.0467782 0 0 0.172246 0.15774 
189200 0.014518 0.110896 0.0466278 0 0 0.172032 0.157561 
189400 0.0144892 0.110861 0.0464775 0 0 0.171818 0.157382 
189600 0.0144603 0.110826 0.0463272 0 0 0.171604 0.157202 
189800 0.0144314 0.110791 0.0461768 0 0 0.17139 0.157023 
190000 0.014403 0.110761 0.0460359 0 0 0.171191 0.156849 
190200 0.0143747 0.110731 0.0458951 0 0 0.170992 0.156675 
190400 0.0143463 0.110702 0.0457542 0 0 0.170793 0.156501 
190600 0.0143179 0.110672 0.0456133 0 0 0.170594 0.156326 
190800 0.0142895 0.110642 0.0454724 0 0 0.170395 0.156152 
191000 0.0142612 0.110612 0.0453315 0 0 0.170195 0.155978 
191200 0.0142328 0.110582 0.0451906 0 0 0.169996 0.155804 
191400 0.0142044 0.110552 0.0450498 0 0 0.169797 0.155629 
191600 0.014176 0.110522 0.0449089 0 0 0.169598 0.155455 
191800 0.0141477 0.110492 0.044768 0 0 0.169399 0.155281 
192000 0.0141193 0.110463 0.0446271 0 0 0.1692 0.155107 
192200 0.0140909 0.110433 0.0444862 0 0 0.169001 0.154932 
192400 0.0140625 0.110403 0.0443453 0 0 0.168802 0.154758 
192600 0.0140341 0.110373 0.0442045 0 0 0.168602 0.154584 
192800 0.0140058 0.110343 0.0440636 0 0 0.168403 0.15441 
193000 0.0139774 0.110313 0.0439227 0 0 0.168204 0.154235 
193200 0.013949 0.110283 0.0437818 0 0 0.168005 0.154061 
193400 0.0139206 0.110254 0.0436409 0 0 0.167806 0.153887 
193600 0.0138931 0.110224 0.0435056 0 0 0.167612 0.15372 
193800 0.0138665 0.110195 0.0433756 0 0 0.167423 0.15356 
194000 0.0138398 0.110166 0.0432457 0 0 0.167234 0.1534 
194200 0.0138132 0.110137 0.0431158 0 0 0.167045 0.15324 
194400 0.0137865 0.110108 0.0429859 0 0 0.166856 0.15308 
194600 0.0137598 0.110079 0.042856 0 0 0.166667 0.15292 
194800 0.0137332 0.11005 0.0427261 0 0 0.166478 0.15276 
195000 0.0137065 0.11002 0.0425962 0 0 0.166289 0.1526 
195200 0.0136799 0.109991 0.0424663 0 0 0.1661 0.15244 
195400 0.0136532 0.109962 0.0423364 0 0 0.16591 0.15228 
195600 0.0136265 0.109933 0.0422065 0 0 0.165721 0.15212 
195800 0.0135999 0.109904 0.0420766 0 0 0.165532 0.15196 
196000 0.0135732 0.109875 0.0419467 0 0 0.165343 0.1518 
196200 0.0135466 0.109846 0.0418168 0 0 0.165154 0.151641 
196400 0.0135199 0.109817 0.0416869 0 0 0.164965 0.151481 
196600 0.0134932 0.109788 0.041557 0 0 0.164776 0.151321 
196800 0.0134666 0.109759 0.0414271 0 0 0.164587 0.151161 
197000 0.0134399 0.10973 0.0412972 0 0 0.164398 0.151001 
197200 0.0134133 0.109701 0.0411673 0 0 0.164209 0.150841 
197400 0.0133873 0.109669 0.0410409 0 0 0.164026 0.150682 
197600 0.0133621 0.109635 0.0409181 0 0 0.163849 0.150525 
197800 0.0133368 0.109601 0.0407953 0 0 0.163671 0.150368 
198000 0.0133116 0.109567 0.0406726 0 0 0.163494 0.150212 
198200 0.0132863 0.109533 0.0405498 0 0 0.163316 0.150055 
198400 0.0132611 0.109498 0.040427 0 0 0.163139 0.149898 
198600 0.0132359 0.109464 0.0403042 0 0 0.162962 0.149741 
198800 0.0132106 0.10943 0.0401814 0 0 0.162784 0.149584 
199000 0.0131854 0.109396 0.0400586 0 0 0.162607 0.149427 
199200 0.0131601 0.109362 0.0399358 0 0 0.16243 0.14927 
199400 0.0131349 0.109328 0.039813 0 0 0.162252 0.149113 
199600 0.0131097 0.109294 0.0396902 0 0 0.162075 0.148956 
199800 0.0130844 0.10926 0.0395674 0 0 0.161898 0.148799 
200000 0.0130592 0.109226 0.0394446 0 0 0.16172 0.148643 
